Typical Measured Spectrum of Semrock Di02-R635 Optical Filter	
For wavelengths between 320 and 1120 nm, values near or below 3e-7 (Optical Density 6.5) are measurement noise limited.
For wavelengths < 320 nm and > 1120 nm, values near or below 3e-6 (Optical Density 5.5) are measurement noise limited. 
Data format:  Wavelength (nm) <tab> Transmission (0 to 1)
300.0	0.04216
300.2	0.04029
300.4	0.04118
300.6	0.04036
300.8	0.03915
301.0	0.03701
301.2	0.03605
301.4	0.03638
301.6	0.03481
301.8	0.03406
302.0	0.03083
302.2	0.0312
302.4	0.02913
302.6	0.02954
302.8	0.02937
303.0	0.02881
303.2	0.02853
303.4	0.02593
303.6	0.02484
303.8	0.02572
304.0	0.02509
304.2	0.02371
304.4	0.0212
304.6	0.02272
304.8	0.02325
305.0	0.02147
305.2	0.02014
305.4	0.02064
305.6	0.01955
305.8	0.02011
306.0	0.01988
306.2	0.02037
306.4	0.02046
306.6	0.01834
306.8	0.01829
307.0	0.01715
307.2	0.01732
307.4	0.01653
307.6	0.01631
307.8	0.01659
308.0	0.01591
308.2	0.01414
308.4	0.01516
308.6	0.01487
308.8	0.01481
309.0	0.01568
309.2	0.01517
309.4	0.01556
309.6	0.01536
309.8	0.01429
310.0	0.01585
310.2	0.01728
310.4	0.01501
310.6	0.01592
310.8	0.01589
311.0	0.01627
311.2	0.01627
311.4	0.01564
311.6	0.01342
311.8	0.01484
312.0	0.01385
312.2	0.01347
312.4	0.01183
312.6	0.01146
312.8	0.01092
313.0	0.01071
313.2	0.01075
313.4	0.01014
313.6	0.01091
313.8	0.01088
314.0	0.0111
314.2	0.00995
314.4	0.01063
314.6	0.01095
314.8	0.01092
315.0	0.00978
315.2	0.00973
315.4	0.00956
315.6	0.01038
315.8	0.00949
316.0	0.00928
316.2	0.00937
316.4	0.00933
316.6	0.00901
316.8	0.00949
317.0	0.00879
317.2	0.00965
317.4	0.0087
317.6	0.00832
317.8	0.00813
318.0	0.00888
318.2	0.00784
318.4	0.00811
318.6	0.00846
318.8	0.00733
319.0	0.007
319.2	0.00773
319.4	0.00765
319.6	0.00747
319.8	0.00719
320.0	0.00696
320.2	0.00657
320.4	0.00645
320.6	0.00668
320.8	0.00613
321.0	0.00663
321.2	0.00619
321.4	0.007
321.6	0.00644
321.8	0.00645
322.0	0.00664
322.2	0.00701
322.4	0.00664
322.6	0.00674
322.8	0.00699
323.0	0.00697
323.2	0.00676
323.4	0.00722
323.6	0.00683
323.8	0.00617
324.0	0.0063
324.2	0.0061
324.4	0.00496
324.6	0.00506
324.8	0.00531
325.0	0.00434
325.2	0.00454
325.4	0.00432
325.6	0.00416
325.8	0.0052
326.0	0.00464
326.2	0.00428
326.4	0.00412
326.6	0.00407
326.8	0.00447
327.0	0.00396
327.2	0.00442
327.4	0.00435
327.6	0.00397
327.8	0.00423
328.0	0.0039
328.2	0.00399
328.4	0.00398
328.6	0.00355
328.8	0.00379
329.0	0.00308
329.2	0.00334
329.4	0.00357
329.6	0.00312
329.8	0.00328
330.0	0.003
330.2	0.003
330.4	0.00334
330.6	0.00299
330.8	0.00295
331.0	0.00323
331.2	0.00302
331.4	0.0031
331.6	0.00286
331.8	0.00287
332.0	0.00262
332.2	0.0028
332.4	0.00294
332.6	0.00281
332.8	0.00294
333.0	0.00243
333.2	0.00253
333.4	0.00233
333.6	0.00262
333.8	0.00267
334.0	0.00262
334.2	0.00271
334.4	0.0025
334.6	0.00249
334.8	0.00207
335.0	0.00245
335.2	0.00222
335.4	0.00244
335.6	0.00239
335.8	0.0018
336.0	0.00236
336.2	0.0023
336.4	0.00177
336.6	0.00216
336.8	0.00238
337.0	0.00235
337.2	0.00221
337.4	0.0019
337.6	0.00259
337.8	0.00212
338.0	0.00252
338.2	0.0025
338.4	0.00258
338.6	0.00244
338.8	0.0021
339.0	0.00208
339.2	0.00229
339.4	0.00264
339.6	0.00234
339.8	0.00233
340.0	0.00244
340.2	0.00268
340.4	0.00308
340.6	0.0032
340.8	0.00334
341.0	0.00374
341.2	0.00381
341.4	0.00422
341.6	0.00424
341.8	0.00423
342.0	0.00517
342.2	0.005
342.4	0.0054
342.6	0.00489
342.8	0.00554
343.0	0.00562
343.2	0.00553
343.4	0.00526
343.6	0.00512
343.8	0.00465
344.0	0.00406
344.2	0.0032
344.4	0.00315
344.6	0.00276
344.8	0.00236
345.0	0.00247
345.2	0.00203
345.4	0.00251
345.6	0.00214
345.8	0.00212
346.0	0.00158
346.2	0.00151
346.4	0.0016
346.6	0.00129
346.8	0.00104
347.0	0.00137
347.2	0.00144
347.4	0.00169
347.6	0.00141
347.8	0.00138
348.0	0.00117
348.2	0.00107
348.4	0.00182
348.6	0.00148
348.8	0.0017
349.0	0.0013
349.2	0.00127
349.4	9.2567e-04
349.6	0.00172
349.8	0.00125
350.0	0.00146
350.2	0.00127
350.4	0.00133
350.6	0.00136
350.8	0.00114
351.0	0.00109
351.2	0.0011
351.4	0.00109
351.6	0.00137
351.8	0.00136
352.0	0.00117
352.2	0.00136
352.4	0.00172
352.6	0.00141
352.8	0.00144
353.0	0.00124
353.2	0.00149
353.4	0.00129
353.6	0.00164
353.8	0.00164
354.0	0.00165
354.2	0.00184
354.4	0.00206
354.6	0.00257
354.8	0.00217
355.0	0.00205
355.2	0.00299
355.4	0.00309
355.6	0.00378
355.8	0.00435
356.0	0.00487
356.2	0.00468
356.4	0.00517
356.6	0.00507
356.8	0.00503
357.0	0.00493
357.2	0.00502
357.4	0.0046
357.6	0.00386
357.8	0.00338
358.0	0.00288
358.2	0.00283
358.4	0.00235
358.6	0.00276
358.8	0.00258
359.0	0.00205
359.2	0.0016
359.4	0.00156
359.6	0.00119
359.8	0.00111
360.0	8.7058e-04
360.2	0.00129
360.4	0.00132
360.6	0.00165
360.8	0.00234
361.0	0.00345
361.2	0.00383
361.4	0.00426
361.6	0.00414
361.8	0.00387
362.0	0.00339
362.2	0.0025
362.4	0.00245
362.6	0.003
362.8	0.00403
363.0	0.00505
363.2	0.00495
363.4	0.0053
363.6	0.00501
363.8	0.00458
364.0	0.00392
364.2	0.0045
364.4	0.00473
364.6	0.00634
364.8	0.00721
365.0	0.00687
365.2	0.00644
365.4	0.00563
365.6	0.00417
365.8	0.00399
366.0	0.0041
366.2	0.00509
366.4	0.00561
366.6	0.00708
366.8	0.00669
367.0	0.00646
367.2	0.0054
367.4	0.00476
367.6	0.00382
367.8	0.00395
368.0	0.00454
368.2	0.00577
368.4	0.00707
368.6	0.008
368.8	0.00791
369.0	0.0072
369.2	0.006
369.4	0.0047
369.6	0.004
369.8	0.00389
370.0	0.00529
370.2	0.00733
370.4	0.00967
370.6	0.01168
370.8	0.01271
371.0	0.01232
371.2	0.01062
371.4	0.00918
371.6	0.00807
371.8	0.00839
372.0	0.01022
372.2	0.01167
372.4	0.01324
372.6	0.01393
372.8	0.01311
373.0	0.01195
373.2	0.01042
373.4	0.0094
373.6	0.00875
373.8	0.0087
374.0	0.00866
374.2	0.00812
374.4	0.00761
374.6	0.00643
374.8	0.00556
375.0	0.00507
375.2	0.00531
375.4	0.00626
375.6	0.00713
375.8	0.00788
376.0	0.0085
376.2	0.00764
376.4	0.00609
376.6	0.00465
376.8	0.00347
377.0	0.00282
377.2	0.00293
377.4	0.00357
377.6	0.0042
377.8	0.00491
378.0	0.00529
378.2	0.00506
378.4	0.00388
378.6	0.00264
378.8	0.00174
379.0	0.00125
379.2	9.7649e-04
379.4	0.00101
379.6	0.00105
379.8	0.00165
380.0	0.00251
380.2	0.00353
380.4	0.00448
380.6	0.00482
380.8	0.00437
381.0	0.00332
381.2	0.00199
381.4	0.00123
381.6	9.0472e-04
381.8	7.5962e-04
382.0	9.4076e-04
382.2	9.3243e-04
382.4	0.00131
382.6	0.00186
382.8	0.00282
383.0	0.00379
383.2	0.00421
383.4	0.0041
383.6	0.00345
383.8	0.00272
384.0	0.00183
384.2	0.00137
384.4	0.00127
384.6	0.00114
384.8	0.00126
385.0	0.0017
385.2	0.00211
385.4	0.00275
385.6	0.00307
385.8	0.00349
386.0	0.00326
386.2	0.00275
386.4	0.00241
386.6	0.00206
386.8	0.00206
387.0	0.0022
387.2	0.0028
387.4	0.00375
387.6	0.00468
387.8	0.00515
388.0	0.00504
388.2	0.00457
388.4	0.00384
388.6	0.00305
388.8	0.00243
389.0	0.00225
389.2	0.00251
389.4	0.00318
389.6	0.0049
389.8	0.00761
390.0	0.01018
390.2	0.01193
390.4	0.01261
390.6	0.01218
390.8	0.01028
391.0	0.00778
391.2	0.00583
391.4	0.00461
391.6	0.00473
391.8	0.00592
392.0	0.00787
392.2	0.01111
392.4	0.01369
392.6	0.01596
392.8	0.01666
393.0	0.01646
393.2	0.0146
393.4	0.01188
393.6	0.01013
393.8	0.0092
394.0	0.0099
394.2	0.01001
394.4	0.01076
394.6	0.011
394.8	0.01088
395.0	0.01078
395.2	0.00916
395.4	0.00814
395.6	0.00711
395.8	0.00689
396.0	0.00665
396.2	0.00677
396.4	0.00748
396.6	0.00707
396.8	0.00695
397.0	0.00635
397.2	0.00533
397.4	0.00453
397.6	0.00366
397.8	0.003
398.0	0.00264
398.2	0.00254
398.4	0.00295
398.6	0.00344
398.8	0.00454
399.0	0.00493
399.2	0.00527
399.4	0.00534
399.6	0.00457
399.8	0.00338
400.0	0.00224
400.2	0.00146
400.4	0.00143
400.6	9.2807e-04
400.8	9.3746e-04
401.0	7.9222e-04
401.2	8.2898e-04
401.4	0.00119
401.6	9.5655e-04
401.8	0.00139
402.0	0.0015
402.2	0.00202
402.4	0.00269
402.6	0.00285
402.8	0.00303
403.0	0.0031
403.2	0.00248
403.4	0.00198
403.6	0.00208
403.8	0.00157
404.0	0.0013
404.2	0.00137
404.4	0.00149
404.6	0.00146
404.8	0.00167
405.0	0.00239
405.2	0.00234
405.4	0.00264
405.6	0.00287
405.8	0.00257
406.0	0.00268
406.2	0.00227
406.4	0.00217
406.6	0.00192
406.8	0.00196
407.0	0.00203
407.2	0.00243
407.4	0.00266
407.6	0.0036
407.8	0.00395
408.0	0.00476
408.2	0.00438
408.4	0.00421
408.6	0.00359
408.8	0.00248
409.0	0.00208
409.2	0.00173
409.4	0.00139
409.6	0.00128
409.8	0.00121
410.0	0.00118
410.2	0.00172
410.4	0.0015
410.6	0.00174
410.8	0.0023
411.0	0.00293
411.2	0.00405
411.4	0.00443
411.6	0.00458
411.8	0.00422
412.0	0.00362
412.2	0.00307
412.4	0.00263
412.6	0.00197
412.8	0.00154
413.0	0.00173
413.2	0.00152
413.4	0.00133
413.6	0.00152
413.8	0.00176
414.0	0.00156
414.2	0.00219
414.4	0.00257
414.6	0.00231
414.8	0.00282
415.0	0.0028
415.2	0.00302
415.4	0.00301
415.6	0.00324
415.8	0.00314
416.0	0.00315
416.2	0.00348
416.4	0.004
416.6	0.00413
416.8	0.00474
417.0	0.00496
417.2	0.00525
417.4	0.00536
417.6	0.00495
417.8	0.00423
418.0	0.00391
418.2	0.00329
418.4	0.00303
418.6	0.00266
418.8	0.00223
419.0	0.00242
419.2	0.00267
419.4	0.00301
419.6	0.00381
419.8	0.0053
420.0	0.0081
420.2	0.01112
420.4	0.0136
420.6	0.01503
420.8	0.01571
421.0	0.01442
421.2	0.01217
421.4	0.00942
421.6	0.00697
421.8	0.00502
422.0	0.00414
422.2	0.00372
422.4	0.0038
422.6	0.00385
422.8	0.00456
423.0	0.00592
423.2	0.00797
423.4	0.01049
423.6	0.01265
423.8	0.01386
424.0	0.01392
424.2	0.01328
424.4	0.01162
424.6	0.00934
424.8	0.007
425.0	0.00567
425.2	0.00464
425.4	0.0043
425.6	0.00449
425.8	0.00478
426.0	0.0056
426.2	0.00704
426.4	0.0086
426.6	0.01015
426.8	0.01138
427.0	0.01178
427.2	0.01143
427.4	0.0097
427.6	0.00809
427.8	0.00637
428.0	0.00513
428.2	0.00423
428.4	0.00378
428.6	0.00351
428.8	0.00366
429.0	0.00419
429.2	0.00466
429.4	0.00579
429.6	0.00759
429.8	0.01012
430.0	0.01286
430.2	0.01541
430.4	0.01661
430.6	0.01706
430.8	0.01617
431.0	0.01459
431.2	0.01239
431.4	0.01041
431.6	0.00894
431.8	0.00802
432.0	0.00793
432.2	0.00843
432.4	0.00932
432.6	0.01046
432.8	0.01214
433.0	0.01379
433.2	0.01494
433.4	0.01555
433.6	0.01539
433.8	0.01486
434.0	0.01337
434.2	0.0119
434.4	0.01031
434.6	0.0092
434.8	0.00855
435.0	0.00836
435.2	0.0083
435.4	0.00871
435.6	0.00901
435.8	0.00906
436.0	0.00904
436.2	0.00833
436.4	0.00759
436.6	0.00648
436.8	0.00538
437.0	0.00442
437.2	0.00377
437.4	0.0031
437.6	0.00269
437.8	0.00247
438.0	0.00227
438.2	0.00251
438.4	0.00247
438.6	0.00281
438.8	0.00336
439.0	0.00424
439.2	0.00532
439.4	0.00655
439.6	0.00743
439.8	0.00801
440.0	0.00753
440.2	0.00654
440.4	0.00521
440.6	0.00405
440.8	0.00289
441.0	0.00208
441.2	0.00166
441.4	0.00134
441.6	0.00117
441.8	9.7393e-04
442.0	9.5107e-04
442.2	9.6786e-04
442.4	0.00107
442.6	0.00106
442.8	0.00116
443.0	0.00122
443.2	0.00129
443.4	0.00159
443.6	0.00211
443.8	0.00277
444.0	0.00378
444.2	0.00518
444.4	0.00667
444.6	0.00765
444.8	0.00767
445.0	0.00713
445.2	0.00614
445.4	0.00491
445.6	0.0037
445.8	0.00286
446.0	0.00229
446.2	0.00201
446.4	0.00178
446.6	0.00163
446.8	0.00161
447.0	0.00154
447.2	0.00163
447.4	0.00173
447.6	0.00195
447.8	0.00241
448.0	0.00305
448.2	0.00392
448.4	0.00524
448.6	0.0068
448.8	0.00834
449.0	0.0094
449.2	0.00991
449.4	0.00975
449.6	0.009
449.8	0.00777
450.0	0.00658
450.2	0.00529
450.4	0.00452
450.6	0.00389
450.8	0.00375
451.0	0.00362
451.2	0.00386
451.4	0.00425
451.6	0.00514
451.8	0.00646
452.0	0.00815
452.2	0.0098
452.4	0.01132
452.6	0.01248
452.8	0.01268
453.0	0.01234
453.2	0.01113
453.4	0.00963
453.6	0.00768
453.8	0.00605
454.0	0.00474
454.2	0.00396
454.4	0.00355
454.6	0.00317
454.8	0.00329
455.0	0.00349
455.2	0.00378
455.4	0.00457
455.6	0.00557
455.8	0.00665
456.0	0.00785
456.2	0.00861
456.4	0.00886
456.6	0.00856
456.8	0.00764
457.0	0.00641
457.2	0.00496
457.4	0.00348
457.6	0.00263
457.8	0.00209
458.0	0.00172
458.2	0.00141
458.4	0.00123
458.6	0.00116
458.8	0.00111
459.0	0.00117
459.2	0.00106
459.4	0.00118
459.6	0.00127
459.8	0.00147
460.0	0.00176
460.2	0.00204
460.4	0.00234
460.6	0.0028
460.8	0.00313
461.0	0.00324
461.2	0.00322
461.4	0.00306
461.6	0.00278
461.8	0.0023
462.0	0.00188
462.2	0.00146
462.4	0.00117
462.6	0.00109
462.8	9.3606e-04
463.0	7.571e-04
463.2	7.4718e-04
463.4	7.7661e-04
463.6	7.2361e-04
463.8	6.8641e-04
464.0	6.7527e-04
464.2	7.437e-04
464.4	8.6463e-04
464.6	8.8034e-04
464.8	0.00105
465.0	0.00119
465.2	0.00134
465.4	0.00149
465.6	0.00163
465.8	0.00174
466.0	0.0018
466.2	0.00182
466.4	0.00168
466.6	0.00157
466.8	0.00144
467.0	0.00132
467.2	0.00117
467.4	9.165e-04
467.6	8.8418e-04
467.8	8.7364e-04
468.0	9.1418e-04
468.2	9.2419e-04
468.4	0.001
468.6	0.00115
468.8	0.00111
469.0	0.00121
469.2	0.00129
469.4	0.00156
469.6	0.00165
469.8	0.00188
470.0	0.00219
470.2	0.0024
470.4	0.00242
470.6	0.00274
470.8	0.00277
471.0	0.0026
471.2	0.00252
471.4	0.00237
471.6	0.00209
471.8	0.00198
472.0	0.00183
472.2	0.00158
472.4	0.00161
472.6	0.00148
472.8	0.00149
473.0	0.00145
473.2	0.00153
473.4	0.00155
473.6	0.00155
473.8	0.00156
474.0	0.00176
474.2	0.00171
474.4	0.00204
474.6	0.00237
474.8	0.00279
475.0	0.00336
475.2	0.00423
475.4	0.00494
475.6	0.00567
475.8	0.00619
476.0	0.00676
476.2	0.00688
476.4	0.0068
476.6	0.0065
476.8	0.00605
477.0	0.00555
477.2	0.00521
477.4	0.00487
477.6	0.00466
477.8	0.00458
478.0	0.00471
478.2	0.0048
478.4	0.00517
478.6	0.00585
478.8	0.00667
479.0	0.00833
479.2	0.00977
479.4	0.01174
479.6	0.01357
479.8	0.01529
480.0	0.01644
480.2	0.01694
480.4	0.01678
480.6	0.01587
480.8	0.01462
481.0	0.01299
481.2	0.01122
481.4	0.00978
481.6	0.00832
481.8	0.00745
482.0	0.00688
482.2	0.00659
482.4	0.00627
482.6	0.0063
482.8	0.0066
483.0	0.00701
483.2	0.00759
483.4	0.00862
483.6	0.0098
483.8	0.01082
484.0	0.01239
484.2	0.01394
484.4	0.01511
484.6	0.01601
484.8	0.01647
485.0	0.0163
485.2	0.01587
485.4	0.01487
485.6	0.01362
485.8	0.01235
486.0	0.01106
486.2	0.01012
486.4	0.00915
486.6	0.00858
486.8	0.00815
487.0	0.00771
487.2	0.00771
487.4	0.00755
487.6	0.00771
487.8	0.00793
488.0	0.00829
488.2	0.00883
488.4	0.00951
488.6	0.01019
488.8	0.01112
489.0	0.01209
489.2	0.01326
489.4	0.01455
489.6	0.01567
489.8	0.01701
490.0	0.01805
490.2	0.01907
490.4	0.01983
490.6	0.02039
490.8	0.02068
491.0	0.02086
491.2	0.02072
491.4	0.02054
491.6	0.0201
491.8	0.01961
492.0	0.01907
492.2	0.01875
492.4	0.01821
492.6	0.01789
492.8	0.01751
493.0	0.01705
493.2	0.01678
493.4	0.01639
493.6	0.01617
493.8	0.01581
494.0	0.01548
494.2	0.01509
494.4	0.01464
494.6	0.01416
494.8	0.01375
495.0	0.01331
495.2	0.01253
495.4	0.0121
495.6	0.01155
495.8	0.011
496.0	0.01037
496.2	0.00992
496.4	0.00953
496.6	0.00918
496.8	0.00876
497.0	0.0085
497.2	0.00831
497.4	0.00822
497.6	0.00815
497.8	0.00825
498.0	0.0084
498.2	0.00869
498.4	0.00913
498.6	0.00959
498.8	0.01028
499.0	0.01112
499.2	0.01214
499.4	0.01309
499.6	0.01424
499.8	0.01523
500.0	0.01633
500.2	0.01705
500.4	0.01754
500.6	0.01782
500.8	0.01757
501.0	0.01692
501.2	0.0161
501.4	0.0152
501.6	0.01421
501.8	0.01323
502.0	0.01237
502.2	0.01162
502.4	0.01099
502.6	0.01054
502.8	0.01033
503.0	0.01015
503.2	0.01029
503.4	0.01046
503.6	0.01094
503.8	0.01153
504.0	0.01222
504.2	0.01319
504.4	0.01439
504.6	0.01559
504.8	0.01696
505.0	0.01852
505.2	0.01981
505.4	0.02095
505.6	0.02202
505.8	0.02259
506.0	0.023
506.2	0.02275
506.4	0.02239
506.6	0.02176
506.8	0.02112
507.0	0.02026
507.2	0.01941
507.4	0.01865
507.6	0.01808
507.8	0.01764
508.0	0.01726
508.2	0.017
508.4	0.01666
508.6	0.01664
508.8	0.01643
509.0	0.01631
509.2	0.01607
509.4	0.01565
509.6	0.01517
509.8	0.01456
510.0	0.01391
510.2	0.01315
510.4	0.01249
510.6	0.01175
510.8	0.01101
511.0	0.0104
511.2	0.00981
511.4	0.0093
511.6	0.00902
511.8	0.00875
512.0	0.00861
512.2	0.00861
512.4	0.00877
512.6	0.00907
512.8	0.00938
513.0	0.00987
513.2	0.01059
513.4	0.01133
513.6	0.01231
513.8	0.01324
514.0	0.01403
514.2	0.01474
514.4	0.01521
514.6	0.01532
514.8	0.01507
515.0	0.01456
515.2	0.01358
515.4	0.01244
515.6	0.01129
515.8	0.01002
516.0	0.00883
516.2	0.00786
516.4	0.00695
516.6	0.00622
516.8	0.00561
517.0	0.00514
517.2	0.00471
517.4	0.00437
517.6	0.00408
517.8	0.00394
518.0	0.00382
518.2	0.00365
518.4	0.00356
518.6	0.00353
518.8	0.00349
519.0	0.00343
519.2	0.00356
519.4	0.00353
519.6	0.0037
519.8	0.00381
520.0	0.00402
520.2	0.00425
520.4	0.00454
520.6	0.00485
520.8	0.00534
521.0	0.00583
521.2	0.00643
521.4	0.00718
521.6	0.00787
521.8	0.00858
522.0	0.0093
522.2	0.00979
522.4	0.00998
522.6	0.01003
522.8	0.00948
523.0	0.00874
523.2	0.00785
523.4	0.0068
523.6	0.00575
523.8	0.00482
524.0	0.00403
524.2	0.00336
524.4	0.00286
524.6	0.0024
524.8	0.00203
525.0	0.00177
525.2	0.0016
525.4	0.00145
525.6	0.00129
525.8	0.0012
526.0	0.00111
526.2	0.00105
526.4	0.001
526.6	0.00101
526.8	9.1312e-04
527.0	9.1717e-04
527.2	9.8583e-04
527.4	0.001
527.6	9.6302e-04
527.8	9.9742e-04
528.0	0.00111
528.2	0.0011
528.4	0.00117
528.6	0.00118
528.8	0.00129
529.0	0.00141
529.2	0.00144
529.4	0.00152
529.6	0.00155
529.8	0.00155
530.0	0.00163
530.2	0.00156
530.4	0.00158
530.6	0.00151
530.8	0.00141
531.0	0.00129
531.2	0.00129
531.4	0.00108
531.6	0.00109
531.8	0.00102
532.0	9.775e-04
532.2	8.8092e-04
532.4	8.7185e-04
532.6	8.5261e-04
532.8	8.5748e-04
533.0	7.9238e-04
533.2	7.4115e-04
533.4	7.6806e-04
533.6	7.775e-04
533.8	7.8835e-04
534.0	8.1893e-04
534.2	9.0534e-04
534.4	8.946e-04
534.6	9.3405e-04
534.8	0.00108
535.0	0.00113
535.2	0.00128
535.4	0.00138
535.6	0.00151
535.8	0.00163
536.0	0.00177
536.2	0.00178
536.4	0.00189
536.6	0.0019
536.8	0.0019
537.0	0.00187
537.2	0.0018
537.4	0.00168
537.6	0.00163
537.8	0.00148
538.0	0.00141
538.2	0.00125
538.4	0.0012
538.6	0.00111
538.8	0.00109
539.0	0.00101
539.2	0.00101
539.4	9.2139e-04
539.6	8.8093e-04
539.8	9.0319e-04
540.0	9.152e-04
540.2	9.4274e-04
540.4	9.8929e-04
540.6	9.9819e-04
540.8	0.00101
541.0	0.00106
541.2	0.00117
541.4	0.00129
541.6	0.00132
541.8	0.00153
542.0	0.00175
542.2	0.00193
542.4	0.00231
542.6	0.0027
542.8	0.00325
543.0	0.00406
543.2	0.0052
543.4	0.00655
543.6	0.00826
543.8	0.01047
544.0	0.01311
544.2	0.01636
544.4	0.01993
544.6	0.02374
544.8	0.02726
545.0	0.0301
545.2	0.03201
545.4	0.03274
545.6	0.03233
545.8	0.03086
546.0	0.02866
546.2	0.02581
546.4	0.02285
546.6	0.0198
546.8	0.01712
547.0	0.0147
547.2	0.01254
547.4	0.01074
547.6	0.00916
547.8	0.00789
548.0	0.0068
548.2	0.00584
548.4	0.00502
548.6	0.00441
548.8	0.00387
549.0	0.00343
549.2	0.00306
549.4	0.00275
549.6	0.00254
549.8	0.00233
550.0	0.00216
550.2	0.00205
550.4	0.00198
550.6	0.00186
550.8	0.00183
551.0	0.00177
551.2	0.00182
551.4	0.00179
551.6	0.00183
551.8	0.00193
552.0	0.00201
552.2	0.0021
552.4	0.00223
552.6	0.00234
552.8	0.00257
553.0	0.00282
553.2	0.00299
553.4	0.00318
553.6	0.00346
553.8	0.00367
554.0	0.00387
554.2	0.00389
554.4	0.00389
554.6	0.00386
554.8	0.00366
555.0	0.0035
555.2	0.00325
555.4	0.00299
555.6	0.00275
555.8	0.00249
556.0	0.00229
556.2	0.00208
556.4	0.00189
556.6	0.00176
556.8	0.00161
557.0	0.00155
557.2	0.00144
557.4	0.00139
557.6	0.00133
557.8	0.00132
558.0	0.0013
558.2	0.00129
558.4	0.00128
558.6	0.00134
558.8	0.00141
559.0	0.00135
559.2	0.00139
559.4	0.00154
559.6	0.00162
559.8	0.00173
560.0	0.00185
560.2	0.00204
560.4	0.00226
560.6	0.00251
560.8	0.0028
561.0	0.00302
561.2	0.00326
561.4	0.0035
561.6	0.00382
561.8	0.00397
562.0	0.00418
562.2	0.00424
562.4	0.00434
562.6	0.00438
562.8	0.00433
563.0	0.00428
563.2	0.00415
563.4	0.00405
563.6	0.0039
563.8	0.00384
564.0	0.00376
564.2	0.00375
564.4	0.00371
564.6	0.0037
564.8	0.00373
565.0	0.00379
565.2	0.00387
565.4	0.00398
565.6	0.0041
565.8	0.00424
566.0	0.00442
566.2	0.0047
566.4	0.00495
566.6	0.00526
566.8	0.00565
567.0	0.00611
567.2	0.00659
567.4	0.00719
567.6	0.00785
567.8	0.00861
568.0	0.00947
568.2	0.01038
568.4	0.01144
568.6	0.01263
568.8	0.01385
569.0	0.01514
569.2	0.01638
569.4	0.01757
569.6	0.01892
569.8	0.02002
570.0	0.02097
570.2	0.02188
570.4	0.02257
570.6	0.02307
570.8	0.02327
571.0	0.02332
571.2	0.02306
571.4	0.02278
571.6	0.02235
571.8	0.02167
572.0	0.02091
572.2	0.02007
572.4	0.01924
572.6	0.01843
572.8	0.01749
573.0	0.01665
573.2	0.01583
573.4	0.0151
573.6	0.01438
573.8	0.01379
574.0	0.01306
574.2	0.0125
574.4	0.01204
574.6	0.01165
574.8	0.01128
575.0	0.01102
575.2	0.01075
575.4	0.01059
575.6	0.01042
575.8	0.01036
576.0	0.0104
576.2	0.01044
576.4	0.01059
576.6	0.01072
576.8	0.01085
577.0	0.01118
577.2	0.01147
577.4	0.01185
577.6	0.01214
577.8	0.01245
578.0	0.01273
578.2	0.01293
578.4	0.01315
578.6	0.01326
578.8	0.01326
579.0	0.01316
579.2	0.01287
579.4	0.0126
579.6	0.01228
579.8	0.01188
580.0	0.01133
580.2	0.0108
580.4	0.01023
580.6	0.00971
580.8	0.00919
581.0	0.00872
581.2	0.00828
581.4	0.0079
581.6	0.00764
581.8	0.0074
582.0	0.00712
582.2	0.00694
582.4	0.0068
582.6	0.0067
582.8	0.00671
583.0	0.00664
583.2	0.00661
583.4	0.00674
583.6	0.00691
583.8	0.00703
584.0	0.00722
584.2	0.00746
584.4	0.00777
584.6	0.00797
584.8	0.00838
585.0	0.00881
585.2	0.00923
585.4	0.00972
585.6	0.0103
585.8	0.01089
586.0	0.01159
586.2	0.01232
586.4	0.01314
586.6	0.01414
586.8	0.01506
587.0	0.01604
587.2	0.01712
587.4	0.01815
587.6	0.01921
587.8	0.02017
588.0	0.02109
588.2	0.02195
588.4	0.02269
588.6	0.02328
588.8	0.02381
589.0	0.02414
589.2	0.02423
589.4	0.02415
589.6	0.02399
589.8	0.02369
590.0	0.02329
590.2	0.02286
590.4	0.02232
590.6	0.02191
590.8	0.02136
591.0	0.02089
591.2	0.0203
591.4	0.0197
591.6	0.01918
591.8	0.01866
592.0	0.01818
592.2	0.01777
592.4	0.01731
592.6	0.01693
592.8	0.01656
593.0	0.01621
593.2	0.01588
593.4	0.01566
593.6	0.01523
593.8	0.01497
594.0	0.01469
594.2	0.01447
594.4	0.01428
594.6	0.0141
594.8	0.01386
595.0	0.01362
595.2	0.01344
595.4	0.01323
595.6	0.01305
595.8	0.01274
596.0	0.01248
596.2	0.01222
596.4	0.01202
596.6	0.01172
596.8	0.0114
597.0	0.01109
597.2	0.01076
597.4	0.01041
597.6	0.0101
597.8	0.00979
598.0	0.00946
598.2	0.00924
598.4	0.00887
598.6	0.00859
598.8	0.00842
599.0	0.00821
599.2	0.00807
599.4	0.00787
599.6	0.00771
599.8	0.00765
600.0	0.00758
600.2	0.00748
600.4	0.00751
600.6	0.00741
600.8	0.00735
601.0	0.00741
601.2	0.00741
601.4	0.00744
601.6	0.0075
601.8	0.00758
602.0	0.0077
602.2	0.00784
602.4	0.00799
602.6	0.00815
602.8	0.00837
603.0	0.00858
603.2	0.00885
603.4	0.00907
603.6	0.0093
603.8	0.00955
604.0	0.00968
604.2	0.00987
604.4	0.0099
604.6	0.00986
604.8	0.00974
605.0	0.00945
605.2	0.00908
605.4	0.00869
605.6	0.00821
605.8	0.00778
606.0	0.00719
606.2	0.00664
606.4	0.00608
606.6	0.00566
606.8	0.00515
607.0	0.00478
607.2	0.00438
607.4	0.004
607.6	0.00374
607.8	0.00347
608.0	0.00369
608.2	0.0039
608.4	0.00371
608.6	0.00358
608.8	0.00349
609.0	0.00337
609.2	0.00328
609.4	0.00325
609.6	0.00319
609.8	0.00321
610.0	0.00315
610.2	0.00316
610.4	0.00317
610.6	0.00319
610.8	0.0033
611.0	0.00341
611.2	0.00345
611.4	0.00357
611.6	0.0037
611.8	0.00386
612.0	0.00406
612.2	0.00429
612.4	0.00462
612.6	0.005
612.8	0.00537
613.0	0.00583
613.2	0.00638
613.4	0.00689
613.6	0.00753
613.8	0.0082
614.0	0.00888
614.2	0.00946
614.4	0.00996
614.6	0.01039
614.8	0.01061
615.0	0.0107
615.2	0.01072
615.4	0.01054
615.6	0.01018
615.8	0.00982
616.0	0.00924
616.2	0.00875
616.4	0.00814
616.6	0.00762
616.8	0.0071
617.0	0.00663
617.2	0.00628
617.4	0.00597
617.6	0.00568
617.8	0.00544
618.0	0.00522
618.2	0.00511
618.4	0.00503
618.6	0.00499
618.8	0.00492
619.0	0.00491
619.2	0.00496
619.4	0.00507
619.6	0.00515
619.8	0.00536
620.0	0.00559
620.2	0.00594
620.4	0.00628
620.6	0.0067
620.8	0.00727
621.0	0.00795
621.2	0.0087
621.4	0.00965
621.6	0.01068
621.8	0.01181
622.0	0.01307
622.2	0.01429
622.4	0.01528
622.6	0.01604
622.8	0.01658
623.0	0.01685
623.2	0.01666
623.4	0.01612
623.6	0.01527
623.8	0.01409
624.0	0.01292
624.2	0.01166
624.4	0.01039
624.6	0.00924
624.8	0.00816
625.0	0.00724
625.2	0.00655
625.4	0.0059
625.6	0.0054
625.8	0.00498
626.0	0.00458
626.2	0.00433
626.4	0.00408
626.6	0.00387
626.8	0.00374
627.0	0.0036
627.2	0.00347
627.4	0.00346
627.6	0.00335
627.8	0.00335
628.0	0.0033
628.2	0.00326
628.4	0.00329
628.6	0.00334
628.8	0.00334
629.0	0.0034
629.2	0.00349
629.4	0.00355
629.6	0.00364
629.8	0.00379
630.0	0.00386
630.2	0.00409
630.4	0.0042
630.6	0.00439
630.8	0.00464
631.0	0.00487
631.2	0.00509
631.4	0.00536
631.6	0.00559
631.8	0.00579
632.0	0.00602
632.2	0.00626
632.4	0.00639
632.6	0.00656
632.8	0.00674
633.0	0.00688
633.2	0.00693
633.4	0.00707
633.6	0.00708
633.8	0.00709
634.0	0.00702
634.2	0.00699
634.4	0.00689
634.6	0.00675
634.8	0.00662
635.0	0.00644
635.2	0.00629
635.4	0.0061
635.6	0.00592
635.8	0.00568
636.0	0.00546
636.2	0.00529
636.4	0.00506
636.6	0.00487
636.8	0.00473
637.0	0.00452
637.2	0.00439
637.4	0.00428
637.6	0.00416
637.8	0.00404
638.0	0.00401
638.2	0.00393
638.4	0.00385
638.6	0.00382
638.8	0.00378
639.0	0.00383
639.2	0.00382
639.4	0.0038
639.6	0.00374
639.8	0.00383
640.0	0.00385
640.2	0.0039
640.4	0.00394
640.6	0.004
640.8	0.00406
641.0	0.00416
641.2	0.00427
641.4	0.00439
641.6	0.00452
641.8	0.00466
642.0	0.00484
642.2	0.00498
642.4	0.0052
642.6	0.00538
642.8	0.00561
643.0	0.0059
643.2	0.00622
643.4	0.00652
643.6	0.00685
643.8	0.00725
644.0	0.00769
644.2	0.00818
644.4	0.00863
644.6	0.00916
644.8	0.00977
645.0	0.01046
645.2	0.01109
645.4	0.01191
645.6	0.01276
645.8	0.01374
646.0	0.01473
646.2	0.01573
646.4	0.01676
646.6	0.01798
646.8	0.01926
647.0	0.02074
647.2	0.02229
647.4	0.02383
647.6	0.02545
647.8	0.02738
648.0	0.0292
648.2	0.03136
648.4	0.03351
648.6	0.03581
648.8	0.03841
649.0	0.04104
649.2	0.04399
649.4	0.04702
649.6	0.05047
649.8	0.05421
650.0	0.05835
650.2	0.06251
650.4	0.06741
650.6	0.07275
650.8	0.07845
651.0	0.08449
651.2	0.09113
651.4	0.09846
651.6	0.10677
651.8	0.11629
652.0	0.12765
652.2	0.1388
652.4	0.15125
652.6	0.16501
652.8	0.18086
653.0	0.19802
653.2	0.218
653.4	0.23931
653.6	0.26316
653.8	0.28829
654.0	0.31532
654.2	0.34598
654.4	0.38006
654.6	0.41706
654.8	0.45612
655.0	0.49765
655.2	0.54149
655.4	0.58759
655.6	0.63532
655.8	0.68302
656.0	0.73165
656.2	0.77437
656.4	0.81399
656.6	0.84831
656.8	0.87762
657.0	0.90186
657.2	0.92341
657.4	0.93505
657.6	0.94084
657.8	0.94541
658.0	0.94843
658.2	0.94847
658.4	0.94849
658.6	0.94847
658.8	0.94895
659.0	0.94986
659.2	0.95099
659.4	0.95232
659.6	0.95065
659.8	0.95137
660.0	0.95507
660.2	0.95341
660.4	0.95408
660.6	0.95908
660.8	0.96215
661.0	0.96202
661.2	0.96421
661.4	0.96632
661.6	0.96768
661.8	0.96834
662.0	0.96926
662.2	0.96832
662.4	0.96856
662.6	0.96849
662.8	0.96788
663.0	0.96779
663.2	0.96805
663.4	0.96787
663.6	0.96952
663.8	0.97005
664.0	0.96943
664.2	0.9697
664.4	0.97178
664.6	0.9692
664.8	0.9685
665.0	0.97034
665.2	0.97006
665.4	0.96746
665.6	0.96402
665.8	0.96487
666.0	0.965
666.2	0.96327
666.4	0.96301
666.6	0.96099
666.8	0.96138
667.0	0.9629
667.2	0.96458
667.4	0.96263
667.6	0.96007
667.8	0.96161
668.0	0.96353
668.2	0.96345
668.4	0.96189
668.6	0.95967
668.8	0.95971
669.0	0.95963
669.2	0.95996
669.4	0.96143
669.6	0.96172
669.8	0.96115
670.0	0.96
670.2	0.96144
670.4	0.96128
670.6	0.96029
670.8	0.96142
671.0	0.9636
671.2	0.964
671.4	0.96483
671.6	0.96479
671.8	0.96379
672.0	0.96154
672.2	0.96237
672.4	0.95943
672.6	0.95814
672.8	0.96024
673.0	0.96009
673.2	0.9585
673.4	0.95866
673.6	0.95842
673.8	0.96026
674.0	0.96093
674.2	0.96174
674.4	0.9621
674.6	0.96391
674.8	0.96344
675.0	0.96157
675.2	0.95744
675.4	0.95601
675.6	0.95698
675.8	0.95966
676.0	0.96103
676.2	0.96063
676.4	0.95999
676.6	0.96383
676.8	0.96478
677.0	0.96305
677.2	0.96333
677.4	0.96269
677.6	0.96212
677.8	0.96323
678.0	0.96375
678.2	0.9628
678.4	0.9627
678.6	0.96093
678.8	0.96147
679.0	0.96175
679.2	0.96347
679.4	0.96748
679.6	0.96889
679.8	0.96871
680.0	0.96871
680.2	0.96803
680.4	0.96925
680.6	0.96888
680.8	0.96861
681.0	0.96742
681.2	0.96863
681.4	0.96816
681.6	0.96849
681.8	0.96839
682.0	0.96965
682.2	0.97122
682.4	0.96975
682.6	0.97143
682.8	0.97317
683.0	0.97222
683.2	0.97068
683.4	0.97445
683.6	0.97409
683.8	0.97435
684.0	0.97659
684.2	0.97679
684.4	0.97811
684.6	0.97887
684.8	0.97766
685.0	0.97984
685.2	0.98068
685.4	0.97912
685.6	0.97958
685.8	0.98063
686.0	0.98109
686.2	0.98146
686.4	0.98
686.6	0.97851
686.8	0.97867
687.0	0.9802
687.2	0.98096
687.4	0.98071
687.6	0.9787
687.8	0.97759
688.0	0.97571
688.2	0.97477
688.4	0.97371
688.6	0.97308
688.8	0.97186
689.0	0.97081
689.2	0.97
689.4	0.96934
689.6	0.96812
689.8	0.96804
690.0	0.97001
690.2	0.96913
690.4	0.96824
690.6	0.9679
690.8	0.96694
691.0	0.965
691.2	0.96393
691.4	0.96672
691.6	0.96642
691.8	0.96958
692.0	0.96877
692.2	0.96815
692.4	0.96789
692.6	0.96693
692.8	0.97031
693.0	0.97126
693.2	0.97234
693.4	0.97392
693.6	0.97351
693.8	0.97347
694.0	0.9749
694.2	0.97757
694.4	0.97716
694.6	0.97692
694.8	0.97637
695.0	0.9759
695.2	0.97584
695.4	0.97577
695.6	0.973
695.8	0.97235
696.0	0.97179
696.2	0.97239
696.4	0.9715
696.6	0.97368
696.8	0.9745
697.0	0.97287
697.2	0.97291
697.4	0.97115
697.6	0.96954
697.8	0.9674
698.0	0.96621
698.2	0.96538
698.4	0.96481
698.6	0.96475
698.8	0.96382
699.0	0.96315
699.2	0.96292
699.4	0.96507
699.6	0.96927
699.8	0.96991
700.0	0.96648
700.2	0.96764
700.4	0.96782
700.6	0.96753
700.8	0.96738
701.0	0.97042
701.2	0.97121
701.4	0.97159
701.6	0.97358
701.8	0.97371
702.0	0.97661
702.2	0.97811
702.4	0.97715
702.6	0.97774
702.8	0.97651
703.0	0.97493
703.2	0.97539
703.4	0.97837
703.6	0.97978
703.8	0.98125
704.0	0.98191
704.2	0.98085
704.4	0.97755
704.6	0.97806
704.8	0.98003
705.0	0.9804
705.2	0.97761
705.4	0.97715
705.6	0.97665
705.8	0.97477
706.0	0.97401
706.2	0.97303
706.4	0.97217
706.6	0.97363
706.8	0.97344
707.0	0.97394
707.2	0.9727
707.4	0.97008
707.6	0.97205
707.8	0.97343
708.0	0.97308
708.2	0.97407
708.4	0.97531
708.6	0.97643
708.8	0.97696
709.0	0.97591
709.2	0.97555
709.4	0.97659
709.6	0.97656
709.8	0.97665
710.0	0.97802
710.2	0.97853
710.4	0.97459
710.6	0.97185
710.8	0.97415
711.0	0.97739
711.2	0.97701
711.4	0.97645
711.6	0.97741
711.8	0.97792
712.0	0.97993
712.2	0.98201
712.4	0.98053
712.6	0.979
712.8	0.9758
713.0	0.97548
713.2	0.97554
713.4	0.97587
713.6	0.97486
713.8	0.97543
714.0	0.97463
714.2	0.97326
714.4	0.97214
714.6	0.97217
714.8	0.97325
715.0	0.9743
715.2	0.97204
715.4	0.97034
715.6	0.97049
715.8	0.97037
716.0	0.97145
716.2	0.97274
716.4	0.972
716.6	0.96778
716.8	0.96641
717.0	0.96652
717.2	0.96741
717.4	0.96802
717.6	0.96707
717.8	0.96609
718.0	0.96729
718.2	0.96938
718.4	0.9684
718.6	0.96773
718.8	0.96909
719.0	0.96876
719.2	0.96894
719.4	0.96777
719.6	0.96691
719.8	0.96835
720.0	0.96952
720.2	0.97032
720.4	0.97303
720.6	0.97444
720.8	0.97043
721.0	0.96968
721.2	0.9708
721.4	0.97339
721.6	0.9723
721.8	0.97406
722.0	0.97297
722.2	0.97387
722.4	0.97229
722.6	0.97023
722.8	0.96788
723.0	0.96837
723.2	0.96916
723.4	0.97232
723.6	0.97316
723.8	0.97254
724.0	0.97114
724.2	0.97279
724.4	0.97065
724.6	0.97269
724.8	0.97386
725.0	0.97382
725.2	0.97317
725.4	0.97198
725.6	0.97135
725.8	0.96974
726.0	0.9696
726.2	0.96943
726.4	0.96955
726.6	0.96958
726.8	0.9692
727.0	0.97082
727.2	0.97302
727.4	0.97408
727.6	0.9716
727.8	0.97233
728.0	0.97493
728.2	0.97376
728.4	0.97456
728.6	0.978
728.8	0.97976
729.0	0.97961
729.2	0.97669
729.4	0.97506
729.6	0.97616
729.8	0.97702
730.0	0.97733
730.2	0.97737
730.4	0.97688
730.6	0.9764
730.8	0.97628
731.0	0.97555
731.2	0.97607
731.4	0.97714
731.6	0.97687
731.8	0.98065
732.0	0.98255
732.2	0.9808
732.4	0.97974
732.6	0.97852
732.8	0.97552
733.0	0.97582
733.2	0.97791
733.4	0.97767
733.6	0.97647
733.8	0.97665
734.0	0.97515
734.2	0.97609
734.4	0.97724
734.6	0.97653
734.8	0.97441
735.0	0.97552
735.2	0.97547
735.4	0.97537
735.6	0.97442
735.8	0.97297
736.0	0.97379
736.2	0.9725
736.4	0.97138
736.6	0.96924
736.8	0.97087
737.0	0.97149
737.2	0.96939
737.4	0.96921
737.6	0.96829
737.8	0.96871
738.0	0.97066
738.2	0.97085
738.4	0.97123
738.6	0.97229
738.8	0.97146
739.0	0.97034
739.2	0.9699
739.4	0.96952
739.6	0.96949
739.8	0.97105
740.0	0.97171
740.2	0.97089
740.4	0.96994
740.6	0.969
740.8	0.96788
741.0	0.96843
741.2	0.96947
741.4	0.97087
741.6	0.97125
741.8	0.97098
742.0	0.97101
742.2	0.96908
742.4	0.96626
742.6	0.96762
742.8	0.96781
743.0	0.96858
743.2	0.96977
743.4	0.96965
743.6	0.97074
743.8	0.96947
744.0	0.96882
744.2	0.96953
744.4	0.96859
744.6	0.96872
744.8	0.97135
745.0	0.97071
745.2	0.97106
745.4	0.97138
745.6	0.97232
745.8	0.97098
746.0	0.96935
746.2	0.97071
746.4	0.97062
746.6	0.969
746.8	0.96772
747.0	0.96643
747.2	0.9666
747.4	0.9685
747.6	0.96967
747.8	0.97067
748.0	0.96767
748.2	0.96998
748.4	0.97252
748.6	0.97213
748.8	0.97393
749.0	0.9732
749.2	0.97441
749.4	0.97487
749.6	0.97585
749.8	0.97482
750.0	0.97676
750.2	0.97697
750.4	0.97504
750.6	0.9733
750.8	0.97441
751.0	0.97352
751.2	0.9734
751.4	0.97409
751.6	0.97394
751.8	0.97265
752.0	0.97279
752.2	0.97278
752.4	0.97421
752.6	0.97506
752.8	0.9725
753.0	0.9718
753.2	0.97243
753.4	0.97339
753.6	0.97414
753.8	0.9761
754.0	0.97283
754.2	0.97248
754.4	0.97277
754.6	0.97387
754.8	0.97484
755.0	0.97441
755.2	0.97524
755.4	0.97489
755.6	0.97376
755.8	0.97536
756.0	0.97704
756.2	0.97862
756.4	0.97427
756.6	0.97437
756.8	0.97429
757.0	0.97312
757.2	0.97287
757.4	0.97321
757.6	0.97115
757.8	0.96937
758.0	0.96968
758.2	0.97241
758.4	0.97513
758.6	0.97469
758.8	0.9733
759.0	0.97413
759.2	0.97348
759.4	0.97392
759.6	0.97632
759.8	0.97549
760.0	0.97372
760.2	0.97348
760.4	0.97354
760.6	0.97532
760.8	0.97355
761.0	0.97339
761.2	0.97278
761.4	0.9723
761.6	0.97294
761.8	0.97418
762.0	0.97514
762.2	0.97588
762.4	0.97643
762.6	0.97701
762.8	0.97466
763.0	0.97412
763.2	0.97275
763.4	0.97264
763.6	0.96919
763.8	0.96749
764.0	0.96314
764.2	0.96227
764.4	0.96166
764.6	0.96024
764.8	0.95741
765.0	0.95548
765.2	0.95431
765.4	0.95166
765.6	0.95133
765.8	0.95294
766.0	0.95717
766.2	0.9571
766.4	0.95746
766.6	0.95597
766.8	0.95514
767.0	0.9554
767.2	0.95676
767.4	0.95684
767.6	0.95796
767.8	0.95571
768.0	0.95467
768.2	0.95509
768.4	0.95639
768.6	0.95901
768.8	0.95861
769.0	0.96094
769.2	0.96306
769.4	0.96441
769.6	0.9612
769.8	0.96093
770.0	0.96264
770.2	0.9631
770.4	0.96284
770.6	0.96348
770.8	0.96397
771.0	0.96286
771.2	0.96516
771.4	0.96543
771.6	0.96698
771.8	0.96891
772.0	0.96943
772.2	0.97172
772.4	0.97084
772.6	0.97067
772.8	0.97344
773.0	0.97602
773.2	0.9738
773.4	0.97509
773.6	0.97558
773.8	0.97478
774.0	0.97563
774.2	0.97452
774.4	0.9734
774.6	0.97272
774.8	0.9728
775.0	0.97052
775.2	0.96923
775.4	0.97158
775.6	0.97161
775.8	0.9713
776.0	0.9709
776.2	0.96837
776.4	0.96725
776.6	0.9664
776.8	0.96603
777.0	0.96321
777.2	0.96156
777.4	0.96275
777.6	0.96225
777.8	0.96372
778.0	0.96124
778.2	0.96123
778.4	0.95908
778.6	0.96036
778.8	0.96228
779.0	0.96429
779.2	0.96305
779.4	0.96137
779.6	0.96208
779.8	0.96307
780.0	0.96264
780.2	0.96088
780.4	0.96284
780.6	0.96247
780.8	0.96207
781.0	0.96353
781.2	0.96343
781.4	0.96442
781.6	0.96795
781.8	0.9683
782.0	0.96617
782.2	0.96589
782.4	0.96822
782.6	0.97026
782.8	0.9704
783.0	0.9691
783.2	0.96991
783.4	0.97091
783.6	0.97166
783.8	0.96999
784.0	0.97086
784.2	0.96968
784.4	0.96824
784.6	0.96968
784.8	0.97293
785.0	0.97336
785.2	0.9735
785.4	0.97307
785.6	0.97141
785.8	0.97004
786.0	0.97057
786.2	0.9708
786.4	0.96883
786.6	0.96636
786.8	0.96679
787.0	0.96481
787.2	0.96302
787.4	0.96228
787.6	0.9624
787.8	0.96258
788.0	0.95938
788.2	0.95886
788.4	0.95781
788.6	0.95535
788.8	0.95305
789.0	0.95222
789.2	0.9518
789.4	0.95299
789.6	0.95359
789.8	0.95201
790.0	0.94955
790.2	0.94797
790.4	0.94871
790.6	0.95106
790.8	0.95117
791.0	0.95119
791.2	0.94914
791.4	0.94845
791.6	0.95012
791.8	0.95127
792.0	0.95058
792.2	0.95227
792.4	0.95291
792.6	0.95221
792.8	0.95213
793.0	0.95492
793.2	0.95272
793.4	0.95243
793.6	0.95239
793.8	0.95364
794.0	0.9533
794.2	0.95318
794.4	0.95614
794.6	0.9593
794.8	0.96178
795.0	0.96273
795.2	0.95936
795.4	0.9592
795.6	0.96044
795.8	0.96109
796.0	0.9629
796.2	0.96485
796.4	0.96792
796.6	0.96935
796.8	0.96832
797.0	0.97017
797.2	0.96862
797.4	0.96801
797.6	0.96638
797.8	0.96528
798.0	0.96521
798.2	0.96569
798.4	0.96882
798.6	0.96834
798.8	0.96605
799.0	0.9647
799.2	0.96474
799.4	0.96649
799.6	0.96406
799.8	0.96132
800.0	0.96057
800.2	0.96208
800.4	0.96285
800.6	0.96422
800.8	0.96218
801.0	0.9612
801.2	0.95976
801.4	0.96004
801.6	0.95878
801.8	0.95803
802.0	0.95793
802.2	0.95844
802.4	0.9574
802.6	0.95504
802.8	0.95531
803.0	0.95474
803.2	0.95188
803.4	0.95142
803.6	0.95186
803.8	0.95286
804.0	0.9512
804.2	0.95208
804.4	0.95422
804.6	0.95293
804.8	0.95471
805.0	0.95432
805.2	0.95545
805.4	0.95646
805.6	0.95676
805.8	0.95455
806.0	0.95673
806.2	0.96003
806.4	0.9605
806.6	0.96199
806.8	0.96249
807.0	0.96364
807.2	0.96372
807.4	0.96449
807.6	0.96599
807.8	0.96456
808.0	0.96215
808.2	0.96201
808.4	0.96257
808.6	0.96576
808.8	0.9682
809.0	0.96735
809.2	0.96771
809.4	0.96472
809.6	0.96552
809.8	0.96562
810.0	0.96785
810.2	0.96973
810.4	0.97363
810.6	0.97208
810.8	0.97004
811.0	0.96744
811.2	0.96758
811.4	0.96862
811.6	0.9691
811.8	0.9665
812.0	0.9649
812.2	0.96773
812.4	0.96648
812.6	0.96484
812.8	0.96365
813.0	0.96358
813.2	0.96218
813.4	0.9621
813.6	0.96036
813.8	0.95984
814.0	0.95807
814.2	0.95775
814.4	0.958
814.6	0.95726
814.8	0.95787
815.0	0.95769
815.2	0.95783
815.4	0.95935
815.6	0.95749
815.8	0.95499
816.0	0.9538
816.2	0.95423
816.4	0.95491
816.6	0.95138
816.8	0.95058
817.0	0.94935
817.2	0.95062
817.4	0.95033
817.6	0.95175
817.8	0.95093
818.0	0.95091
818.2	0.9511
818.4	0.94947
818.6	0.94737
818.8	0.94713
819.0	0.95054
819.2	0.95389
819.4	0.95578
819.6	0.95452
819.8	0.95404
820.0	0.95495
820.2	0.95592
820.4	0.95696
820.6	0.95879
820.8	0.9583
821.0	0.96026
821.2	0.96084
821.4	0.95967
821.6	0.95997
821.8	0.95978
822.0	0.96191
822.2	0.96337
822.4	0.96131
822.6	0.96189
822.8	0.96232
823.0	0.96356
823.2	0.96664
823.4	0.96783
823.6	0.96749
823.8	0.96297
824.0	0.96116
824.2	0.96096
824.4	0.96184
824.6	0.96189
824.8	0.96096
825.0	0.96083
825.2	0.96162
825.4	0.96178
825.6	0.95971
825.8	0.95925
826.0	0.95848
826.2	0.95688
826.4	0.95594
826.6	0.95641
826.8	0.95569
827.0	0.95495
827.2	0.95551
827.4	0.95335
827.6	0.95407
827.8	0.95471
828.0	0.95475
828.2	0.95564
828.4	0.95731
828.6	0.95804
828.8	0.95617
829.0	0.95474
829.2	0.95394
829.4	0.95402
829.6	0.95266
829.8	0.95175
830.0	0.95024
830.2	0.94926
830.4	0.94967
830.6	0.9525
830.8	0.95218
831.0	0.95211
831.2	0.95381
831.4	0.95466
831.6	0.95392
831.8	0.95502
832.0	0.9536
832.2	0.95294
832.4	0.95312
832.6	0.95328
832.8	0.95483
833.0	0.95591
833.2	0.95297
833.4	0.95133
833.6	0.95592
833.8	0.95949
834.0	0.96088
834.2	0.96036
834.4	0.96038
834.6	0.96131
834.8	0.96186
835.0	0.96195
835.2	0.96363
835.4	0.9647
835.6	0.96522
835.8	0.96785
836.0	0.96839
836.2	0.96896
836.4	0.96828
836.6	0.96777
836.8	0.96632
837.0	0.96546
837.2	0.96602
837.4	0.96751
837.6	0.96754
837.8	0.96489
838.0	0.96383
838.2	0.96422
838.4	0.96298
838.6	0.96163
838.8	0.96405
839.0	0.9657
839.2	0.96494
839.4	0.9629
839.6	0.96333
839.8	0.96344
840.0	0.96151
840.2	0.96188
840.4	0.96072
840.6	0.96075
840.8	0.96059
841.0	0.95985
841.2	0.9593
841.4	0.95735
841.6	0.95578
841.8	0.9554
842.0	0.95304
842.2	0.95172
842.4	0.95095
842.6	0.95009
842.8	0.94973
843.0	0.95006
843.2	0.94946
843.4	0.951
843.6	0.95423
843.8	0.95515
844.0	0.9556
844.2	0.95581
844.4	0.9564
844.6	0.95822
844.8	0.95544
845.0	0.95423
845.2	0.95381
845.4	0.95446
845.6	0.95373
845.8	0.9529
846.0	0.95386
846.2	0.95397
846.4	0.95654
846.6	0.95637
846.8	0.95409
847.0	0.95187
847.2	0.94992
847.4	0.94921
847.6	0.95051
847.8	0.9504
848.0	0.94981
848.2	0.95071
848.4	0.95108
848.6	0.95143
848.8	0.95378
849.0	0.95704
849.2	0.95682
849.4	0.95531
849.6	0.95636
849.8	0.95683
850.0	0.95587
850.2	0.95826
850.4	0.95817
850.6	0.95799
850.8	0.95808
851.0	0.95904
851.2	0.96243
851.4	0.96503
851.6	0.9625
851.8	0.95729
852.0	0.95593
852.2	0.95672
852.4	0.95912
852.6	0.96091
852.8	0.96167
853.0	0.95874
853.2	0.95776
853.4	0.95584
853.6	0.95709
853.8	0.95522
854.0	0.95481
854.2	0.95544
854.4	0.95497
854.6	0.95502
854.8	0.95356
855.0	0.95356
855.2	0.95648
855.4	0.95528
855.6	0.954
855.8	0.9555
856.0	0.95588
856.2	0.955
856.4	0.95348
856.6	0.94855
856.8	0.94792
857.0	0.94756
857.2	0.94752
857.4	0.9459
857.6	0.9455
857.8	0.94927
858.0	0.9474
858.2	0.94492
858.4	0.94568
858.6	0.9423
858.8	0.94367
859.0	0.94542
859.2	0.94668
859.4	0.94889
859.6	0.94655
859.8	0.94642
860.0	0.94469
860.2	0.94633
860.4	0.94718
860.6	0.94565
860.8	0.94607
861.0	0.94973
861.2	0.95165
861.4	0.95203
861.6	0.95359
861.8	0.95511
862.0	0.9581
862.2	0.95818
862.4	0.957
862.6	0.95712
862.8	0.95592
863.0	0.95638
863.2	0.95992
863.4	0.96358
863.6	0.96324
863.8	0.959
864.0	0.95969
864.2	0.96151
864.4	0.96119
864.6	0.96194
864.8	0.96498
865.0	0.96717
865.2	0.96745
865.4	0.96922
865.6	0.97138
865.8	0.97271
866.0	0.97031
866.2	0.96963
866.4	0.96716
866.6	0.96804
866.8	0.96839
867.0	0.96654
867.2	0.96528
867.4	0.96495
867.6	0.96859
867.8	0.96676
868.0	0.96572
868.2	0.96489
868.4	0.96096
868.6	0.95942
868.8	0.96044
869.0	0.96089
869.2	0.96049
869.4	0.95744
869.6	0.95844
869.8	0.96119
870.0	0.95995
870.2	0.96036
870.4	0.95798
870.6	0.95499
870.8	0.95557
871.0	0.95467
871.2	0.95285
871.4	0.95171
871.6	0.94965
871.8	0.95058
872.0	0.94824
872.2	0.9462
872.4	0.9449
872.6	0.94623
872.8	0.94742
873.0	0.94894
873.2	0.95006
873.4	0.95039
873.6	0.95132
873.8	0.95229
874.0	0.95398
874.2	0.95398
874.4	0.95222
874.6	0.95326
874.8	0.95535
875.0	0.95699
875.2	0.95513
875.4	0.95167
875.6	0.95244
875.8	0.95137
876.0	0.95145
876.2	0.95357
876.4	0.95514
876.6	0.95558
876.8	0.95595
877.0	0.95729
877.2	0.95684
877.4	0.95758
877.6	0.95625
877.8	0.957
878.0	0.95884
878.2	0.95928
878.4	0.95923
878.6	0.9583
878.8	0.96009
879.0	0.96232
879.2	0.96314
879.4	0.9636
879.6	0.96262
879.8	0.96221
880.0	0.96331
880.2	0.96312
880.4	0.96272
880.6	0.96464
880.8	0.96311
881.0	0.96079
881.2	0.95926
881.4	0.96055
881.6	0.962
881.8	0.96287
882.0	0.96225
882.2	0.9602
882.4	0.96255
882.6	0.96188
882.8	0.9616
883.0	0.96071
883.2	0.95787
883.4	0.95874
883.6	0.96126
883.8	0.96036
884.0	0.95678
884.2	0.95566
884.4	0.95249
884.6	0.95144
884.8	0.95308
885.0	0.95315
885.2	0.95236
885.4	0.95295
885.6	0.95306
885.8	0.95276
886.0	0.95396
886.2	0.95352
886.4	0.94936
886.6	0.9498
886.8	0.9517
887.0	0.95107
887.2	0.94937
887.4	0.95019
887.6	0.94846
887.8	0.94821
888.0	0.95033
888.2	0.94911
888.4	0.9475
888.6	0.94728
888.8	0.94364
889.0	0.94413
889.2	0.94491
889.4	0.94462
889.6	0.94358
889.8	0.94652
890.0	0.94551
890.2	0.94759
890.4	0.94845
890.6	0.95189
890.8	0.95456
891.0	0.95458
891.2	0.95397
891.4	0.9516
891.6	0.94959
891.8	0.94623
892.0	0.94758
892.2	0.95025
892.4	0.94968
892.6	0.95319
892.8	0.95274
893.0	0.95011
893.2	0.94954
893.4	0.94753
893.6	0.94712
893.8	0.95174
894.0	0.95457
894.2	0.95722
894.4	0.95694
894.6	0.96049
894.8	0.96136
895.0	0.96078
895.2	0.96112
895.4	0.95916
895.6	0.95953
895.8	0.96186
896.0	0.9636
896.2	0.96433
896.4	0.96604
896.6	0.96322
896.8	0.96374
897.0	0.96462
897.2	0.96802
897.4	0.968
897.6	0.96691
897.8	0.9646
898.0	0.9652
898.2	0.96603
898.4	0.96958
898.6	0.97128
898.8	0.9693
899.0	0.96626
899.2	0.96636
899.4	0.96684
899.6	0.96526
899.8	0.96316
900.0	0.96237
900.2	0.96392
900.4	0.96492
900.6	0.96576
900.8	0.96683
901.0	0.96407
901.2	0.96419
901.4	0.96265
901.6	0.95912
901.8	0.95813
902.0	0.95705
902.2	0.95483
902.4	0.95356
902.6	0.95406
902.8	0.95369
903.0	0.95061
903.2	0.95022
903.4	0.95038
903.6	0.95083
903.8	0.9502
904.0	0.94954
904.2	0.95129
904.4	0.95518
904.6	0.95349
904.8	0.94901
905.0	0.9493
905.2	0.95136
905.4	0.95137
905.6	0.94943
905.8	0.9511
906.0	0.95235
906.2	0.95372
906.4	0.95666
906.6	0.95773
906.8	0.95975
907.0	0.95929
907.2	0.96054
907.4	0.95965
907.6	0.95733
907.8	0.95548
908.0	0.95537
908.2	0.95444
908.4	0.95336
908.6	0.95355
908.8	0.95404
909.0	0.95393
909.2	0.95441
909.4	0.95421
909.6	0.95715
909.8	0.95721
910.0	0.95975
910.2	0.95979
910.4	0.95835
910.6	0.95808
910.8	0.95777
911.0	0.95878
911.2	0.95806
911.4	0.95826
911.6	0.96003
911.8	0.95942
912.0	0.95927
912.2	0.95978
912.4	0.95655
912.6	0.95507
912.8	0.95737
913.0	0.95888
913.2	0.9611
913.4	0.96165
913.6	0.96272
913.8	0.96114
914.0	0.95933
914.2	0.96056
914.4	0.95786
914.6	0.9592
914.8	0.95814
915.0	0.95999
915.2	0.96176
915.4	0.96228
915.6	0.96087
915.8	0.9581
916.0	0.9582
916.2	0.95558
916.4	0.95667
916.6	0.95797
916.8	0.95642
917.0	0.95651
917.2	0.95633
917.4	0.95483
917.6	0.9538
917.8	0.95235
918.0	0.95151
918.2	0.95032
918.4	0.94971
918.6	0.95019
918.8	0.95167
919.0	0.95385
919.2	0.953
919.4	0.9536
919.6	0.9528
919.8	0.94967
920.0	0.94489
920.2	0.94266
920.4	0.94517
920.6	0.94474
920.8	0.94457
921.0	0.94468
921.2	0.94555
921.4	0.94244
921.6	0.94197
921.8	0.94331
922.0	0.94359
922.2	0.94367
922.4	0.94237
922.6	0.94212
922.8	0.94109
923.0	0.94156
923.2	0.94216
923.4	0.94513
923.6	0.94955
923.8	0.94836
924.0	0.94973
924.2	0.94906
924.4	0.94931
924.6	0.94964
924.8	0.95049
925.0	0.94957
925.2	0.94865
925.4	0.94894
925.6	0.95108
925.8	0.95274
926.0	0.95282
926.2	0.95529
926.4	0.95226
926.6	0.94912
926.8	0.94761
927.0	0.94773
927.2	0.95031
927.4	0.95364
927.6	0.95671
927.8	0.95437
928.0	0.95315
928.2	0.95807
928.4	0.96072
928.6	0.96241
928.8	0.96323
929.0	0.96212
929.2	0.9628
929.4	0.96228
929.6	0.96343
929.8	0.96248
930.0	0.96405
930.2	0.96182
930.4	0.9623
930.6	0.96334
930.8	0.96394
931.0	0.96533
931.2	0.96548
931.4	0.96581
931.6	0.96769
931.8	0.97
932.0	0.96822
932.2	0.97023
932.4	0.97103
932.6	0.96432
932.8	0.96063
933.0	0.9597
933.2	0.9603
933.4	0.96197
933.6	0.96173
933.8	0.96211
934.0	0.962
934.2	0.96113
934.4	0.96316
934.6	0.96158
934.8	0.96241
935.0	0.96333
935.2	0.96484
935.4	0.96531
935.6	0.96337
935.8	0.96137
936.0	0.96036
936.2	0.9609
936.4	0.9617
936.6	0.95789
936.8	0.95499
937.0	0.9531
937.2	0.95482
937.4	0.95555
937.6	0.95407
937.8	0.95588
938.0	0.95396
938.2	0.95442
938.4	0.95644
938.6	0.95802
938.8	0.95552
939.0	0.95458
939.2	0.95577
939.4	0.95576
939.6	0.95523
939.8	0.9569
940.0	0.95892
940.2	0.95728
940.4	0.95681
940.6	0.95545
940.8	0.9561
941.0	0.95833
941.2	0.95759
941.4	0.95713
941.6	0.9584
941.8	0.95724
942.0	0.95677
942.2	0.959
942.4	0.95812
942.6	0.95813
942.8	0.95658
943.0	0.95833
943.2	0.95956
943.4	0.96377
943.6	0.96564
943.8	0.96472
944.0	0.96432
944.2	0.96229
944.4	0.96239
944.6	0.96112
944.8	0.96219
945.0	0.96358
945.2	0.96444
945.4	0.96327
945.6	0.9625
945.8	0.96238
946.0	0.96183
946.2	0.96082
946.4	0.96288
946.6	0.96394
946.8	0.96492
947.0	0.96583
947.2	0.96632
947.4	0.96817
947.6	0.96634
947.8	0.96845
948.0	0.96823
948.2	0.96832
948.4	0.96816
948.6	0.96527
948.8	0.96434
949.0	0.96342
949.2	0.96073
949.4	0.9612
949.6	0.962
949.8	0.96075
950.0	0.96286
950.2	0.96054
950.4	0.95852
950.6	0.95841
950.8	0.95774
951.0	0.95456
951.2	0.95561
951.4	0.95934
951.6	0.95982
951.8	0.95607
952.0	0.95566
952.2	0.95398
952.4	0.9548
952.6	0.95601
952.8	0.95535
953.0	0.95708
953.2	0.9597
953.4	0.95945
953.6	0.95869
953.8	0.9576
954.0	0.95551
954.2	0.95169
954.4	0.9503
954.6	0.94957
954.8	0.94997
955.0	0.94915
955.2	0.94683
955.4	0.94759
955.6	0.9462
955.8	0.94755
956.0	0.94725
956.2	0.94806
956.4	0.94461
956.6	0.94318
956.8	0.94199
957.0	0.94524
957.2	0.94531
957.4	0.94421
957.6	0.94492
957.8	0.94569
958.0	0.94862
958.2	0.94829
958.4	0.94699
958.6	0.94711
958.8	0.94436
959.0	0.94259
959.2	0.93953
959.4	0.94047
959.6	0.94318
959.8	0.94685
960.0	0.94989
960.2	0.95003
960.4	0.95137
960.6	0.95285
960.8	0.95263
961.0	0.95197
961.2	0.95082
961.4	0.95036
961.6	0.94802
961.8	0.94763
962.0	0.94698
962.2	0.94816
962.4	0.94694
962.6	0.94857
962.8	0.94896
963.0	0.95022
963.2	0.95242
963.4	0.95222
963.6	0.95323
963.8	0.95646
964.0	0.95726
964.2	0.95637
964.4	0.95819
964.6	0.95977
964.8	0.95976
965.0	0.95916
965.2	0.95898
965.4	0.95817
965.6	0.95977
965.8	0.96142
966.0	0.96431
966.2	0.964
966.4	0.96214
966.6	0.96045
966.8	0.96203
967.0	0.96405
967.2	0.96192
967.4	0.96277
967.6	0.96557
967.8	0.96739
968.0	0.96783
968.2	0.96553
968.4	0.96494
968.6	0.96742
968.8	0.96562
969.0	0.96637
969.2	0.96556
969.4	0.96472
969.6	0.96453
969.8	0.96376
970.0	0.96485
970.2	0.9668
970.4	0.96787
970.6	0.96724
970.8	0.96546
971.0	0.96184
971.2	0.96054
971.4	0.96297
971.6	0.96057
971.8	0.96177
972.0	0.96059
972.2	0.96053
972.4	0.96238
972.6	0.9634
972.8	0.96249
973.0	0.96262
973.2	0.95985
973.4	0.95952
973.6	0.95839
973.8	0.9572
974.0	0.95767
974.2	0.95709
974.4	0.95861
974.6	0.95982
974.8	0.96153
975.0	0.96045
975.2	0.96216
975.4	0.9632
975.6	0.9624
975.8	0.96543
976.0	0.96491
976.2	0.9624
976.4	0.96025
976.6	0.95906
976.8	0.95878
977.0	0.95793
977.2	0.95871
977.4	0.96027
977.6	0.9571
977.8	0.95563
978.0	0.95419
978.2	0.95203
978.4	0.95155
978.6	0.95457
978.8	0.95504
979.0	0.95545
979.2	0.95529
979.4	0.95572
979.6	0.95719
979.8	0.95895
980.0	0.95847
980.2	0.95877
980.4	0.95944
980.6	0.959
980.8	0.96072
981.0	0.95929
981.2	0.96085
981.4	0.96296
981.6	0.9632
981.8	0.96236
982.0	0.96188
982.2	0.96242
982.4	0.96171
982.6	0.95991
982.8	0.9598
983.0	0.96017
983.2	0.95937
983.4	0.96144
983.6	0.96382
983.8	0.96369
984.0	0.96524
984.2	0.96614
984.4	0.96965
984.6	0.97335
984.8	0.97442
985.0	0.97332
985.2	0.97206
985.4	0.97121
985.6	0.96776
985.8	0.96542
986.0	0.96634
986.2	0.968
986.4	0.96855
986.6	0.97
986.8	0.97108
987.0	0.97075
987.2	0.96926
987.4	0.96809
987.6	0.96941
987.8	0.97405
988.0	0.97221
988.2	0.97255
988.4	0.97216
988.6	0.97143
988.8	0.97189
989.0	0.97061
989.2	0.9692
989.4	0.97101
989.6	0.97194
989.8	0.9723
990.0	0.97258
990.2	0.97399
990.4	0.97111
990.6	0.97045
990.8	0.96811
991.0	0.96652
991.2	0.96574
991.4	0.96237
991.6	0.95991
991.8	0.95727
992.0	0.95894
992.2	0.95555
992.4	0.95831
992.6	0.95786
992.8	0.95748
993.0	0.96055
993.2	0.96069
993.4	0.96069
993.6	0.96035
993.8	0.95803
994.0	0.95933
994.2	0.9619
994.4	0.96478
994.6	0.9668
994.8	0.96369
995.0	0.95948
995.2	0.95638
995.4	0.95626
995.6	0.9567
995.8	0.95467
996.0	0.95533
996.2	0.95689
996.4	0.95565
996.6	0.95441
996.8	0.95121
997.0	0.95204
997.2	0.95059
997.4	0.94982
997.6	0.95108
997.8	0.95282
998.0	0.95314
998.2	0.95479
998.4	0.95558
998.6	0.95023
998.8	0.95235
999.0	0.95165
999.2	0.95419
999.4	0.95505
999.6	0.95725
999.8	0.95711
1000.0	0.95687
1000.2	0.95846
1000.4	0.96179
1000.6	0.95963
1000.8	0.95928
1001.0	0.96068
1001.2	0.95958
1001.4	0.95921
1001.6	0.95768
1001.8	0.95902
1002.0	0.9576
1002.2	0.9607
1002.4	0.96316
1002.6	0.96413
1002.8	0.96506
1003.0	0.96586
1003.2	0.96811
1003.4	0.96468
1003.6	0.96463
1003.8	0.96569
1004.0	0.96777
1004.2	0.96927
1004.4	0.96614
1004.6	0.97075
1004.8	0.96885
1005.0	0.96837
1005.2	0.96495
1005.4	0.96433
1005.6	0.96408
1005.8	0.96985
1006.0	0.96665
1006.2	0.96859
1006.4	0.96958
1006.6	0.97098
1006.8	0.97011
1007.0	0.97211
1007.2	0.97118
1007.4	0.96645
1007.6	0.96786
1007.8	0.96883
1008.0	0.97056
1008.2	0.97186
1008.4	0.97078
1008.6	0.97068
1008.8	0.97343
1009.0	0.97508
1009.2	0.97541
1009.4	0.97199
1009.6	0.97263
1009.8	0.9694
1010.0	0.96996
1010.2	0.9708
1010.4	0.9715
1010.6	0.97205
1010.8	0.96401
1011.0	0.96521
1011.2	0.9616
1011.4	0.96681
1011.6	0.96375
1011.8	0.96536
1012.0	0.96568
1012.2	0.96591
1012.4	0.96712
1012.6	0.96448
1012.8	0.96792
1013.0	0.96953
1013.2	0.96591
1013.4	0.9645
1013.6	0.96053
1013.8	0.9615
1014.0	0.96328
1014.2	0.96133
1014.4	0.96352
1014.6	0.9642
1014.8	0.96088
1015.0	0.96175
1015.2	0.963
1015.4	0.95991
1015.6	0.96171
1015.8	0.95914
1016.0	0.96101
1016.2	0.9589
1016.4	0.96054
1016.6	0.96241
1016.8	0.96559
1017.0	0.9621
1017.2	0.96427
1017.4	0.96462
1017.6	0.96069
1017.8	0.96145
1018.0	0.95851
1018.2	0.95654
1018.4	0.95589
1018.6	0.95685
1018.8	0.95654
1019.0	0.95798
1019.2	0.95686
1019.4	0.95791
1019.6	0.95705
1019.8	0.96063
1020.0	0.96046
1020.2	0.95965
1020.4	0.95957
1020.6	0.96191
1020.8	0.95967
1021.0	0.96231
1021.2	0.95864
1021.4	0.9594
1021.6	0.95295
1021.8	0.95926
1022.0	0.96206
1022.2	0.96492
1022.4	0.96073
1022.6	0.96689
1022.8	0.964
1023.0	0.96279
1023.2	0.96219
1023.4	0.95981
1023.6	0.96324
1023.8	0.9612
1024.0	0.96598
1024.2	0.96762
1024.4	0.96701
1024.6	0.96785
1024.8	0.96919
1025.0	0.96942
1025.2	0.9708
1025.4	0.97106
1025.6	0.97115
1025.8	0.96731
1026.0	0.96799
1026.2	0.96575
1026.4	0.97223
1026.6	0.97123
1026.8	0.96771
1027.0	0.97546
1027.2	0.97776
1027.4	0.97677
1027.6	0.9753
1027.8	0.97269
1028.0	0.97205
1028.2	0.97229
1028.4	0.97309
1028.6	0.96811
1028.8	0.9692
1029.0	0.96664
1029.2	0.97498
1029.4	0.97192
1029.6	0.9715
1029.8	0.96704
1030.0	0.9719
1030.2	0.9722
1030.4	0.97099
1030.6	0.97044
1030.8	0.96996
1031.0	0.97045
1031.2	0.97169
1031.4	0.97498
1031.6	0.97105
1031.8	0.96609
1032.0	0.96949
1032.2	0.96578
1032.4	0.96601
1032.6	0.97131
1032.8	0.97313
1033.0	0.96904
1033.2	0.9724
1033.4	0.9713
1033.6	0.97086
1033.8	0.97041
1034.0	0.96637
1034.2	0.96963
1034.4	0.96692
1034.6	0.96695
1034.8	0.96765
1035.0	0.96304
1035.2	0.95981
1035.4	0.96136
1035.6	0.95779
1035.8	0.96667
1036.0	0.96861
1036.2	0.96805
1036.4	0.96593
1036.6	0.961
1036.8	0.96202
1037.0	0.96206
1037.2	0.95916
1037.4	0.95792
1037.6	0.96296
1037.8	0.96047
1038.0	0.95904
1038.2	0.96424
1038.4	0.96284
1038.6	0.96258
1038.8	0.96174
1039.0	0.96195
1039.2	0.96251
1039.4	0.96186
1039.6	0.95965
1039.8	0.958
1040.0	0.9565
1040.2	0.95369
1040.4	0.95632
1040.6	0.95307
1040.8	0.95187
1041.0	0.95406
1041.2	0.95395
1041.4	0.95694
1041.6	0.9537
1041.8	0.95806
1042.0	0.96284
1042.2	0.96171
1042.4	0.9584
1042.6	0.95759
1042.8	0.96147
1043.0	0.95989
1043.2	0.96139
1043.4	0.96006
1043.6	0.96362
1043.8	0.96127
1044.0	0.96279
1044.2	0.96189
1044.4	0.96556
1044.6	0.96706
1044.8	0.96545
1045.0	0.96403
1045.2	0.96272
1045.4	0.96461
1045.6	0.96125
1045.8	0.96537
1046.0	0.96758
1046.2	0.96647
1046.4	0.9649
1046.6	0.96705
1046.8	0.96818
1047.0	0.97001
1047.2	0.97255
1047.4	0.96968
1047.6	0.97156
1047.8	0.9719
1048.0	0.97144
1048.2	0.96731
1048.4	0.96765
1048.6	0.96748
1048.8	0.96786
1049.0	0.96874
1049.2	0.96566
1049.4	0.96562
1049.6	0.96282
1049.8	0.96575
1050.0	0.97007
1050.2	0.96541
1050.4	0.96068
1050.6	0.96527
1050.8	0.96317
1051.0	0.96779
1051.2	0.96623
1051.4	0.9719
1051.6	0.97156
1051.8	0.97117
1052.0	0.97109
1052.2	0.96826
1052.4	0.96986
1052.6	0.97197
1052.8	0.96988
1053.0	0.9693
1053.2	0.96595
1053.4	0.97005
1053.6	0.96874
1053.8	0.97163
1054.0	0.96951
1054.2	0.96616
1054.4	0.96109
1054.6	0.96176
1054.8	0.96153
1055.0	0.96207
1055.2	0.96294
1055.4	0.9608
1055.6	0.95645
1055.8	0.95665
1056.0	0.95892
1056.2	0.96476
1056.4	0.96313
1056.6	0.96143
1056.8	0.96631
1057.0	0.96604
1057.2	0.96324
1057.4	0.96455
1057.6	0.96113
1057.8	0.95926
1058.0	0.95759
1058.2	0.9573
1058.4	0.95438
1058.6	0.96056
1058.8	0.96191
1059.0	0.96654
1059.2	0.96267
1059.4	0.95966
1059.6	0.9614
1059.8	0.958
1060.0	0.95923
1060.2	0.95567
1060.4	0.95922
1060.6	0.96018
1060.8	0.95977
1061.0	0.95855
1061.2	0.95999
1061.4	0.95701
1061.6	0.95404
1061.8	0.95699
1062.0	0.95683
1062.2	0.95662
1062.4	0.96053
1062.6	0.96059
1062.8	0.96412
1063.0	0.96542
1063.2	0.96531
1063.4	0.96854
1063.6	0.96854
1063.8	0.97102
1064.0	0.97211
1064.2	0.96158
1064.4	0.96467
1064.6	0.9629
1064.8	0.96656
1065.0	0.96434
1065.2	0.96458
1065.4	0.96869
1065.6	0.97267
1065.8	0.97319
1066.0	0.97453
1066.2	0.97454
1066.4	0.97448
1066.6	0.97306
1066.8	0.9729
1067.0	0.97459
1067.2	0.9703
1067.4	0.96887
1067.6	0.9706
1067.8	0.97079
1068.0	0.96944
1068.2	0.96875
1068.4	0.9715
1068.6	0.97284
1068.8	0.97268
1069.0	0.97507
1069.2	0.97429
1069.4	0.97466
1069.6	0.97417
1069.8	0.97798
1070.0	0.97302
1070.2	0.98004
1070.4	0.97821
1070.6	0.97578
1070.8	0.97544
1071.0	0.97448
1071.2	0.97523
1071.4	0.97438
1071.6	0.97637
1071.8	0.97572
1072.0	0.97886
1072.2	0.97957
1072.4	0.97522
1072.6	0.97574
1072.8	0.97696
1073.0	0.97607
1073.2	0.97829
1073.4	0.98173
1073.6	0.97736
1073.8	0.979
1074.0	0.97853
1074.2	0.9776
1074.4	0.97848
1074.6	0.97758
1074.8	0.97679
1075.0	0.97695
1075.2	0.9746
1075.4	0.97776
1075.6	0.97709
1075.8	0.97084
1076.0	0.96914
1076.2	0.97103
1076.4	0.97603
1076.6	0.96864
1076.8	0.96971
1077.0	0.96783
1077.2	0.97242
1077.4	0.97658
1077.6	0.97267
1077.8	0.97086
1078.0	0.97042
1078.2	0.97162
1078.4	0.97161
1078.6	0.9654
1078.8	0.96711
1079.0	0.96801
1079.2	0.96962
1079.4	0.96465
1079.6	0.96061
1079.8	0.96085
1080.0	0.96221
1080.2	0.96149
1080.4	0.96083
1080.6	0.96243
1080.8	0.9622
1081.0	0.9606
1081.2	0.96719
1081.4	0.96107
1081.6	0.96827
1081.8	0.96439
1082.0	0.96725
1082.2	0.9628
1082.4	0.95996
1082.6	0.96154
1082.8	0.96166
1083.0	0.96374
1083.2	0.96524
1083.4	0.96567
1083.6	0.96555
1083.8	0.9671
1084.0	0.96735
1084.2	0.97014
1084.4	0.96659
1084.6	0.96347
1084.8	0.96539
1085.0	0.96812
1085.2	0.96475
1085.4	0.96714
1085.6	0.96465
1085.8	0.96095
1086.0	0.96155
1086.2	0.96145
1086.4	0.9657
1086.6	0.96346
1086.8	0.9659
1087.0	0.96179
1087.2	0.96271
1087.4	0.95971
1087.6	0.96157
1087.8	0.96167
1088.0	0.961
1088.2	0.96638
1088.4	0.96337
1088.6	0.96293
1088.8	0.96496
1089.0	0.96427
1089.2	0.96682
1089.4	0.96721
1089.6	0.96806
1089.8	0.96672
1090.0	0.9658
1090.2	0.96393
1090.4	0.96576
1090.6	0.96587
1090.8	0.96869
1091.0	0.96546
1091.2	0.96326
1091.4	0.96521
1091.6	0.96769
1091.8	0.97
1092.0	0.97276
1092.2	0.9716
1092.4	0.97164
1092.6	0.97562
1092.8	0.97255
1093.0	0.97596
1093.2	0.9772
1093.4	0.97737
1093.6	0.97716
1093.8	0.97957
1094.0	0.97772
1094.2	0.981
1094.4	0.97769
1094.6	0.97692
1094.8	0.97868
1095.0	0.97854
1095.2	0.97686
1095.4	0.97951
1095.6	0.97713
1095.8	0.97671
1096.0	0.9772
1096.2	0.97622
1096.4	0.97645
1096.6	0.97686
1096.8	0.97888
1097.0	0.97764
1097.2	0.97648
1097.4	0.9795
1097.6	0.98037
1097.8	0.98172
1098.0	0.97803
1098.2	0.9769
1098.4	0.97763
1098.6	0.97663
1098.8	0.97594
1099.0	0.97755
1099.2	0.98183
1099.4	0.98019
1099.6	0.97946
1099.8	0.98114
1100.0	0.97719
1100.2	0.97537
1100.4	0.97793
1100.6	0.97387
1100.8	0.97228
1101.0	0.97024
1101.2	0.96759
1101.4	0.97331
1101.6	0.97043
1101.8	0.97351
1102.0	0.97161
1102.2	0.97265
1102.4	0.97417
1102.6	0.97358
1102.8	0.97149
1103.0	0.97364
1103.2	0.97346
1103.4	0.9726
1103.6	0.97051
1103.8	0.97078
1104.0	0.97134
1104.2	0.97018
1104.4	0.9747
1104.6	0.97534
1104.8	0.97556
1105.0	0.96814
1105.2	0.96882
1105.4	0.97038
1105.6	0.96918
1105.8	0.97134
1106.0	0.96658
1106.2	0.96742
1106.4	0.9713
1106.6	0.9704
1106.8	0.96617
1107.0	0.96661
1107.2	0.97178
1107.4	0.97173
1107.6	0.97247
1107.8	0.97401
1108.0	0.9785
1108.2	0.97324
1108.4	0.97437
1108.6	0.97368
1108.8	0.97063
1109.0	0.97023
1109.2	0.97049
1109.4	0.97217
1109.6	0.9701
1109.8	0.97176
1110.0	0.97286
1110.2	0.97816
1110.4	0.97641
1110.6	0.97634
1110.8	0.9749
1111.0	0.97753
1111.2	0.97624
1111.4	0.97365
1111.6	0.97324
1111.8	0.9722
1112.0	0.97447
1112.2	0.97504
1112.4	0.97746
1112.6	0.97112
1112.8	0.97947
1113.0	0.97712
1113.2	0.96996
1113.4	0.97782
1113.6	0.97806
1113.8	0.97815
1114.0	0.97761
1114.2	0.97861
1114.4	0.98173
1114.6	0.97946
1114.8	0.981
1115.0	0.97881
1115.2	0.98487
1115.4	0.97858
1115.6	0.98276
1115.8	0.98308
1116.0	0.97914
1116.2	0.98455
1116.4	0.98261
1116.6	0.98454
1116.8	0.98209
1117.0	0.98546
1117.2	0.97708
1117.4	0.98555
1117.6	0.98259
1117.8	0.98279
1118.0	0.9766
1118.2	0.97947
1118.4	0.98214
1118.6	0.99132
1118.8	0.98432
1119.0	0.9832
1119.2	0.98266
1119.4	0.98735
1119.6	0.98505
1119.8	0.984
1120.0	0.97246
1120.2	0.98956
1120.4	0.98889
1120.6	0.98649
1120.8	0.99327
1121.0	0.995
1121.2	0.99389
1121.4	0.99279
1121.6	0.99168
1121.8	0.99058
1122.0	0.98947
1122.2	0.98837
1122.4	0.98727
1122.6	0.98617
1122.8	0.98507
1123.0	0.98398
1123.2	0.98288
1123.4	0.98179
1123.6	0.98069
1123.8	0.9796
1124.0	0.97851
1124.2	0.97742
1124.4	0.97633
1124.6	0.97525
1124.8	0.97416
1125.0	0.97307
1125.2	0.97273
1125.4	0.97239
1125.6	0.97205
1125.8	0.97171
1126.0	0.97136
1126.2	0.97102
1126.4	0.97068
1126.6	0.97034
1126.8	0.97
1127.0	0.96966
1127.2	0.96932
1127.4	0.96897
1127.6	0.96863
1127.8	0.96829
1128.0	0.96795
1128.2	0.96761
1128.4	0.96727
1128.6	0.96693
1128.8	0.96659
1129.0	0.96625
1129.2	0.96591
1129.4	0.96557
1129.6	0.96523
1129.8	0.96489
1130.0	0.96455
1130.2	0.96449
1130.4	0.96443
1130.6	0.96437
1130.8	0.96431
1131.0	0.96425
1131.2	0.96418
1131.4	0.96412
1131.6	0.96406
1131.8	0.964
1132.0	0.96394
1132.2	0.96388
1132.4	0.96382
1132.6	0.96376
1132.8	0.96369
1133.0	0.96363
1133.2	0.96357
1133.4	0.96351
1133.6	0.96345
1133.8	0.96339
1134.0	0.96333
1134.2	0.96327
1134.4	0.9632
1134.6	0.96314
1134.8	0.96308
1135.0	0.96302
1135.2	0.96293
1135.4	0.96283
1135.6	0.96274
1135.8	0.96264
1136.0	0.96255
1136.2	0.96246
1136.4	0.96236
1136.6	0.96227
1136.8	0.96217
1137.0	0.96208
1137.2	0.96199
1137.4	0.96189
1137.6	0.9618
1137.8	0.9617
1138.0	0.96161
1138.2	0.96152
1138.4	0.96142
1138.6	0.96133
1138.8	0.96123
1139.0	0.96114
1139.2	0.96105
1139.4	0.96095
1139.6	0.96086
1139.8	0.96076
1140.0	0.96067
1140.2	0.9606
1140.4	0.96052
1140.6	0.96045
1140.8	0.96038
1141.0	0.96031
1141.2	0.96023
1141.4	0.96016
1141.6	0.96009
1141.8	0.96002
1142.0	0.95994
1142.2	0.95987
1142.4	0.9598
1142.6	0.95972
1142.8	0.95965
1143.0	0.95958
1143.2	0.95951
1143.4	0.95943
1143.6	0.95936
1143.8	0.95929
1144.0	0.95922
1144.2	0.95914
1144.4	0.95907
1144.6	0.959
1144.8	0.95893
1145.0	0.95885
1145.2	0.95933
1145.4	0.9598
1145.6	0.96027
1145.8	0.96075
1146.0	0.96122
1146.2	0.96169
1146.4	0.96217
1146.6	0.96264
1146.8	0.96312
1147.0	0.96359
1147.2	0.96407
1147.4	0.96454
1147.6	0.96502
1147.8	0.9655
1148.0	0.96597
1148.2	0.96645
1148.4	0.96693
1148.6	0.9674
1148.8	0.96788
1149.0	0.96836
1149.2	0.96883
1149.4	0.96931
1149.6	0.96979
1149.8	0.97027
1150.0	0.97075
1150.2	0.9706
1150.4	0.97045
1150.6	0.97031
1150.8	0.97016
1151.0	0.97001
1151.2	0.96987
1151.4	0.96972
1151.6	0.96957
1151.8	0.96943
1152.0	0.96928
1152.2	0.96913
1152.4	0.96899
1152.6	0.96884
1152.8	0.96869
1153.0	0.96855
1153.2	0.9684
1153.4	0.96825
1153.6	0.96811
1153.8	0.96796
1154.0	0.96781
1154.2	0.96767
1154.4	0.96752
1154.6	0.96738
1154.8	0.96723
1155.0	0.96708
1155.2	0.96678
1155.4	0.96648
1155.6	0.96618
1155.8	0.96588
1156.0	0.96558
1156.2	0.96528
1156.4	0.96498
1156.6	0.96468
1156.8	0.96438
1157.0	0.96408
1157.2	0.96379
1157.4	0.96349
1157.6	0.96319
1157.8	0.96289
1158.0	0.96259
1158.2	0.96229
1158.4	0.96199
1158.6	0.96169
1158.8	0.96139
1159.0	0.9611
1159.2	0.9608
1159.4	0.9605
1159.6	0.9602
1159.8	0.9599
1160.0	0.95961
1160.2	0.95935
1160.4	0.9591
1160.6	0.95884
1160.8	0.95859
1161.0	0.95834
1161.2	0.95808
1161.4	0.95783
1161.6	0.95758
1161.8	0.95732
1162.0	0.95707
1162.2	0.95682
1162.4	0.95657
1162.6	0.95631
1162.8	0.95606
1163.0	0.95581
1163.2	0.95556
1163.4	0.9553
1163.6	0.95505
1163.8	0.9548
1164.0	0.95455
1164.2	0.95429
1164.4	0.95404
1164.6	0.95379
1164.8	0.95354
1165.0	0.95328
1165.2	0.95346
1165.4	0.95363
1165.6	0.9538
1165.8	0.95397
1166.0	0.95415
1166.2	0.95432
1166.4	0.95449
1166.6	0.95466
1166.8	0.95484
1167.0	0.95501
1167.2	0.95518
1167.4	0.95535
1167.6	0.95553
1167.8	0.9557
1168.0	0.95587
1168.2	0.95604
1168.4	0.95622
1168.6	0.95639
1168.8	0.95656
1169.0	0.95674
1169.2	0.95691
1169.4	0.95708
1169.6	0.95725
1169.8	0.95743
1170.0	0.9576
1170.2	0.95784
1170.4	0.95809
1170.6	0.95833
1170.8	0.95858
1171.0	0.95882
1171.2	0.95906
1171.4	0.95931
1171.6	0.95955
1171.8	0.9598
1172.0	0.96004
1172.2	0.96029
1172.4	0.96053
1172.6	0.96078
1172.8	0.96102
1173.0	0.96127
1173.2	0.96151
1173.4	0.96176
1173.6	0.962
1173.8	0.96225
1174.0	0.96249
1174.2	0.96274
1174.4	0.96298
1174.6	0.96323
1174.8	0.96347
1175.0	0.96372
1175.2	0.96378
1175.4	0.96384
1175.6	0.9639
1175.8	0.96396
1176.0	0.96402
1176.2	0.96408
1176.4	0.96414
1176.6	0.9642
1176.8	0.96426
1177.0	0.96432
1177.2	0.96438
1177.4	0.96444
1177.6	0.9645
1177.8	0.96455
1178.0	0.96461
1178.2	0.96467
1178.4	0.96473
1178.6	0.96479
1178.8	0.96485
1179.0	0.96491
1179.2	0.96497
1179.4	0.96503
1179.6	0.96509
1179.8	0.96515
1180.0	0.96521
1180.2	0.96491
1180.4	0.9646
1180.6	0.9643
1180.8	0.96399
1181.0	0.96369
1181.2	0.96338
1181.4	0.96308
1181.6	0.96277
1181.8	0.96247
1182.0	0.96216
1182.2	0.96186
1182.4	0.96156
1182.6	0.96125
1182.8	0.96095
1183.0	0.96064
1183.2	0.96034
1183.4	0.96004
1183.6	0.95973
1183.8	0.95943
1184.0	0.95913
1184.2	0.95882
1184.4	0.95852
1184.6	0.95822
1184.8	0.95791
1185.0	0.95761
1185.2	0.95744
1185.4	0.95726
1185.6	0.95709
1185.8	0.95692
1186.0	0.95675
1186.2	0.95658
1186.4	0.9564
1186.6	0.95623
1186.8	0.95606
1187.0	0.95589
1187.2	0.95571
1187.4	0.95554
1187.6	0.95537
1187.8	0.9552
1188.0	0.95503
1188.2	0.95485
1188.4	0.95468
1188.6	0.95451
1188.8	0.95434
1189.0	0.95417
1189.2	0.954
1189.4	0.95382
1189.6	0.95365
1189.8	0.95348
1190.0	0.95331
1190.2	0.95342
1190.4	0.95354
1190.6	0.95366
1190.8	0.95377
1191.0	0.95389
1191.2	0.954
1191.4	0.95412
1191.6	0.95424
1191.8	0.95435
1192.0	0.95447
1192.2	0.95458
1192.4	0.9547
1192.6	0.95482
1192.8	0.95493
1193.0	0.95505
1193.2	0.95516
1193.4	0.95528
1193.6	0.9554
1193.8	0.95551
1194.0	0.95563
1194.2	0.95575
1194.4	0.95586
1194.6	0.95598
1194.8	0.95609
1195.0	0.95621
1195.2	0.95607
1195.4	0.95594
1195.6	0.9558
1195.8	0.95567
1196.0	0.95553
1196.2	0.95539
1196.4	0.95526
1196.6	0.95512
1196.8	0.95499
1197.0	0.95485
1197.2	0.95471
1197.4	0.95458
1197.6	0.95444
1197.8	0.95431
1198.0	0.95417
1198.2	0.95403
1198.4	0.9539
1198.6	0.95376
1198.8	0.95363
1199.0	0.95349
1199.2	0.95336
1199.4	0.95322
1199.6	0.95308
1199.8	0.95295
1200.0	0.95281
1200.2	0.95242
1200.4	0.95203
1200.6	0.95163
1200.8	0.95124
1201.0	0.95085
1201.2	0.95046
1201.4	0.95007
1201.6	0.94967
1201.8	0.94928
1202.0	0.94889
1202.2	0.9485
1202.4	0.94811
1202.6	0.94772
1202.8	0.94733
1203.0	0.94694
1203.2	0.94655
1203.4	0.94616
1203.6	0.94577
1203.8	0.94538
1204.0	0.94499
1204.2	0.9446
1204.4	0.94421
1204.6	0.94382
1204.8	0.94343
1205.0	0.94304
1205.2	0.9422
1205.4	0.94135
1205.6	0.94051
1205.8	0.93967
1206.0	0.93883
1206.2	0.938
1206.4	0.93716
1206.6	0.93632
1206.8	0.93548
1207.0	0.93465
1207.2	0.93381
1207.4	0.93298
1207.6	0.93214
1207.8	0.93131
1208.0	0.93048
1208.2	0.92965
1208.4	0.92882
1208.6	0.92799
1208.8	0.92716
1209.0	0.92633
1209.2	0.9255
1209.4	0.92468
1209.6	0.92385
1209.8	0.92302
1210.0	0.9222
