Typical Measured Spectrum of Semrock Di02-R594 Optical Filter	
For wavelengths between 320 and 1120 nm, values near or below 3e-7 (Optical Density 6.5) are measurement noise limited.
For wavelengths < 320 nm and > 1120 nm, values near or below 3e-6 (Optical Density 5.5) are measurement noise limited. 
Data format:  Wavelength (nm) <tab> Transmission (0 to 1)
345.0	8.1186e-04
345.2	7.7327e-04
345.4	6.7441e-04
345.6	6.0652e-04
345.8	5.2545e-04
346.0	8.1724e-04
346.2	5.5557e-04
346.4	5.0854e-04
346.6	6.0677e-04
346.8	5.2433e-04
347.0	4.0379e-04
347.2	8.0477e-04
347.4	6.6298e-04
347.6	4.9009e-04
347.8	4.5159e-04
348.0	5.9052e-04
348.2	6.4052e-04
348.4	7.3591e-04
348.6	6.3428e-04
348.8	6.6764e-04
349.0	6.3818e-04
349.2	5.532e-04
349.4	5.4549e-04
349.6	4.8668e-04
349.8	5.3323e-04
350.0	5.2872e-04
350.2	4.4424e-04
350.4	5.071e-04
350.6	3.6671e-04
350.8	5.1696e-04
351.0	4.5637e-04
351.2	5.4895e-04
351.4	5.0055e-04
351.6	5.9614e-04
351.8	3.5177e-04
352.0	5.8388e-04
352.2	4.5163e-04
352.4	7.0798e-04
352.6	7.5245e-04
352.8	6.9922e-04
353.0	5.8803e-04
353.2	6.9328e-04
353.4	7.9464e-04
353.6	8.3697e-04
353.8	8.5232e-04
354.0	9.6998e-04
354.2	9.8439e-04
354.4	8.0359e-04
354.6	0.001
354.8	0.00126
355.0	0.00116
355.2	0.00106
355.4	0.00116
355.6	0.00122
355.8	0.00104
356.0	0.00129
356.2	0.00171
356.4	0.00173
356.6	0.00179
356.8	0.00173
357.0	0.00182
357.2	0.00199
357.4	0.00221
357.6	0.00272
357.8	0.00362
358.0	0.0039
358.2	0.00432
358.4	0.00423
358.6	0.00363
358.8	0.00366
359.0	0.00377
359.2	0.00479
359.4	0.0054
359.6	0.00625
359.8	0.00664
360.0	0.00571
360.2	0.00477
360.4	0.004
360.6	0.0043
360.8	0.00567
361.0	0.00762
361.2	0.00935
361.4	0.00992
361.6	0.00965
361.8	0.00895
362.0	0.00738
362.2	0.00752
362.4	0.00776
362.6	0.00832
362.8	0.00819
363.0	0.00793
363.2	0.0069
363.4	0.00563
363.6	0.00486
363.8	0.00424
364.0	0.00386
364.2	0.00358
364.4	0.00275
364.6	0.00214
364.8	0.00169
365.0	0.0012
365.2	0.00135
365.4	0.00134
365.6	0.00139
365.8	0.00142
366.0	7.5009e-04
366.2	4.9871e-04
366.4	3.7127e-04
366.6	3.6708e-04
366.8	3.6089e-04
367.0	3.5476e-04
367.2	4.1519e-04
367.4	4.02e-04
367.6	3.4907e-04
367.8	3.4954e-04
368.0	3.4824e-04
368.2	3.4532e-04
368.4	3.7269e-04
368.6	3.3293e-04
368.8	3.6311e-04
369.0	3.2533e-04
369.2	4.0352e-04
369.4	3.2695e-04
369.6	3.1888e-04
369.8	3.1672e-04
370.0	3.1436e-04
370.2	3.3656e-04
370.4	3.1359e-04
370.6	3.1496e-04
370.8	3.5042e-04
371.0	3.1235e-04
371.2	3.3227e-04
371.4	3.0339e-04
371.6	3.4179e-04
371.8	2.9641e-04
372.0	2.9482e-04
372.2	2.9369e-04
372.4	2.9447e-04
372.6	3.1643e-04
372.8	3.2495e-04
373.0	2.9998e-04
373.2	2.7931e-04
373.4	2.7425e-04
373.6	3.2295e-04
373.8	3.6846e-04
374.0	3.2729e-04
374.2	2.9785e-04
374.4	2.7888e-04
374.6	2.8854e-04
374.8	3.1916e-04
375.0	2.5473e-04
375.2	2.8305e-04
375.4	4.5499e-04
375.6	3.3943e-04
375.8	2.6375e-04
376.0	2.6132e-04
376.2	2.5448e-04
376.4	2.4057e-04
376.6	2.7512e-04
376.8	2.5781e-04
377.0	2.4143e-04
377.2	3.0537e-04
377.4	4.7146e-04
377.6	5.5507e-04
377.8	4.7963e-04
378.0	3.1269e-04
378.2	2.6142e-04
378.4	2.4157e-04
378.6	2.6676e-04
378.8	2.1896e-04
379.0	2.1839e-04
379.2	2.6568e-04
379.4	2.354e-04
379.6	3.1515e-04
379.8	3.6604e-04
380.0	2.8759e-04
380.2	2.7481e-04
380.4	2.5688e-04
380.6	2.0517e-04
380.8	2.473e-04
381.0	1.9716e-04
381.2	1.9464e-04
381.4	2.1463e-04
381.6	1.9562e-04
381.8	2.5162e-04
382.0	2.9086e-04
382.2	3.051e-04
382.4	2.6087e-04
382.6	1.9389e-04
382.8	2.0399e-04
383.0	1.7911e-04
383.2	2.5398e-04
383.4	1.7477e-04
383.6	1.9494e-04
383.8	1.8079e-04
384.0	1.8263e-04
384.2	2.0067e-04
384.4	1.9595e-04
384.6	2.709e-04
384.8	3.6075e-04
385.0	2.8812e-04
385.2	3.1358e-04
385.4	1.9341e-04
385.6	1.7609e-04
385.8	2.0406e-04
386.0	2.5603e-04
386.2	2.4223e-04
386.4	2.5115e-04
386.6	2.1435e-04
386.8	2.9229e-04
387.0	2.7359e-04
387.2	2.791e-04
387.4	4.2448e-04
387.6	5.0766e-04
387.8	5.3679e-04
388.0	5.034e-04
388.2	4.8033e-04
388.4	4.8901e-04
388.6	3.9092e-04
388.8	3.3526e-04
389.0	3.7513e-04
389.2	4.6964e-04
389.4	6.6036e-04
389.6	0.00101
389.8	0.0012
390.0	0.00141
390.2	0.00137
390.4	0.00131
390.6	0.00121
390.8	0.00124
391.0	0.00121
391.2	0.00142
391.4	0.00215
391.6	0.00361
391.8	0.00545
392.0	0.00736
392.2	0.00884
392.4	0.00806
392.6	0.00758
392.8	0.00632
393.0	0.00442
393.2	0.00353
393.4	0.00369
393.6	0.00414
393.8	0.00546
394.0	0.00694
394.2	0.00796
394.4	0.00747
394.6	0.00709
394.8	0.00546
395.0	0.00348
395.2	0.00227
395.4	0.00184
395.6	0.00131
395.8	0.00137
396.0	0.00161
396.2	0.0018
396.4	0.00233
396.6	0.00278
396.8	0.00343
397.0	0.0038
397.2	0.00347
397.4	0.00345
397.6	0.00292
397.8	0.00238
398.0	0.00202
398.2	0.00218
398.4	0.00224
398.6	0.0022
398.8	0.00264
399.0	0.00273
399.2	0.00299
399.4	0.00292
399.6	0.00259
399.8	0.00235
400.0	0.00196
400.2	0.00178
400.4	0.00149
400.6	0.00156
400.8	0.00168
401.0	0.00229
401.2	0.003
401.4	0.0048
401.6	0.00666
401.8	0.00742
402.0	0.00763
402.2	0.00682
402.4	0.00559
402.6	0.00374
402.8	0.00251
403.0	0.00181
403.2	0.0012
403.4	0.00123
403.6	0.00129
403.8	0.0013
404.0	0.00195
404.2	0.00292
404.4	0.00395
404.6	0.00536
404.8	0.00639
405.0	0.00647
405.2	0.00585
405.4	0.00437
405.6	0.00318
405.8	0.00202
406.0	0.0018
406.2	0.00134
406.4	0.00112
406.6	0.0012
406.8	0.00161
407.0	0.00164
407.2	0.00226
407.4	0.00301
407.6	0.00353
407.8	0.00417
408.0	0.00452
408.2	0.00422
408.4	0.00389
408.6	0.00312
408.8	0.00268
409.0	0.00219
409.2	0.00209
409.4	0.00189
409.6	0.00222
409.8	0.0023
410.0	0.00281
410.2	0.00358
410.4	0.00469
410.6	0.00635
410.8	0.00782
411.0	0.00914
411.2	0.00965
411.4	0.00958
411.6	0.00892
411.8	0.00771
412.0	0.00683
412.2	0.00627
412.4	0.0061
412.6	0.00603
412.8	0.00667
413.0	0.00733
413.2	0.00873
413.4	0.01023
413.6	0.01281
413.8	0.01559
414.0	0.01915
414.2	0.02182
414.4	0.02301
414.6	0.02225
414.8	0.01997
415.0	0.01688
415.2	0.01326
415.4	0.01032
415.6	0.0083
415.8	0.00658
416.0	0.00542
416.2	0.00489
416.4	0.00456
416.6	0.00414
416.8	0.00442
417.0	0.00475
417.2	0.00525
417.4	0.00594
417.6	0.00677
417.8	0.00776
418.0	0.00812
418.2	0.00809
418.4	0.00742
418.6	0.00642
418.8	0.00519
419.0	0.00428
419.2	0.00361
419.4	0.00299
419.6	0.00285
419.8	0.00251
420.0	0.00268
420.2	0.00295
420.4	0.00327
420.6	0.00378
420.8	0.00458
421.0	0.00505
421.2	0.0054
421.4	0.00532
421.6	0.00502
421.8	0.00437
422.0	0.00374
422.2	0.00299
422.4	0.00239
422.6	0.0021
422.8	0.00195
423.0	0.00191
423.2	0.00192
423.4	0.0021
423.6	0.00245
423.8	0.00306
424.0	0.0041
424.2	0.00566
424.4	0.00744
424.6	0.00879
424.8	0.00944
425.0	0.00946
425.2	0.00865
425.4	0.00737
425.6	0.00579
425.8	0.00471
426.0	0.00399
426.2	0.00385
426.4	0.00386
426.6	0.00405
426.8	0.00439
427.0	0.005
427.2	0.00593
427.4	0.00738
427.6	0.00929
427.8	0.01114
428.0	0.01246
428.2	0.0127
428.4	0.01195
428.6	0.01065
428.8	0.00861
429.0	0.00684
429.2	0.00536
429.4	0.00453
429.6	0.00401
429.8	0.00387
430.0	0.00392
430.2	0.00429
430.4	0.00483
430.6	0.00583
430.8	0.00694
431.0	0.00804
431.2	0.00902
431.4	0.00929
431.6	0.00925
431.8	0.00847
432.0	0.00728
432.2	0.00621
432.4	0.00516
432.6	0.00449
432.8	0.00408
433.0	0.00382
433.2	0.00371
433.4	0.00384
433.6	0.00418
433.8	0.00476
434.0	0.00567
434.2	0.00692
434.4	0.00853
434.6	0.01016
434.8	0.01137
435.0	0.01229
435.2	0.01243
435.4	0.01175
435.6	0.01052
435.8	0.00925
436.0	0.008
436.2	0.00708
436.4	0.0064
436.6	0.00612
436.8	0.00599
437.0	0.00607
437.2	0.00645
437.4	0.00697
437.6	0.00785
437.8	0.00919
438.0	0.01089
438.2	0.01309
438.4	0.01608
438.6	0.01921
438.8	0.02211
439.0	0.0242
439.2	0.02492
439.4	0.02429
439.6	0.02186
439.8	0.01863
440.0	0.01539
440.2	0.01255
440.4	0.01003
440.6	0.00828
440.8	0.00694
441.0	0.00599
441.2	0.00556
441.4	0.00505
441.6	0.00491
441.8	0.00466
442.0	0.00507
442.2	0.0054
442.4	0.0058
442.6	0.00626
442.8	0.00722
443.0	0.00809
443.2	0.00896
443.4	0.0093
443.6	0.0095
443.8	0.00895
444.0	0.00818
444.2	0.00703
444.4	0.00588
444.6	0.00484
444.8	0.0041
445.0	0.00348
445.2	0.00311
445.4	0.00282
445.6	0.00257
445.8	0.00235
446.0	0.00239
446.2	0.00256
446.4	0.00272
446.6	0.00315
446.8	0.0038
447.0	0.00446
447.2	0.00524
447.4	0.00617
447.6	0.00693
447.8	0.00701
448.0	0.00693
448.2	0.00622
448.4	0.00546
448.6	0.00458
448.8	0.00382
449.0	0.0032
449.2	0.00285
449.4	0.00243
449.6	0.0022
449.8	0.00221
450.0	0.00214
450.2	0.00219
450.4	0.00241
450.6	0.00273
450.8	0.00332
451.0	0.00411
451.2	0.00548
451.4	0.00731
451.6	0.00986
451.8	0.01221
452.0	0.01414
452.2	0.01516
452.4	0.015
452.6	0.01415
452.8	0.01251
453.0	0.01047
453.2	0.00869
453.4	0.00737
453.6	0.00654
453.8	0.00614
454.0	0.00623
454.2	0.00661
454.4	0.00747
454.6	0.00899
454.8	0.01118
455.0	0.01372
455.2	0.01661
455.4	0.0191
455.6	0.02079
455.8	0.02128
456.0	0.02081
456.2	0.0191
456.4	0.01683
456.6	0.01423
456.8	0.01179
457.0	0.00994
457.2	0.00862
457.4	0.00791
457.6	0.00761
457.8	0.00747
458.0	0.00776
458.2	0.00813
458.4	0.00875
458.6	0.00917
458.8	0.0094
459.0	0.00941
459.2	0.00913
459.4	0.00863
459.6	0.00781
459.8	0.00687
460.0	0.00592
460.2	0.0052
460.4	0.00446
460.6	0.00397
460.8	0.0037
461.0	0.00342
461.2	0.00343
461.4	0.00341
461.6	0.00359
461.8	0.00385
462.0	0.00426
462.2	0.00486
462.4	0.00552
462.6	0.00635
462.8	0.00706
463.0	0.00772
463.2	0.00792
463.4	0.00767
463.6	0.00714
463.8	0.00639
464.0	0.00545
464.2	0.00459
464.4	0.00385
464.6	0.00326
464.8	0.00284
465.0	0.0025
465.2	0.00228
465.4	0.00218
465.6	0.0021
465.8	0.00209
466.0	0.00214
466.2	0.00222
466.4	0.00239
466.6	0.0027
466.8	0.00294
467.0	0.00353
467.2	0.00419
467.4	0.00512
467.6	0.00653
467.8	0.00819
468.0	0.00977
468.2	0.01129
468.4	0.01278
468.6	0.01376
468.8	0.014
469.0	0.0133
469.2	0.01216
469.4	0.01047
469.6	0.00889
469.8	0.00743
470.0	0.00645
470.2	0.00554
470.4	0.00492
470.6	0.0045
470.8	0.00424
471.0	0.00406
471.2	0.00387
471.4	0.00385
471.6	0.00392
471.8	0.00404
472.0	0.00417
472.2	0.00432
472.4	0.00475
472.6	0.00517
472.8	0.00579
473.0	0.00649
473.2	0.0074
473.4	0.0084
473.6	0.0096
473.8	0.0105
474.0	0.01137
474.2	0.01172
474.4	0.01172
474.6	0.01112
474.8	0.01016
475.0	0.00907
475.2	0.00782
475.4	0.00677
475.6	0.00581
475.8	0.00511
476.0	0.00445
476.2	0.004
476.4	0.00373
476.6	0.00343
476.8	0.00329
477.0	0.00315
477.2	0.00325
477.4	0.00331
477.6	0.00342
477.8	0.00356
478.0	0.00371
478.2	0.00407
478.4	0.00446
478.6	0.00488
478.8	0.00531
479.0	0.00576
479.2	0.00595
479.4	0.00604
479.6	0.00601
479.8	0.00578
480.0	0.00546
480.2	0.00498
480.4	0.00456
480.6	0.00416
480.8	0.00368
481.0	0.00338
481.2	0.00311
481.4	0.00295
481.6	0.00283
481.8	0.00267
482.0	0.00262
482.2	0.00261
482.4	0.00259
482.6	0.00279
482.8	0.00284
483.0	0.00314
483.2	0.00339
483.4	0.00374
483.6	0.00419
483.8	0.00474
484.0	0.00537
484.2	0.00626
484.4	0.0071
484.6	0.00797
484.8	0.00868
485.0	0.00936
485.2	0.00964
485.4	0.00974
485.6	0.00952
485.8	0.0092
486.0	0.00864
486.2	0.00806
486.4	0.00759
486.6	0.00707
486.8	0.00671
487.0	0.00638
487.2	0.00614
487.4	0.006
487.6	0.00605
487.8	0.00613
488.0	0.00635
488.2	0.00659
488.4	0.00699
488.6	0.00743
488.8	0.00801
489.0	0.00891
489.2	0.0098
489.4	0.01091
489.6	0.01222
489.8	0.01371
490.0	0.01518
490.2	0.01686
490.4	0.01843
490.6	0.01973
490.8	0.02094
491.0	0.02146
491.2	0.02158
491.4	0.02125
491.6	0.02042
491.8	0.01944
492.0	0.01834
492.2	0.01695
492.4	0.01557
492.6	0.01458
492.8	0.01345
493.0	0.01251
493.2	0.01177
493.4	0.0112
493.6	0.01075
493.8	0.01041
494.0	0.01027
494.2	0.01018
494.4	0.01024
494.6	0.0104
494.8	0.01067
495.0	0.01114
495.2	0.01168
495.4	0.01231
495.6	0.01301
495.8	0.0138
496.0	0.01466
496.2	0.01534
496.4	0.01597
496.6	0.01651
496.8	0.01655
497.0	0.01651
497.2	0.01607
497.4	0.01534
497.6	0.01452
497.8	0.01352
498.0	0.01252
498.2	0.01166
498.4	0.01077
498.6	0.01014
498.8	0.00949
499.0	0.00907
499.2	0.0088
499.4	0.00848
499.6	0.00835
499.8	0.00839
500.0	0.00848
500.2	0.00881
500.4	0.0092
500.6	0.00971
500.8	0.01031
501.0	0.01113
501.2	0.01213
501.4	0.0133
501.6	0.0148
501.8	0.01628
502.0	0.01797
502.2	0.01986
502.4	0.0217
502.6	0.02338
502.8	0.02493
503.0	0.02621
503.2	0.02694
503.4	0.0273
503.6	0.02733
503.8	0.02671
504.0	0.02593
504.2	0.02479
504.4	0.02355
504.6	0.02231
504.8	0.021
505.0	0.01991
505.2	0.0189
505.4	0.01795
505.6	0.01715
505.8	0.01652
506.0	0.01598
506.2	0.01552
506.4	0.01513
506.6	0.01477
506.8	0.0145
507.0	0.01442
507.2	0.01435
507.4	0.01438
507.6	0.01427
507.8	0.01428
508.0	0.01433
508.2	0.01428
508.4	0.01422
508.6	0.01406
508.8	0.01384
509.0	0.01345
509.2	0.01303
509.4	0.01235
509.6	0.01175
509.8	0.01099
510.0	0.01028
510.2	0.00947
510.4	0.00882
510.6	0.00819
510.8	0.00758
511.0	0.00714
511.2	0.00666
511.4	0.00641
511.6	0.00612
511.8	0.00599
512.0	0.00588
512.2	0.00591
512.4	0.006
512.6	0.00614
512.8	0.0064
513.0	0.00671
513.2	0.00714
513.4	0.00774
513.6	0.00824
513.8	0.00886
514.0	0.00947
514.2	0.01008
514.4	0.01054
514.6	0.01094
514.8	0.01103
515.0	0.01099
515.2	0.01067
515.4	0.0101
515.6	0.00939
515.8	0.00856
516.0	0.00764
516.2	0.00678
516.4	0.00598
516.6	0.0052
516.8	0.00461
517.0	0.00417
517.2	0.00377
517.4	0.00342
517.6	0.00312
517.8	0.00294
518.0	0.00282
518.2	0.00267
518.4	0.00263
518.6	0.00256
518.8	0.00255
519.0	0.00253
519.2	0.00259
519.4	0.00263
519.6	0.00273
519.8	0.00287
520.0	0.00307
520.2	0.00327
520.4	0.00362
520.6	0.00383
520.8	0.00428
521.0	0.00474
521.2	0.00523
521.4	0.00573
521.6	0.00627
521.8	0.00675
522.0	0.00724
522.2	0.00759
522.4	0.00785
522.6	0.00797
522.8	0.00804
523.0	0.00794
523.2	0.00783
523.4	0.00757
523.6	0.00738
523.8	0.00711
524.0	0.00697
524.2	0.00684
524.4	0.0068
524.6	0.00673
524.8	0.00673
525.0	0.0069
525.2	0.00708
525.4	0.00734
525.6	0.00777
525.8	0.00829
526.0	0.00887
526.2	0.00965
526.4	0.01059
526.6	0.01173
526.8	0.01303
527.0	0.01468
527.2	0.01646
527.4	0.0184
527.6	0.02061
527.8	0.02293
528.0	0.02538
528.2	0.02782
528.4	0.03
528.6	0.03184
528.8	0.03332
529.0	0.03447
529.2	0.03484
529.4	0.03463
529.6	0.03395
529.8	0.03279
530.0	0.03113
530.2	0.02908
530.4	0.02695
530.6	0.02467
530.8	0.02251
531.0	0.02022
531.2	0.01821
531.4	0.01636
531.6	0.01463
531.8	0.01322
532.0	0.01194
532.2	0.01083
532.4	0.00995
532.6	0.0092
532.8	0.00865
533.0	0.00827
533.2	0.00783
533.4	0.00771
533.6	0.0076
533.8	0.00758
534.0	0.00774
534.2	0.00807
534.4	0.00862
534.6	0.00932
534.8	0.01022
535.0	0.01118
535.2	0.01219
535.4	0.01287
535.6	0.01338
535.8	0.0137
536.0	0.01355
536.2	0.01307
536.4	0.01229
536.6	0.01131
536.8	0.0102
537.0	0.00897
537.2	0.00772
537.4	0.00654
537.6	0.00536
537.8	0.00445
538.0	0.00373
538.2	0.00312
538.4	0.00263
538.6	0.00236
538.8	0.00207
539.0	0.00186
539.2	0.00173
539.4	0.0016
539.6	0.00155
539.8	0.00147
540.0	0.00145
540.2	0.00147
540.4	0.00146
540.6	0.0015
540.8	0.00155
541.0	0.00158
541.2	0.00165
541.4	0.00174
541.6	0.00182
541.8	0.00192
542.0	0.00204
542.2	0.00215
542.4	0.00223
542.6	0.0023
542.8	0.00231
543.0	0.00261
543.2	0.00293
543.4	0.0028
543.6	0.00263
543.8	0.00256
544.0	0.00242
544.2	0.0023
544.4	0.00211
544.6	0.00202
544.8	0.00186
545.0	0.00181
545.2	0.00176
545.4	0.00164
545.6	0.00162
545.8	0.00153
546.0	0.00149
546.2	0.00142
546.4	0.00148
546.6	0.00148
546.8	0.00147
547.0	0.00148
547.2	0.00148
547.4	0.00151
547.6	0.00155
547.8	0.00167
548.0	0.00165
548.2	0.00175
548.4	0.00188
548.6	0.00196
548.8	0.00201
549.0	0.00224
549.2	0.00234
549.4	0.00244
549.6	0.00254
549.8	0.00258
550.0	0.00259
550.2	0.00259
550.4	0.00248
550.6	0.00246
550.8	0.00229
551.0	0.00217
551.2	0.00202
551.4	0.00194
551.6	0.00181
551.8	0.00165
552.0	0.00157
552.2	0.00153
552.4	0.00145
552.6	0.00141
552.8	0.00137
553.0	0.00133
553.2	0.00132
553.4	0.0013
553.6	0.00131
553.8	0.00133
554.0	0.00132
554.2	0.0013
554.4	0.00134
554.6	0.00139
554.8	0.0014
555.0	0.00152
555.2	0.00155
555.4	0.00165
555.6	0.0018
555.8	0.00197
556.0	0.00212
556.2	0.00238
556.4	0.00272
556.6	0.00299
556.8	0.00334
557.0	0.00366
557.2	0.00392
557.4	0.00412
557.6	0.0042
557.8	0.00417
558.0	0.00398
558.2	0.00377
558.4	0.00346
558.6	0.00312
558.8	0.00282
559.0	0.00253
559.2	0.00231
559.4	0.00217
559.6	0.00199
559.8	0.00186
560.0	0.00175
560.2	0.00167
560.4	0.00163
560.6	0.0016
560.8	0.00162
561.0	0.00157
561.2	0.00153
561.4	0.00157
561.6	0.00159
561.8	0.00162
562.0	0.00168
562.2	0.00177
562.4	0.00186
562.6	0.00202
562.8	0.00217
563.0	0.00239
563.2	0.0027
563.4	0.00314
563.6	0.00363
563.8	0.00437
564.0	0.00526
564.2	0.00632
564.4	0.00748
564.6	0.00852
564.8	0.00934
565.0	0.0098
565.2	0.00996
565.4	0.00977
565.6	0.00919
565.8	0.00833
566.0	0.00727
566.2	0.00628
566.4	0.00537
566.6	0.00459
566.8	0.00398
567.0	0.00355
567.2	0.00321
567.4	0.00298
567.6	0.0028
567.8	0.00267
568.0	0.00261
568.2	0.00258
568.4	0.00257
568.6	0.00265
568.8	0.00264
569.0	0.00273
569.2	0.00288
569.4	0.00311
569.6	0.00335
569.8	0.00375
570.0	0.00424
570.2	0.00495
570.4	0.00594
570.6	0.00744
570.8	0.00966
571.0	0.01279
571.2	0.0166
571.4	0.0207
571.6	0.02399
571.8	0.02602
572.0	0.02667
572.2	0.02589
572.4	0.02387
572.6	0.02091
572.8	0.01731
573.0	0.01372
573.2	0.01057
573.4	0.00823
573.6	0.00659
573.8	0.00544
574.0	0.00464
574.2	0.00415
574.4	0.00373
574.6	0.00346
574.8	0.00322
575.0	0.00313
575.2	0.00306
575.4	0.00299
575.6	0.00294
575.8	0.00297
576.0	0.00303
576.2	0.00306
576.4	0.00322
576.6	0.00339
576.8	0.0036
577.0	0.00381
577.2	0.004
577.4	0.00423
577.6	0.00439
577.8	0.00463
578.0	0.00473
578.2	0.00496
578.4	0.005
578.6	0.00508
578.8	0.00511
579.0	0.00511
579.2	0.00501
579.4	0.00497
579.6	0.00485
579.8	0.00458
580.0	0.00451
580.2	0.00427
580.4	0.00402
580.6	0.00379
580.8	0.00358
581.0	0.00334
581.2	0.00303
581.4	0.00282
581.6	0.00261
581.8	0.00251
582.0	0.00234
582.2	0.0022
582.4	0.00212
582.6	0.00198
582.8	0.00189
583.0	0.00184
583.2	0.0018
583.4	0.00179
583.6	0.00173
583.8	0.0017
584.0	0.00166
584.2	0.00165
584.4	0.00169
584.6	0.00163
584.8	0.00156
585.0	0.00164
585.2	0.00163
585.4	0.00166
585.6	0.00166
585.8	0.0017
586.0	0.00169
586.2	0.00174
586.4	0.00176
586.6	0.00176
586.8	0.00181
587.0	0.00183
587.2	0.00189
587.4	0.00189
587.6	0.00199
587.8	0.00204
588.0	0.0021
588.2	0.00221
588.4	0.00224
588.6	0.00236
588.8	0.00248
589.0	0.00255
589.2	0.00266
589.4	0.00285
589.6	0.00294
589.8	0.00312
590.0	0.00329
590.2	0.00351
590.4	0.00369
590.6	0.00393
590.8	0.00418
591.0	0.00443
591.2	0.00475
591.4	0.00506
591.6	0.00539
591.8	0.00575
592.0	0.00624
592.2	0.0067
592.4	0.00723
592.6	0.00774
592.8	0.00828
593.0	0.00891
593.2	0.00963
593.4	0.01036
593.6	0.01114
593.8	0.01209
594.0	0.01296
594.2	0.01399
594.4	0.01521
594.6	0.01644
594.8	0.01783
595.0	0.01944
595.2	0.02132
595.4	0.02346
595.6	0.02586
595.8	0.0286
596.0	0.03185
596.2	0.03558
596.4	0.03993
596.6	0.04538
596.8	0.05165
597.0	0.05932
597.2	0.06844
597.4	0.07984
597.6	0.0931
597.8	0.10936
598.0	0.12919
598.2	0.15277
598.4	0.18032
598.6	0.21126
598.8	0.2453
599.0	0.2832
599.2	0.32378
599.4	0.36583
599.6	0.40733
599.8	0.44944
600.0	0.48933
600.2	0.52641
600.4	0.56043
600.6	0.59081
600.8	0.61927
601.0	0.64715
601.2	0.67272
601.4	0.69767
601.6	0.72099
601.8	0.74612
602.0	0.76854
602.2	0.79016
602.4	0.81407
602.6	0.83884
602.8	0.85853
603.0	0.87738
603.2	0.89386
603.4	0.90679
603.6	0.92014
603.8	0.93241
604.0	0.94035
604.2	0.94752
604.4	0.95249
604.6	0.95476
604.8	0.95677
605.0	0.96022
605.2	0.96296
605.4	0.96305
605.6	0.96403
605.8	0.96478
606.0	0.96521
606.2	0.96511
606.4	0.96711
606.6	0.96444
606.8	0.96084
607.0	0.96049
607.2	0.96005
607.4	0.95991
607.6	0.96042
607.8	0.95981
608.0	0.96049
608.2	0.96026
608.4	0.95995
608.6	0.96134
608.8	0.96344
609.0	0.9632
609.2	0.96139
609.4	0.96019
609.6	0.95997
609.8	0.9595
610.0	0.95869
610.2	0.9583
610.4	0.95597
610.6	0.95416
610.8	0.95373
611.0	0.9522
611.2	0.95198
611.4	0.95188
611.6	0.95176
611.8	0.94873
612.0	0.9455
612.2	0.9463
612.4	0.94578
612.6	0.94866
612.8	0.949
613.0	0.949
613.2	0.95024
613.4	0.94912
613.6	0.94852
613.8	0.94902
614.0	0.94963
614.2	0.95021
614.4	0.95084
614.6	0.94961
614.8	0.9472
615.0	0.94857
615.2	0.949
615.4	0.94914
615.6	0.9486
615.8	0.94918
616.0	0.94998
616.2	0.95037
616.4	0.94962
616.6	0.948
616.8	0.94629
617.0	0.94606
617.2	0.94565
617.4	0.94491
617.6	0.94215
617.8	0.94138
618.0	0.94195
618.2	0.944
618.4	0.94488
618.6	0.94409
618.8	0.94487
619.0	0.94501
619.2	0.94424
619.4	0.94491
619.6	0.94379
619.8	0.94525
620.0	0.94497
620.2	0.94451
620.4	0.94471
620.6	0.94515
620.8	0.94548
621.0	0.94627
621.2	0.94998
621.4	0.95049
621.6	0.95035
621.8	0.9511
622.0	0.95233
622.2	0.953
622.4	0.95181
622.6	0.95223
622.8	0.95526
623.0	0.95637
623.2	0.95563
623.4	0.95563
623.6	0.95673
623.8	0.95685
624.0	0.95895
624.2	0.95875
624.4	0.95949
624.6	0.95764
624.8	0.96037
625.0	0.96029
625.2	0.96044
625.4	0.95967
625.6	0.96137
625.8	0.96217
626.0	0.96176
626.2	0.96116
626.4	0.96069
626.6	0.96159
626.8	0.96108
627.0	0.9621
627.2	0.96326
627.4	0.96256
627.6	0.96084
627.8	0.96282
628.0	0.96184
628.2	0.96201
628.4	0.96132
628.6	0.96225
628.8	0.95931
629.0	0.95972
629.2	0.95897
629.4	0.9586
629.6	0.95805
629.8	0.95778
630.0	0.95701
630.2	0.95926
630.4	0.96165
630.6	0.96305
630.8	0.96306
631.0	0.96373
631.2	0.96353
631.4	0.96425
631.6	0.9648
631.8	0.9644
632.0	0.96425
632.2	0.9655
632.4	0.9669
632.6	0.96792
632.8	0.96718
633.0	0.96509
633.2	0.9649
633.4	0.96391
633.6	0.96375
633.8	0.96426
634.0	0.96606
634.2	0.96545
634.4	0.9649
634.6	0.96355
634.8	0.96177
635.0	0.96295
635.2	0.96357
635.4	0.9632
635.6	0.96372
635.8	0.96341
636.0	0.9619
636.2	0.96148
636.4	0.96273
636.6	0.9626
636.8	0.96065
637.0	0.96021
637.2	0.96044
637.4	0.96016
637.6	0.95862
637.8	0.95932
638.0	0.96019
638.2	0.96114
638.4	0.96224
638.6	0.96283
638.8	0.96302
639.0	0.96261
639.2	0.96193
639.4	0.96161
639.6	0.96238
639.8	0.96374
640.0	0.96531
640.2	0.96801
640.4	0.9684
640.6	0.9684
640.8	0.96822
641.0	0.96736
641.2	0.96487
641.4	0.96332
641.6	0.96427
641.8	0.96371
642.0	0.96526
642.2	0.96582
642.4	0.96644
642.6	0.96569
642.8	0.96425
643.0	0.96454
643.2	0.96695
643.4	0.96687
643.6	0.96617
643.8	0.96765
644.0	0.96638
644.2	0.96632
644.4	0.96647
644.6	0.96669
644.8	0.96573
645.0	0.96507
645.2	0.9649
645.4	0.96577
645.6	0.96921
645.8	0.96975
646.0	0.96956
646.2	0.9705
646.4	0.97163
646.6	0.97078
646.8	0.97042
647.0	0.96951
647.2	0.96846
647.4	0.97101
647.6	0.97086
647.8	0.96965
648.0	0.96866
648.2	0.9683
648.4	0.9715
648.6	0.97231
648.8	0.96959
649.0	0.97022
649.2	0.97079
649.4	0.97043
649.6	0.96659
649.8	0.96652
650.0	0.96566
650.2	0.96583
650.4	0.96534
650.6	0.96364
650.8	0.96351
651.0	0.96534
651.2	0.96738
651.4	0.96535
651.6	0.96498
651.8	0.96604
652.0	0.96594
652.2	0.96353
652.4	0.96166
652.6	0.9628
652.8	0.96141
653.0	0.96253
653.2	0.96465
653.4	0.96678
653.6	0.96859
653.8	0.967
654.0	0.96554
654.2	0.9654
654.4	0.96698
654.6	0.96997
654.8	0.97025
655.0	0.96883
655.2	0.96616
655.4	0.9644
655.6	0.96391
655.8	0.96212
656.0	0.96283
656.2	0.96516
656.4	0.96508
656.6	0.96546
656.8	0.96474
657.0	0.96591
657.2	0.96593
657.4	0.96574
657.6	0.96421
657.8	0.96274
658.0	0.96187
658.2	0.96247
658.4	0.96258
658.6	0.96166
658.8	0.96057
659.0	0.95814
659.2	0.96047
659.4	0.96068
659.6	0.95983
659.8	0.95977
660.0	0.96008
660.2	0.96022
660.4	0.96097
660.6	0.96102
660.8	0.96052
661.0	0.96192
661.2	0.96204
661.4	0.96114
661.6	0.96307
661.8	0.96361
662.0	0.96587
662.2	0.96704
662.4	0.96655
662.6	0.9655
662.8	0.9654
663.0	0.96593
663.2	0.96785
663.4	0.96982
663.6	0.96987
663.8	0.97047
664.0	0.97031
664.2	0.97133
664.4	0.97051
664.6	0.97117
664.8	0.9733
665.0	0.97115
665.2	0.97022
665.4	0.971
665.6	0.97121
665.8	0.96973
666.0	0.96999
666.2	0.97056
666.4	0.97053
666.6	0.97078
666.8	0.96784
667.0	0.96692
667.2	0.96687
667.4	0.96716
667.6	0.96767
667.8	0.96939
668.0	0.96851
668.2	0.96859
668.4	0.96897
668.6	0.96708
668.8	0.96639
669.0	0.96411
669.2	0.96466
669.4	0.96617
669.6	0.96524
669.8	0.96601
670.0	0.96746
670.2	0.9665
670.4	0.96553
670.6	0.96601
670.8	0.96706
671.0	0.96882
671.2	0.96829
671.4	0.9678
671.6	0.96911
671.8	0.97043
672.0	0.97049
672.2	0.97008
672.4	0.96955
672.6	0.96835
672.8	0.96711
673.0	0.96767
673.2	0.9677
673.4	0.96913
673.6	0.96987
673.8	0.96778
674.0	0.96536
674.2	0.96481
674.4	0.96512
674.6	0.9659
674.8	0.96571
675.0	0.96573
675.2	0.96604
675.4	0.96695
675.6	0.96627
675.8	0.96349
676.0	0.96246
676.2	0.96048
676.4	0.96221
676.6	0.96501
676.8	0.96572
677.0	0.96443
677.2	0.9623
677.4	0.96282
677.6	0.96216
677.8	0.96077
678.0	0.9628
678.2	0.96224
678.4	0.96179
678.6	0.96416
678.8	0.96419
679.0	0.96212
679.2	0.96025
679.4	0.96065
679.6	0.96066
679.8	0.95898
680.0	0.959
680.2	0.95904
680.4	0.95787
680.6	0.95845
680.8	0.96088
681.0	0.96111
681.2	0.9605
681.4	0.95992
681.6	0.96154
681.8	0.96139
682.0	0.96111
682.2	0.96162
682.4	0.96336
682.6	0.9631
682.8	0.96274
683.0	0.96144
683.2	0.96293
683.4	0.96142
683.6	0.96234
683.8	0.96285
684.0	0.96185
684.2	0.95983
684.4	0.96015
684.6	0.96303
684.8	0.96314
685.0	0.96256
685.2	0.96319
685.4	0.96304
685.6	0.96175
685.8	0.96145
686.0	0.96131
686.2	0.96184
686.4	0.96286
686.6	0.96563
686.8	0.96504
687.0	0.96587
687.2	0.9675
687.4	0.9687
687.6	0.96873
687.8	0.96748
688.0	0.96724
688.2	0.96802
688.4	0.96703
688.6	0.96583
688.8	0.96491
689.0	0.9646
689.2	0.96813
689.4	0.96868
689.6	0.96731
689.8	0.96802
690.0	0.96709
690.2	0.96741
690.4	0.96801
690.6	0.96755
690.8	0.96564
691.0	0.9667
691.2	0.9687
691.4	0.96808
691.6	0.96681
691.8	0.96603
692.0	0.96661
692.2	0.96908
692.4	0.96951
692.6	0.96732
692.8	0.96561
693.0	0.96562
693.2	0.96455
693.4	0.96649
693.6	0.96486
693.8	0.96366
694.0	0.96467
694.2	0.96401
694.4	0.96387
694.6	0.96348
694.8	0.96363
695.0	0.96319
695.2	0.96344
695.4	0.96369
695.6	0.96475
695.8	0.9674
696.0	0.96846
696.2	0.96757
696.4	0.96686
696.6	0.96626
696.8	0.9669
697.0	0.96643
697.2	0.96594
697.4	0.96508
697.6	0.96224
697.8	0.96164
698.0	0.96233
698.2	0.96105
698.4	0.96327
698.6	0.96279
698.8	0.96299
699.0	0.96375
699.2	0.96246
699.4	0.96504
699.6	0.96562
699.8	0.96587
700.0	0.96621
700.2	0.96465
700.4	0.96467
700.6	0.96516
700.8	0.96544
701.0	0.96529
701.2	0.96528
701.4	0.96405
701.6	0.96411
701.8	0.96226
702.0	0.96027
702.2	0.9614
702.4	0.96125
702.6	0.96337
702.8	0.96531
703.0	0.96677
703.2	0.96464
703.4	0.96606
703.6	0.96471
703.8	0.96601
704.0	0.96674
704.2	0.96591
704.4	0.96666
704.6	0.96827
704.8	0.96884
705.0	0.9678
705.2	0.96861
705.4	0.96954
705.6	0.96769
705.8	0.96901
706.0	0.96957
706.2	0.96823
706.4	0.96786
706.6	0.96896
706.8	0.96981
707.0	0.96861
707.2	0.96683
707.4	0.96611
707.6	0.96628
707.8	0.96728
708.0	0.96939
708.2	0.9659
708.4	0.96696
708.6	0.96684
708.8	0.96614
709.0	0.9656
709.2	0.96588
709.4	0.96676
709.6	0.967
709.8	0.9661
710.0	0.96558
710.2	0.96372
710.4	0.96381
710.6	0.96279
710.8	0.96312
711.0	0.96132
711.2	0.96256
711.4	0.96233
711.6	0.96255
711.8	0.9627
712.0	0.96197
712.2	0.96134
712.4	0.9629
712.6	0.96534
712.8	0.96634
713.0	0.96499
713.2	0.96531
713.4	0.96735
713.6	0.96642
713.8	0.9681
714.0	0.96894
714.2	0.96747
714.4	0.96559
714.6	0.96769
714.8	0.96941
715.0	0.96698
715.2	0.96575
715.4	0.96693
715.6	0.96604
715.8	0.96368
716.0	0.96608
716.2	0.96786
716.4	0.96684
716.6	0.967
716.8	0.96645
717.0	0.96784
717.2	0.96489
717.4	0.96357
717.6	0.96212
717.8	0.96032
718.0	0.95842
718.2	0.95845
718.4	0.95866
718.6	0.96037
718.8	0.96054
719.0	0.95952
719.2	0.95781
719.4	0.95523
719.6	0.95446
719.8	0.95531
720.0	0.95681
720.2	0.95733
720.4	0.95924
720.6	0.95986
720.8	0.95808
721.0	0.9568
721.2	0.9565
721.4	0.95724
721.6	0.95968
721.8	0.96182
722.0	0.95974
722.2	0.95805
722.4	0.95642
722.6	0.95815
722.8	0.95874
723.0	0.96105
723.2	0.96062
723.4	0.96273
723.6	0.96487
723.8	0.96531
724.0	0.9658
724.2	0.9655
724.4	0.9648
724.6	0.96687
724.8	0.96601
725.0	0.96806
725.2	0.97093
725.4	0.97176
725.6	0.97125
725.8	0.97202
726.0	0.96987
726.2	0.97165
726.4	0.97318
726.6	0.97269
726.8	0.97347
727.0	0.97305
727.2	0.97506
727.4	0.97576
727.6	0.97403
727.8	0.97425
728.0	0.9726
728.2	0.96897
728.4	0.96813
728.6	0.96933
728.8	0.97065
729.0	0.97094
729.2	0.9702
729.4	0.968
729.6	0.96949
729.8	0.96672
730.0	0.96585
730.2	0.96683
730.4	0.96517
730.6	0.96357
730.8	0.96244
731.0	0.9617
731.2	0.96054
731.4	0.95852
731.6	0.95777
731.8	0.95819
732.0	0.96058
732.2	0.95955
732.4	0.96035
732.6	0.96152
732.8	0.96328
733.0	0.9626
733.2	0.95968
733.4	0.95974
733.6	0.96305
733.8	0.964
734.0	0.96421
734.2	0.96482
734.4	0.96327
734.6	0.96362
734.8	0.96364
735.0	0.96213
735.2	0.96438
735.4	0.96712
735.6	0.96851
735.8	0.96845
736.0	0.97034
736.2	0.973
736.4	0.97437
736.6	0.97464
736.8	0.97591
737.0	0.97638
737.2	0.97788
737.4	0.9754
737.6	0.97559
737.8	0.97588
738.0	0.97395
738.2	0.97585
738.4	0.97901
738.6	0.97972
738.8	0.97995
739.0	0.97657
739.2	0.97372
739.4	0.97191
739.6	0.97243
739.8	0.9701
740.0	0.96762
740.2	0.9685
740.4	0.96622
740.6	0.9672
740.8	0.96444
741.0	0.96415
741.2	0.96247
741.4	0.9616
741.6	0.96279
741.8	0.96311
742.0	0.96094
742.2	0.95794
742.4	0.95721
742.6	0.95752
742.8	0.95682
743.0	0.95378
743.2	0.95687
743.4	0.95445
743.6	0.95165
743.8	0.94939
744.0	0.94985
744.2	0.95339
744.4	0.95597
744.6	0.95228
744.8	0.94888
745.0	0.94949
745.2	0.95271
745.4	0.95273
745.6	0.95399
745.8	0.95392
746.0	0.9541
746.2	0.95581
746.4	0.95764
746.6	0.9575
746.8	0.95874
747.0	0.96109
747.2	0.96499
747.4	0.96694
747.6	0.96598
747.8	0.96608
748.0	0.96633
748.2	0.96566
748.4	0.96525
748.6	0.96579
748.8	0.96285
749.0	0.96092
749.2	0.96142
749.4	0.96428
749.6	0.96666
749.8	0.96482
750.0	0.96149
750.2	0.96268
750.4	0.96243
750.6	0.96396
750.8	0.96219
751.0	0.96315
751.2	0.96344
751.4	0.96021
751.6	0.95909
751.8	0.95851
752.0	0.95862
752.2	0.95903
752.4	0.96176
752.6	0.95973
752.8	0.95565
753.0	0.95556
753.2	0.9541
753.4	0.95201
753.6	0.95472
753.8	0.95475
754.0	0.9552
754.2	0.95516
754.4	0.95247
754.6	0.95265
754.8	0.95162
755.0	0.95253
755.2	0.95376
755.4	0.95317
755.6	0.94912
755.8	0.95054
756.0	0.95251
756.2	0.95225
756.4	0.95377
756.6	0.95434
756.8	0.9548
757.0	0.95462
757.2	0.95507
757.4	0.95694
757.6	0.95586
757.8	0.95701
758.0	0.96141
758.2	0.9643
758.4	0.96631
758.6	0.96691
758.8	0.96637
759.0	0.96659
759.2	0.96966
759.4	0.96995
759.6	0.97225
759.8	0.97279
760.0	0.97211
760.2	0.9729
760.4	0.97375
760.6	0.97091
760.8	0.97011
761.0	0.96939
761.2	0.97184
761.4	0.97448
761.6	0.9754
761.8	0.97541
762.0	0.97448
762.2	0.97318
762.4	0.974
762.6	0.97458
762.8	0.97325
763.0	0.97145
763.2	0.97034
763.4	0.9682
763.6	0.9676
763.8	0.96633
764.0	0.96472
764.2	0.96429
764.4	0.96455
764.6	0.96065
764.8	0.95913
765.0	0.96123
765.2	0.95824
765.4	0.95681
765.6	0.9553
765.8	0.95536
766.0	0.95386
766.2	0.95302
766.4	0.95232
766.6	0.95133
766.8	0.95387
767.0	0.95527
767.2	0.95478
767.4	0.95156
767.6	0.95123
767.8	0.95145
768.0	0.95147
768.2	0.95402
768.4	0.95735
768.6	0.95697
768.8	0.95577
769.0	0.9568
769.2	0.95768
769.4	0.95966
769.6	0.96227
769.8	0.96246
770.0	0.96102
770.2	0.96039
770.4	0.95966
770.6	0.95861
770.8	0.95784
771.0	0.95728
771.2	0.9601
771.4	0.9645
771.6	0.96912
771.8	0.96829
772.0	0.96864
772.2	0.97102
772.4	0.96932
772.6	0.96967
772.8	0.96825
773.0	0.96787
773.2	0.96797
773.4	0.96958
773.6	0.9695
773.8	0.96787
774.0	0.96908
774.2	0.96889
774.4	0.96887
774.6	0.96842
774.8	0.96823
775.0	0.96691
775.2	0.96621
775.4	0.96424
775.6	0.96331
775.8	0.96289
776.0	0.96193
776.2	0.96132
776.4	0.96164
776.6	0.96233
776.8	0.96342
777.0	0.96297
777.2	0.96044
777.4	0.95848
777.6	0.9551
777.8	0.95144
778.0	0.95402
778.2	0.95529
778.4	0.95615
778.6	0.95397
778.8	0.95178
779.0	0.95303
779.2	0.95147
779.4	0.95219
779.6	0.95083
779.8	0.95305
780.0	0.95301
780.2	0.95187
780.4	0.95178
780.6	0.95307
780.8	0.95475
781.0	0.9579
781.2	0.95838
781.4	0.95745
781.6	0.95646
781.8	0.95802
782.0	0.95938
782.2	0.96374
782.4	0.96576
782.6	0.96499
782.8	0.96633
783.0	0.96439
783.2	0.96388
783.4	0.96513
783.6	0.96329
783.8	0.9616
784.0	0.96393
784.2	0.96658
784.4	0.97083
784.6	0.97116
784.8	0.9707
785.0	0.96999
785.2	0.96994
785.4	0.97092
785.6	0.97129
785.8	0.97141
786.0	0.97139
786.2	0.97081
786.4	0.96924
786.6	0.96842
786.8	0.96711
787.0	0.97001
787.2	0.97144
787.4	0.96814
787.6	0.96822
787.8	0.96556
788.0	0.96491
788.2	0.96694
788.4	0.96722
788.6	0.96555
788.8	0.96254
789.0	0.95984
789.2	0.95733
789.4	0.95768
789.6	0.95891
789.8	0.95912
790.0	0.95935
790.2	0.95586
790.4	0.95615
790.6	0.95548
790.8	0.95564
791.0	0.95617
791.2	0.95558
791.4	0.95421
791.6	0.95287
791.8	0.95201
792.0	0.95331
792.2	0.95359
792.4	0.95325
792.6	0.95348
792.8	0.95132
793.0	0.95257
793.2	0.95171
793.4	0.95404
793.6	0.9564
793.8	0.95937
794.0	0.95948
794.2	0.96066
794.4	0.9607
794.6	0.95988
794.8	0.95854
795.0	0.95815
795.2	0.96103
795.4	0.9627
795.6	0.96251
795.8	0.96091
796.0	0.96228
796.2	0.96199
796.4	0.9615
796.6	0.96372
796.8	0.96434
797.0	0.96658
797.2	0.96721
797.4	0.9666
797.6	0.96332
797.8	0.9624
798.0	0.96119
798.2	0.96295
798.4	0.96311
798.6	0.96335
798.8	0.96475
799.0	0.96495
799.2	0.96513
799.4	0.96489
799.6	0.96448
799.8	0.9628
800.0	0.96265
800.2	0.9626
800.4	0.96287
800.6	0.9629
800.8	0.96262
801.0	0.96102
801.2	0.96068
801.4	0.95835
801.6	0.95733
801.8	0.95876
802.0	0.95807
802.2	0.95819
802.4	0.95643
802.6	0.95445
802.8	0.95169
803.0	0.95234
803.2	0.95117
803.4	0.95165
803.6	0.95389
803.8	0.95259
804.0	0.95039
804.2	0.94782
804.4	0.94613
804.6	0.94764
804.8	0.94813
805.0	0.94905
805.2	0.94966
805.4	0.95114
805.6	0.95129
805.8	0.95201
806.0	0.95124
806.2	0.95005
806.4	0.95151
806.6	0.95188
806.8	0.95132
807.0	0.95212
807.2	0.95214
807.4	0.95209
807.6	0.9516
807.8	0.95243
808.0	0.95526
808.2	0.95471
808.4	0.95441
808.6	0.95494
808.8	0.9522
809.0	0.95149
809.2	0.95118
809.4	0.95243
809.6	0.95429
809.8	0.95641
810.0	0.95829
810.2	0.95921
810.4	0.96094
810.6	0.96202
810.8	0.96068
811.0	0.96101
811.2	0.95966
811.4	0.95747
811.6	0.95857
811.8	0.96077
812.0	0.96137
812.2	0.96012
812.4	0.96069
812.6	0.96144
812.8	0.96042
813.0	0.9595
813.2	0.95831
813.4	0.95869
813.6	0.96115
813.8	0.9607
814.0	0.9578
814.2	0.95794
814.4	0.95903
814.6	0.95876
814.8	0.95918
815.0	0.959
815.2	0.95908
815.4	0.95584
815.6	0.95589
815.8	0.95765
816.0	0.95446
816.2	0.95398
816.4	0.95343
816.6	0.95016
816.8	0.9474
817.0	0.94752
817.2	0.94902
817.4	0.95168
817.6	0.95086
817.8	0.94962
818.0	0.95084
818.2	0.95262
818.4	0.95148
818.6	0.94939
818.8	0.94956
819.0	0.95172
819.2	0.95358
819.4	0.95324
819.6	0.95326
819.8	0.95184
820.0	0.95251
820.2	0.9542
820.4	0.95578
820.6	0.95365
820.8	0.95161
821.0	0.95084
821.2	0.9517
821.4	0.95571
821.6	0.95876
821.8	0.959
822.0	0.95768
822.2	0.95677
822.4	0.95653
822.6	0.95823
822.8	0.95846
823.0	0.95835
823.2	0.95953
823.4	0.95974
823.6	0.96016
823.8	0.9617
824.0	0.96213
824.2	0.9623
824.4	0.96118
824.6	0.95951
824.8	0.95989
825.0	0.95939
825.2	0.95915
825.4	0.96092
825.6	0.96266
825.8	0.96378
826.0	0.9631
826.2	0.96121
826.4	0.96245
826.6	0.96173
826.8	0.96194
827.0	0.96256
827.2	0.96403
827.4	0.96278
827.6	0.96087
827.8	0.95806
828.0	0.95804
828.2	0.96108
828.4	0.96095
828.6	0.96199
828.8	0.96238
829.0	0.96353
829.2	0.96559
829.4	0.96327
829.6	0.95959
829.8	0.95759
830.0	0.95649
830.2	0.95505
830.4	0.95464
830.6	0.95275
830.8	0.95265
831.0	0.95495
831.2	0.95602
831.4	0.95728
831.6	0.95667
831.8	0.95672
832.0	0.95319
832.2	0.95335
832.4	0.95441
832.6	0.95462
832.8	0.95343
833.0	0.9538
833.2	0.95486
833.4	0.95509
833.6	0.95405
833.8	0.95301
834.0	0.95317
834.2	0.95334
834.4	0.95382
834.6	0.95309
834.8	0.9535
835.0	0.9524
835.2	0.95145
835.4	0.95237
835.6	0.95154
835.8	0.95078
836.0	0.95245
836.2	0.95169
836.4	0.95068
836.6	0.95135
836.8	0.95337
837.0	0.95294
837.2	0.95215
837.4	0.95171
837.6	0.95175
837.8	0.95093
838.0	0.94738
838.2	0.94811
838.4	0.95186
838.6	0.95343
838.8	0.9538
839.0	0.95484
839.2	0.95205
839.4	0.95099
839.6	0.95117
839.8	0.95273
840.0	0.95154
840.2	0.94885
840.4	0.94847
840.6	0.94998
840.8	0.94961
841.0	0.95004
841.2	0.95023
841.4	0.94941
841.6	0.94818
841.8	0.95007
842.0	0.94743
842.2	0.94575
842.4	0.94681
842.6	0.94774
842.8	0.94528
843.0	0.94593
843.2	0.95012
843.4	0.95045
843.6	0.94933
843.8	0.94833
844.0	0.94787
844.2	0.94741
844.4	0.94835
844.6	0.94458
844.8	0.944
845.0	0.9449
845.2	0.94745
845.4	0.95131
845.6	0.9501
845.8	0.94952
846.0	0.95004
846.2	0.94806
846.4	0.94608
846.6	0.94522
846.8	0.94612
847.0	0.94611
847.2	0.94733
847.4	0.95071
847.6	0.95003
847.8	0.94809
848.0	0.94827
848.2	0.94711
848.4	0.94861
848.6	0.94846
848.8	0.94999
849.0	0.95337
849.2	0.95384
849.4	0.95329
849.6	0.95485
849.8	0.95604
850.0	0.9543
850.2	0.95327
850.4	0.95469
850.6	0.95713
850.8	0.95912
851.0	0.96125
851.2	0.96319
851.4	0.96241
851.6	0.96175
851.8	0.96084
852.0	0.959
852.2	0.95889
852.4	0.96042
852.6	0.96023
852.8	0.96159
853.0	0.96388
853.2	0.96426
853.4	0.96393
853.6	0.96252
853.8	0.9633
854.0	0.96436
854.2	0.96192
854.4	0.9619
854.6	0.96372
854.8	0.96555
855.0	0.96539
855.2	0.96272
855.4	0.96334
855.6	0.96163
855.8	0.9611
856.0	0.96099
856.2	0.95941
856.4	0.96062
856.6	0.95878
856.8	0.95715
857.0	0.9592
857.2	0.95733
857.4	0.95604
857.6	0.95411
857.8	0.95362
858.0	0.9528
858.2	0.95321
858.4	0.95152
858.6	0.95335
858.8	0.9536
859.0	0.95396
859.2	0.95256
859.4	0.95155
859.6	0.95328
859.8	0.95374
860.0	0.95443
860.2	0.95405
860.4	0.95281
860.6	0.95046
860.8	0.9494
861.0	0.94876
861.2	0.94794
861.4	0.94955
861.6	0.95102
861.8	0.94706
862.0	0.94739
862.2	0.94752
862.4	0.94789
862.6	0.94691
862.8	0.94618
863.0	0.94558
863.2	0.94572
863.4	0.94544
863.6	0.94732
863.8	0.94669
864.0	0.94771
864.2	0.94863
864.4	0.94832
864.6	0.95039
864.8	0.9515
865.0	0.95174
865.2	0.95146
865.4	0.95004
865.6	0.95024
865.8	0.94957
866.0	0.95005
866.2	0.95331
866.4	0.95517
866.6	0.95555
866.8	0.95617
867.0	0.9565
867.2	0.9545
867.4	0.9542
867.6	0.95525
867.8	0.95642
868.0	0.95673
868.2	0.95778
868.4	0.95977
868.6	0.9593
868.8	0.95825
869.0	0.95765
869.2	0.95789
869.4	0.95666
869.6	0.95417
869.8	0.95306
870.0	0.95232
870.2	0.95206
870.4	0.9544
870.6	0.95646
870.8	0.95549
871.0	0.95303
871.2	0.95355
871.4	0.95451
871.6	0.95324
871.8	0.9538
872.0	0.95367
872.2	0.95379
872.4	0.95465
872.6	0.95543
872.8	0.95583
873.0	0.95566
873.2	0.95324
873.4	0.95184
873.6	0.95062
873.8	0.94956
874.0	0.9461
874.2	0.947
874.4	0.94952
874.6	0.94872
874.8	0.94935
875.0	0.95055
875.2	0.94879
875.4	0.947
875.6	0.94651
875.8	0.94354
876.0	0.94607
876.2	0.94979
876.4	0.94957
876.6	0.94948
876.8	0.95062
877.0	0.95141
877.2	0.95064
877.4	0.94869
877.6	0.94776
877.8	0.94481
878.0	0.94255
878.2	0.94079
878.4	0.94037
878.6	0.94045
878.8	0.93942
879.0	0.93811
879.2	0.93998
879.4	0.94225
879.6	0.94316
879.8	0.94133
880.0	0.94121
880.2	0.94384
880.4	0.94427
880.6	0.94381
880.8	0.94553
881.0	0.94672
881.2	0.94832
881.4	0.94912
881.6	0.9486
881.8	0.9487
882.0	0.94888
882.2	0.95045
882.4	0.94932
882.6	0.94957
882.8	0.94866
883.0	0.95039
883.2	0.95233
883.4	0.95337
883.6	0.95472
883.8	0.95503
884.0	0.95515
884.2	0.95424
884.4	0.95257
884.6	0.95059
884.8	0.95
885.0	0.95189
885.2	0.95311
885.4	0.9557
885.6	0.95692
885.8	0.95856
886.0	0.95781
886.2	0.95734
886.4	0.95808
886.6	0.95871
886.8	0.95853
887.0	0.9572
887.2	0.95787
887.4	0.95858
887.6	0.95953
887.8	0.96026
888.0	0.96086
888.2	0.96222
888.4	0.96192
888.6	0.96127
888.8	0.96111
889.0	0.95911
889.2	0.95723
889.4	0.95705
889.6	0.95826
889.8	0.95921
890.0	0.95888
890.2	0.9608
890.4	0.96081
890.6	0.95833
890.8	0.95782
891.0	0.9573
891.2	0.95573
891.4	0.95614
891.6	0.95697
891.8	0.95829
892.0	0.95954
892.2	0.95864
892.4	0.95622
892.6	0.95409
892.8	0.95409
893.0	0.95594
893.2	0.95446
893.4	0.95389
893.6	0.95426
893.8	0.95127
894.0	0.95086
894.2	0.95125
894.4	0.95289
894.6	0.95258
894.8	0.9522
895.0	0.95236
895.2	0.95285
895.4	0.95125
895.6	0.95205
895.8	0.95296
896.0	0.94941
896.2	0.94838
896.4	0.94997
896.6	0.95184
896.8	0.94977
897.0	0.94999
897.2	0.95153
897.4	0.94999
897.6	0.94855
897.8	0.948
898.0	0.94596
898.2	0.94624
898.4	0.94808
898.6	0.94754
898.8	0.94724
899.0	0.94674
899.2	0.94621
899.4	0.94719
899.6	0.94798
899.8	0.94778
900.0	0.94766
900.2	0.94856
900.4	0.94809
900.6	0.94752
900.8	0.94891
901.0	0.95076
901.2	0.95011
901.4	0.95019
901.6	0.95077
901.8	0.95026
902.0	0.94667
902.2	0.94656
902.4	0.94778
902.6	0.94883
902.8	0.9504
903.0	0.95241
903.2	0.95191
903.4	0.95087
903.6	0.95263
903.8	0.95453
904.0	0.95373
904.2	0.95269
904.4	0.95195
904.6	0.95174
904.8	0.95291
905.0	0.95537
905.2	0.95663
905.4	0.95923
905.6	0.95851
905.8	0.9564
906.0	0.95757
906.2	0.95791
906.4	0.95675
906.6	0.95459
906.8	0.95366
907.0	0.95371
907.2	0.95312
907.4	0.95132
907.6	0.94989
907.8	0.95095
908.0	0.94959
908.2	0.94828
908.4	0.94835
908.6	0.94792
908.8	0.94787
909.0	0.95166
909.2	0.95328
909.4	0.95327
909.6	0.95379
909.8	0.95326
910.0	0.95031
910.2	0.94804
910.4	0.94886
910.6	0.95036
910.8	0.95142
911.0	0.95161
911.2	0.95164
911.4	0.94934
911.6	0.95079
911.8	0.95236
912.0	0.95014
912.2	0.94854
912.4	0.94903
912.6	0.94774
912.8	0.9462
913.0	0.94453
913.2	0.94469
913.4	0.94331
913.6	0.9447
913.8	0.94601
914.0	0.9477
914.2	0.94806
914.4	0.95002
914.6	0.95321
914.8	0.95582
915.0	0.95612
915.2	0.95705
915.4	0.95757
915.6	0.95804
915.8	0.95656
916.0	0.95564
916.2	0.95731
916.4	0.95837
916.6	0.9571
916.8	0.9565
917.0	0.95705
917.2	0.95678
917.4	0.95566
917.6	0.95809
917.8	0.95724
918.0	0.95626
918.2	0.95678
918.4	0.9581
918.6	0.9611
918.8	0.95999
919.0	0.95955
919.2	0.95994
919.4	0.96084
919.6	0.96075
919.8	0.95938
920.0	0.95933
920.2	0.95868
920.4	0.95778
920.6	0.95965
920.8	0.95892
921.0	0.95826
921.2	0.95972
921.4	0.96131
921.6	0.95885
921.8	0.95699
922.0	0.958
922.2	0.9586
922.4	0.95809
922.6	0.958
922.8	0.95965
923.0	0.96132
923.2	0.96208
923.4	0.96078
923.6	0.95982
923.8	0.96106
924.0	0.96036
924.2	0.96033
924.4	0.96133
924.6	0.95936
924.8	0.95903
925.0	0.96164
925.2	0.9623
925.4	0.96143
925.6	0.96094
925.8	0.96022
926.0	0.95838
926.2	0.95841
926.4	0.96043
926.6	0.96139
926.8	0.9611
927.0	0.96059
927.2	0.96126
927.4	0.96188
927.6	0.96435
927.8	0.96414
928.0	0.96194
928.2	0.961
928.4	0.96094
928.6	0.96002
928.8	0.95741
929.0	0.95739
929.2	0.95783
929.4	0.95709
929.6	0.95718
929.8	0.957
930.0	0.9584
930.2	0.95855
930.4	0.95771
930.6	0.95859
930.8	0.9601
931.0	0.95775
931.2	0.95623
931.4	0.95588
931.6	0.95594
931.8	0.95593
932.0	0.95423
932.2	0.95248
932.4	0.9539
932.6	0.95233
932.8	0.95254
933.0	0.95256
933.2	0.95164
933.4	0.9524
933.6	0.95506
933.8	0.95337
934.0	0.95172
934.2	0.95056
934.4	0.94782
934.6	0.95078
934.8	0.9538
935.0	0.95374
935.2	0.95244
935.4	0.95006
935.6	0.9532
935.8	0.95039
936.0	0.95066
936.2	0.94906
936.4	0.94702
936.6	0.94406
936.8	0.94761
937.0	0.95028
937.2	0.95124
937.4	0.95104
937.6	0.94835
937.8	0.94652
938.0	0.94696
938.2	0.94708
938.4	0.95076
938.6	0.95119
938.8	0.95104
939.0	0.9515
939.2	0.95105
939.4	0.95201
939.6	0.94979
939.8	0.94996
940.0	0.95077
940.2	0.95134
940.4	0.95183
940.6	0.95015
940.8	0.94973
941.0	0.95057
941.2	0.9492
941.4	0.94839
941.6	0.94875
941.8	0.94882
942.0	0.94939
942.2	0.95054
942.4	0.9528
942.6	0.95017
942.8	0.94952
943.0	0.95059
943.2	0.94929
943.4	0.9506
943.6	0.94947
943.8	0.95114
944.0	0.95198
944.2	0.9486
944.4	0.95052
944.6	0.94954
944.8	0.94998
945.0	0.95268
945.2	0.95472
945.4	0.95403
945.6	0.95123
945.8	0.95332
946.0	0.95422
946.2	0.95474
946.4	0.95643
946.6	0.95641
946.8	0.95455
947.0	0.95562
947.2	0.95766
947.4	0.95788
947.6	0.95773
947.8	0.95602
948.0	0.9537
948.2	0.95231
948.4	0.95486
948.6	0.95335
948.8	0.95155
949.0	0.94984
949.2	0.94947
949.4	0.94751
949.6	0.94681
949.8	0.94997
950.0	0.95155
950.2	0.95327
950.4	0.9567
950.6	0.95409
950.8	0.95177
951.0	0.94973
951.2	0.9477
951.4	0.94756
951.6	0.94785
951.8	0.94632
952.0	0.94605
952.2	0.94461
952.4	0.9479
952.6	0.94933
952.8	0.95127
953.0	0.95312
953.2	0.95405
953.4	0.95464
953.6	0.95577
953.8	0.95488
954.0	0.95282
954.2	0.95156
954.4	0.95139
954.6	0.95286
954.8	0.95015
955.0	0.94834
955.2	0.9485
955.4	0.94864
955.6	0.94983
955.8	0.95106
956.0	0.95185
956.2	0.95018
956.4	0.94733
956.6	0.94925
956.8	0.9494
957.0	0.94753
957.2	0.94495
957.4	0.94613
957.6	0.94791
957.8	0.94806
958.0	0.94748
958.2	0.94554
958.4	0.9446
958.6	0.94333
958.8	0.94298
959.0	0.94363
959.2	0.94583
959.4	0.94783
959.6	0.95118
959.8	0.95512
960.0	0.95473
960.2	0.95218
960.4	0.94872
960.6	0.94659
960.8	0.94767
961.0	0.94982
961.2	0.9509
961.4	0.95381
961.6	0.95664
961.8	0.95824
962.0	0.95624
962.2	0.95455
962.4	0.95465
962.6	0.95539
962.8	0.95876
963.0	0.95734
963.2	0.95632
963.4	0.95575
963.6	0.95532
963.8	0.95849
964.0	0.96124
964.2	0.96088
964.4	0.96099
964.6	0.95875
964.8	0.95712
965.0	0.95474
965.2	0.95652
965.4	0.95803
965.6	0.95873
965.8	0.95614
966.0	0.95656
966.2	0.95731
966.4	0.95786
966.6	0.95829
966.8	0.96028
967.0	0.95882
967.2	0.95961
967.4	0.96247
967.6	0.96303
967.8	0.96318
968.0	0.9608
968.2	0.95556
968.4	0.95723
968.6	0.9568
968.8	0.95637
969.0	0.95582
969.2	0.95582
969.4	0.95599
969.6	0.95558
969.8	0.95631
970.0	0.95437
970.2	0.95444
970.4	0.95436
970.6	0.95398
970.8	0.95571
971.0	0.95478
971.2	0.95392
971.4	0.95679
971.6	0.95987
971.8	0.96049
972.0	0.96136
972.2	0.96194
972.4	0.96249
972.6	0.96396
972.8	0.96199
973.0	0.95924
973.2	0.9577
973.4	0.95726
973.6	0.95642
973.8	0.95524
974.0	0.9544
974.2	0.95442
974.4	0.956
974.6	0.95631
974.8	0.95707
975.0	0.95827
975.2	0.9602
975.4	0.9608
975.6	0.95927
975.8	0.95849
976.0	0.9565
976.2	0.95717
976.4	0.95875
976.6	0.95838
976.8	0.95713
977.0	0.95692
977.2	0.95701
977.4	0.95707
977.6	0.95972
977.8	0.96255
978.0	0.96475
978.2	0.96548
978.4	0.96551
978.6	0.9669
978.8	0.96471
979.0	0.9633
979.2	0.963
979.4	0.96097
979.6	0.96047
979.8	0.96004
980.0	0.96071
980.2	0.96302
980.4	0.96334
980.6	0.96378
980.8	0.96281
981.0	0.96132
981.2	0.96137
981.4	0.96094
981.6	0.95963
981.8	0.96123
982.0	0.96086
982.2	0.9598
982.4	0.9603
982.6	0.95947
982.8	0.95996
983.0	0.96092
983.2	0.96318
983.4	0.96343
983.6	0.9635
983.8	0.96338
984.0	0.96381
984.2	0.96386
984.4	0.96461
984.6	0.96325
984.8	0.96289
985.0	0.9624
985.2	0.96193
985.4	0.96327
985.6	0.9641
985.8	0.96406
986.0	0.96504
986.2	0.96478
986.4	0.96463
986.6	0.96445
986.8	0.96243
987.0	0.95981
987.2	0.96203
987.4	0.96434
987.6	0.96466
987.8	0.96474
988.0	0.96164
988.2	0.96089
988.4	0.96072
988.6	0.96045
988.8	0.9601
989.0	0.96032
989.2	0.95993
989.4	0.96068
989.6	0.96118
989.8	0.95992
990.0	0.95872
990.2	0.9581
990.4	0.96009
990.6	0.96289
990.8	0.96311
991.0	0.96357
991.2	0.96309
991.4	0.96143
991.6	0.96334
991.8	0.96489
992.0	0.96448
992.2	0.96213
992.4	0.96271
992.6	0.96388
992.8	0.96244
993.0	0.96094
993.2	0.95981
993.4	0.96028
993.6	0.95977
993.8	0.95721
994.0	0.95743
994.2	0.95788
994.4	0.95805
994.6	0.95786
994.8	0.95802
995.0	0.9582
995.2	0.9603
995.4	0.96029
995.6	0.96003
995.8	0.95915
996.0	0.95827
996.2	0.95725
996.4	0.95638
996.6	0.95322
996.8	0.95362
997.0	0.95384
997.2	0.95403
997.4	0.95304
997.6	0.95198
997.8	0.95275
998.0	0.95375
998.2	0.95455
998.4	0.95331
998.6	0.9525
998.8	0.95299
999.0	0.95209
999.2	0.94982
999.4	0.9498
999.6	0.94766
999.8	0.94695
1000.0	0.94776
1000.2	0.94996
1000.4	0.95061
1000.6	0.94944
1000.8	0.9488
1001.0	0.95097
1001.2	0.9522
1001.4	0.95072
1001.6	0.95124
1001.8	0.95275
1002.0	0.95315
1002.2	0.95404
1002.4	0.95431
1002.6	0.95225
1002.8	0.95071
1003.0	0.95222
1003.2	0.95264
1003.4	0.95412
1003.6	0.9555
1003.8	0.9568
1004.0	0.95858
1004.2	0.95747
1004.4	0.95614
1004.6	0.9546
1004.8	0.95248
1005.0	0.95017
1005.2	0.94709
1005.4	0.94635
1005.6	0.94839
1005.8	0.95017
1006.0	0.95233
1006.2	0.95353
1006.4	0.95443
1006.6	0.95403
1006.8	0.95376
1007.0	0.95258
1007.2	0.95313
1007.4	0.95536
1007.6	0.95785
1007.8	0.95848
1008.0	0.9593
1008.2	0.96003
1008.4	0.95879
1008.6	0.96037
1008.8	0.96049
1009.0	0.95885
1009.2	0.95754
1009.4	0.95754
1009.6	0.95918
1009.8	0.96278
1010.0	0.96545
1010.2	0.96975
1010.4	0.96904
1010.6	0.96372
1010.8	0.96199
1011.0	0.96157
1011.2	0.96096
1011.4	0.96163
1011.6	0.96405
1011.8	0.96468
1012.0	0.96626
1012.2	0.9641
1012.4	0.96204
1012.6	0.96174
1012.8	0.96341
1013.0	0.96298
1013.2	0.96043
1013.4	0.96244
1013.6	0.96446
1013.8	0.9624
1014.0	0.96035
1014.2	0.9582
1014.4	0.95616
1014.6	0.95553
1014.8	0.95687
1015.0	0.95974
1015.2	0.96184
1015.4	0.96286
1015.6	0.96315
1015.8	0.96101
1016.0	0.9573
1016.2	0.95396
1016.4	0.95169
1016.6	0.95214
1016.8	0.95506
1017.0	0.95462
1017.2	0.9561
1017.4	0.95569
1017.6	0.95382
1017.8	0.9543
1018.0	0.95512
1018.2	0.95419
1018.4	0.95406
1018.6	0.9526
1018.8	0.95607
1019.0	0.95717
1019.2	0.95747
1019.4	0.95918
1019.6	0.9591
1019.8	0.95748
1020.0	0.95803
1020.2	0.9593
1020.4	0.95847
1020.6	0.95537
1020.8	0.95631
1021.0	0.95615
1021.2	0.95585
1021.4	0.95698
1021.6	0.95557
1021.8	0.95641
1022.0	0.95944
1022.2	0.95973
1022.4	0.9564
1022.6	0.95608
1022.8	0.95604
1023.0	0.95648
1023.2	0.95686
1023.4	0.95748
1023.6	0.95792
1023.8	0.95865
1024.0	0.95905
1024.2	0.95874
1024.4	0.9579
1024.6	0.95829
1024.8	0.95874
1025.0	0.96112
1025.2	0.96405
1025.4	0.96475
1025.6	0.96548
1025.8	0.96652
1026.0	0.96567
1026.2	0.96614
1026.4	0.9664
1026.6	0.96511
1026.8	0.96429
1027.0	0.9623
1027.2	0.96244
1027.4	0.96362
1027.6	0.96568
1027.8	0.96724
1028.0	0.96802
1028.2	0.97149
1028.4	0.97205
1028.6	0.97399
1028.8	0.97656
1029.0	0.97858
1029.2	0.97735
1029.4	0.97605
1029.6	0.97368
1029.8	0.97071
1030.0	0.97053
1030.2	0.96823
1030.4	0.96719
1030.6	0.96792
1030.8	0.96995
1031.0	0.96968
1031.2	0.96748
1031.4	0.96583
1031.6	0.96596
1031.8	0.96381
1032.0	0.96404
1032.2	0.96532
1032.4	0.96629
1032.6	0.96566
1032.8	0.96475
1033.0	0.96597
1033.2	0.96502
1033.4	0.96524
1033.6	0.96363
1033.8	0.96371
1034.0	0.96601
1034.2	0.96455
1034.4	0.96413
1034.6	0.96405
1034.8	0.96363
1035.0	0.96214
1035.2	0.96281
1035.4	0.96314
1035.6	0.96182
1035.8	0.9588
1036.0	0.95816
1036.2	0.95891
1036.4	0.96191
1036.6	0.9632
1036.8	0.9622
1037.0	0.96288
1037.2	0.96411
1037.4	0.96402
1037.6	0.96301
1037.8	0.96026
1038.0	0.9593
1038.2	0.95957
1038.4	0.95923
1038.6	0.95777
1038.8	0.95804
1039.0	0.95752
1039.2	0.95555
1039.4	0.95718
1039.6	0.95903
1039.8	0.95983
1040.0	0.95817
1040.2	0.95715
1040.4	0.95641
1040.6	0.95738
1040.8	0.95674
1041.0	0.95713
1041.2	0.96104
1041.4	0.96118
1041.6	0.96319
1041.8	0.96291
1042.0	0.96377
1042.2	0.96082
1042.4	0.96082
1042.6	0.96205
1042.8	0.96117
1043.0	0.96118
1043.2	0.95962
1043.4	0.95838
1043.6	0.95901
1043.8	0.96007
1044.0	0.96067
1044.2	0.96146
1044.4	0.96239
1044.6	0.95909
1044.8	0.96189
1045.0	0.96201
1045.2	0.96345
1045.4	0.96314
1045.6	0.96286
1045.8	0.9619
1046.0	0.96239
1046.2	0.96685
1046.4	0.96727
1046.6	0.9685
1046.8	0.96736
1047.0	0.96728
1047.2	0.96994
1047.4	0.9707
1047.6	0.97001
1047.8	0.96688
1048.0	0.9669
1048.2	0.96581
1048.4	0.96576
1048.6	0.96684
1048.8	0.96557
1049.0	0.96649
1049.2	0.96762
1049.4	0.96675
1049.6	0.96378
1049.8	0.96585
1050.0	0.96596
1050.2	0.96597
1050.4	0.96683
1050.6	0.96892
1050.8	0.96891
1051.0	0.96841
1051.2	0.96868
1051.4	0.96938
1051.6	0.97146
1051.8	0.97031
1052.0	0.97109
1052.2	0.97105
1052.4	0.97091
1052.6	0.97389
1052.8	0.97335
1053.0	0.97058
1053.2	0.97079
1053.4	0.96943
1053.6	0.96728
1053.8	0.96837
1054.0	0.96939
1054.2	0.96929
1054.4	0.96792
1054.6	0.96961
1054.8	0.97054
1055.0	0.96944
1055.2	0.96841
1055.4	0.97109
1055.6	0.96897
1055.8	0.96696
1056.0	0.96531
1056.2	0.96511
1056.4	0.96484
1056.6	0.96496
1056.8	0.96519
1057.0	0.9636
1057.2	0.96075
1057.4	0.96065
1057.6	0.96072
1057.8	0.96257
1058.0	0.96319
1058.2	0.9652
1058.4	0.96183
1058.6	0.96238
1058.8	0.96093
1059.0	0.96102
1059.2	0.95871
1059.4	0.9587
1059.6	0.95906
1059.8	0.96071
1060.0	0.95843
1060.2	0.95871
1060.4	0.95913
1060.6	0.95875
1060.8	0.95857
1061.0	0.96008
1061.2	0.95952
1061.4	0.95903
1061.6	0.95639
1061.8	0.95785
1062.0	0.95729
1062.2	0.95978
1062.4	0.95851
1062.6	0.96055
1062.8	0.95963
1063.0	0.96061
1063.2	0.96102
1063.4	0.96229
1063.6	0.96159
1063.8	0.96194
1064.0	0.9599
1064.2	0.95933
1064.4	0.95848
1064.6	0.95999
1064.8	0.95804
1065.0	0.95581
1065.2	0.95198
1065.4	0.95185
1065.6	0.9498
1065.8	0.95105
1066.0	0.95216
1066.2	0.95479
1066.4	0.95477
1066.6	0.95331
1066.8	0.95668
1067.0	0.95592
1067.2	0.95953
1067.4	0.96261
1067.6	0.96173
1067.8	0.96193
1068.0	0.96026
1068.2	0.96047
1068.4	0.96096
1068.6	0.96224
1068.8	0.95816
1069.0	0.96001
1069.2	0.96022
1069.4	0.95971
1069.6	0.96082
1069.8	0.95943
1070.0	0.96122
1070.2	0.963
1070.4	0.962
1070.6	0.9632
1070.8	0.96312
1071.0	0.96221
1071.2	0.96195
1071.4	0.96551
1071.6	0.96717
1071.8	0.96814
1072.0	0.96752
1072.2	0.97085
1072.4	0.97165
1072.6	0.96983
1072.8	0.96939
1073.0	0.96956
1073.2	0.97071
1073.4	0.9721
1073.6	0.97135
1073.8	0.96735
1074.0	0.97268
1074.2	0.9716
1074.4	0.97128
1074.6	0.97371
1074.8	0.97164
1075.0	0.96909
1075.2	0.96987
1075.4	0.97291
1075.6	0.97276
1075.8	0.97433
1076.0	0.97574
1076.2	0.97872
1076.4	0.98168
1076.6	0.9783
1076.8	0.97733
1077.0	0.97883
1077.2	0.97672
1077.4	0.97482
1077.6	0.97496
1077.8	0.97691
1078.0	0.97592
1078.2	0.97652
1078.4	0.97623
1078.6	0.97519
1078.8	0.97499
1079.0	0.97613
1079.2	0.97718
1079.4	0.97147
1079.6	0.97445
1079.8	0.97487
1080.0	0.9784
1080.2	0.9802
1080.4	0.98197
1080.6	0.97948
1080.8	0.97823
1081.0	0.97747
1081.2	0.97527
1081.4	0.97507
1081.6	0.9752
1081.8	0.9752
1082.0	0.97523
1082.2	0.97519
1082.4	0.97103
1082.6	0.97271
1082.8	0.97291
1083.0	0.97151
1083.2	0.9723
1083.4	0.97184
1083.6	0.96855
1083.8	0.96644
1084.0	0.9678
1084.2	0.96598
1084.4	0.96414
1084.6	0.9632
1084.8	0.96042
1085.0	0.96235
1085.2	0.964
1085.4	0.96355
1085.6	0.96586
1085.8	0.96406
1086.0	0.96403
1086.2	0.96144
1086.4	0.95454
1086.6	0.95958
1086.8	0.95827
1087.0	0.9581
1087.2	0.95808
1087.4	0.95555
1087.6	0.95556
1087.8	0.95381
1088.0	0.95444
1088.2	0.95449
1088.4	0.95457
1088.6	0.95606
1088.8	0.95683
1089.0	0.95435
1089.2	0.95533
1089.4	0.9543
1089.6	0.95355
1089.8	0.95133
1090.0	0.95407
1090.2	0.95404
1090.4	0.95267
1090.6	0.95069
1090.8	0.9522
1091.0	0.95353
1091.2	0.95254
1091.4	0.95001
1091.6	0.95428
1091.8	0.95216
1092.0	0.95043
1092.2	0.95242
1092.4	0.95184
1092.6	0.95406
1092.8	0.95201
1093.0	0.95143
1093.2	0.953
1093.4	0.95553
1093.6	0.9552
1093.8	0.95475
1094.0	0.95336
1094.2	0.95358
1094.4	0.95457
1094.6	0.95105
1094.8	0.95406
1095.0	0.95235
1095.2	0.95014
1095.4	0.95133
1095.6	0.95578
1095.8	0.95396
1096.0	0.95537
1096.2	0.95679
1096.4	0.95811
1096.6	0.95783
1096.8	0.96026
1097.0	0.95566
1097.2	0.95624
1097.4	0.95985
1097.6	0.96157
1097.8	0.96263
1098.0	0.96238
1098.2	0.9626
1098.4	0.96393
1098.6	0.96545
1098.8	0.96432
1099.0	0.96411
1099.2	0.96341
1099.4	0.96413
1099.6	0.96629
1099.8	0.96877
1100.0	0.96453
1100.2	0.96693
1100.4	0.96269
1100.6	0.96437
1100.8	0.96944
1101.0	0.9659
1101.2	0.96945
1101.4	0.97319
1101.6	0.97275
1101.8	0.97118
1102.0	0.96923
1102.2	0.97323
1102.4	0.97055
1102.6	0.97181
1102.8	0.96866
1103.0	0.97121
1103.2	0.96882
1103.4	0.97193
1103.6	0.97306
1103.8	0.97541
1104.0	0.97581
1104.2	0.97422
1104.4	0.97346
1104.6	0.9653
1104.8	0.96967
1105.0	0.96787
1105.2	0.96969
1105.4	0.97266
1105.6	0.97231
1105.8	0.96942
1106.0	0.97057
1106.2	0.96389
1106.4	0.96745
1106.6	0.96765
1106.8	0.96639
1107.0	0.97025
1107.2	0.96889
1107.4	0.96505
1107.6	0.96706
1107.8	0.96616
1108.0	0.96743
1108.2	0.96672
1108.4	0.96776
1108.6	0.96636
1108.8	0.96586
1109.0	0.96873
1109.2	0.96354
1109.4	0.96276
1109.6	0.96557
1109.8	0.96547
1110.0	0.96412
1110.2	0.96542
1110.4	0.96765
1110.6	0.96704
1110.8	0.96374
1111.0	0.961
1111.2	0.96181
1111.4	0.95982
1111.6	0.96778
1111.8	0.96204
1112.0	0.95683
1112.2	0.96007
1112.4	0.9544
1112.6	0.95746
1112.8	0.95857
1113.0	0.95764
1113.2	0.95739
1113.4	0.95865
1113.6	0.95347
1113.8	0.9564
1114.0	0.95152
1114.2	0.95989
1114.4	0.96027
1114.6	0.96212
1114.8	0.95764
1115.0	0.95732
1115.2	0.96004
1115.4	0.95611
1115.6	0.95804
1115.8	0.96223
1116.0	0.95766
1116.2	0.95425
1116.4	0.95313
1116.6	0.95651
1116.8	0.95423
1117.0	0.95713
1117.2	0.95813
1117.4	0.96072
1117.6	0.95243
1117.8	0.95172
1118.0	0.95532
1118.2	0.95004
1118.4	0.95438
1118.6	0.95837
1118.8	0.96156
1119.0	0.96443
1119.2	0.96173
1119.4	0.96577
1119.6	0.96032
1119.8	0.96431
1120.0	0.95587
1120.2	0.95588
1120.4	0.95588
1120.6	0.95589
1120.8	0.95589
1121.0	0.9559
1121.2	0.95591
1121.4	0.95591
1121.6	0.95592
1121.8	0.95592
1122.0	0.95593
1122.2	0.95594
1122.4	0.95594
1122.6	0.95595
1122.8	0.95595
1123.0	0.95596
1123.2	0.95597
1123.4	0.95597
1123.6	0.95598
1123.8	0.95598
1124.0	0.95599
1124.2	0.95599
1124.4	0.956
1124.6	0.95601
1124.8	0.95601
1125.0	0.95602
1125.2	0.95638
1125.4	0.95674
1125.6	0.95711
1125.8	0.95747
1126.0	0.95783
1126.2	0.95819
1126.4	0.95856
1126.6	0.95892
1126.8	0.95928
1127.0	0.95965
1127.2	0.96001
1127.4	0.96038
1127.6	0.96074
1127.8	0.9611
1128.0	0.96147
1128.2	0.96183
1128.4	0.9622
1128.6	0.96256
1128.8	0.96293
1129.0	0.96329
1129.2	0.96366
1129.4	0.96402
1129.6	0.96439
1129.8	0.96475
1130.0	0.96512
1130.2	0.96531
1130.4	0.9655
1130.6	0.9657
1130.8	0.96589
1131.0	0.96608
1131.2	0.96627
1131.4	0.96646
1131.6	0.96666
1131.8	0.96685
1132.0	0.96704
1132.2	0.96723
1132.4	0.96742
1132.6	0.96762
1132.8	0.96781
1133.0	0.968
1133.2	0.96819
1133.4	0.96839
1133.6	0.96858
1133.8	0.96877
1134.0	0.96896
1134.2	0.96916
1134.4	0.96935
1134.6	0.96954
1134.8	0.96974
1135.0	0.96993
1135.2	0.96981
1135.4	0.96969
1135.6	0.96957
1135.8	0.96946
1136.0	0.96934
1136.2	0.96922
1136.4	0.9691
1136.6	0.96899
1136.8	0.96887
1137.0	0.96875
1137.2	0.96863
1137.4	0.96851
1137.6	0.9684
1137.8	0.96828
1138.0	0.96816
1138.2	0.96804
1138.4	0.96793
1138.6	0.96781
1138.8	0.96769
1139.0	0.96757
1139.2	0.96745
1139.4	0.96734
1139.6	0.96722
1139.8	0.9671
1140.0	0.96698
1140.2	0.96658
1140.4	0.96618
1140.6	0.96578
1140.8	0.96537
1141.0	0.96497
1141.2	0.96457
1141.4	0.96417
1141.6	0.96377
1141.8	0.96337
1142.0	0.96297
1142.2	0.96257
1142.4	0.96217
1142.6	0.96177
1142.8	0.96136
1143.0	0.96096
1143.2	0.96056
1143.4	0.96017
1143.6	0.95977
1143.8	0.95937
1144.0	0.95897
1144.2	0.95857
1144.4	0.95817
1144.6	0.95777
1144.8	0.95737
1145.0	0.95697
1145.2	0.95693
1145.4	0.95689
1145.6	0.95685
1145.8	0.95681
1146.0	0.95677
1146.2	0.95673
1146.4	0.95668
1146.6	0.95664
1146.8	0.9566
1147.0	0.95656
1147.2	0.95652
1147.4	0.95648
1147.6	0.95644
1147.8	0.9564
1148.0	0.95636
1148.2	0.95631
1148.4	0.95627
1148.6	0.95623
1148.8	0.95619
1149.0	0.95615
1149.2	0.95611
1149.4	0.95607
1149.6	0.95603
1149.8	0.95598
1150.0	0.95594
1150.2	0.95632
1150.4	0.9567
1150.6	0.95708
1150.8	0.95747
1151.0	0.95785
1151.2	0.95823
1151.4	0.95861
1151.6	0.95899
1151.8	0.95937
1152.0	0.95975
1152.2	0.96014
1152.4	0.96052
1152.6	0.9609
1152.8	0.96128
1153.0	0.96167
1153.2	0.96205
1153.4	0.96243
1153.6	0.96281
1153.8	0.9632
1154.0	0.96358
1154.2	0.96396
1154.4	0.96435
1154.6	0.96473
1154.8	0.96511
1155.0	0.9655
1155.2	0.96568
1155.4	0.96587
1155.6	0.96605
1155.8	0.96624
1156.0	0.96642
1156.2	0.96661
1156.4	0.96679
1156.6	0.96698
1156.8	0.96716
1157.0	0.96735
1157.2	0.96753
1157.4	0.96772
1157.6	0.9679
1157.8	0.96809
1158.0	0.96827
1158.2	0.96846
1158.4	0.96864
1158.6	0.96883
1158.8	0.96901
1159.0	0.9692
1159.2	0.96938
1159.4	0.96957
1159.6	0.96975
1159.8	0.96994
1160.0	0.97013
1160.2	0.96986
1160.4	0.9696
1160.6	0.96933
1160.8	0.96907
1161.0	0.96881
1161.2	0.96854
1161.4	0.96828
1161.6	0.96802
1161.8	0.96775
1162.0	0.96749
1162.2	0.96723
1162.4	0.96696
1162.6	0.9667
1162.8	0.96644
1163.0	0.96617
1163.2	0.96591
1163.4	0.96565
1163.6	0.96539
1163.8	0.96512
1164.0	0.96486
1164.2	0.9646
1164.4	0.96434
1164.6	0.96407
1164.8	0.96381
1165.0	0.96355
1165.2	0.96316
1165.4	0.96277
1165.6	0.96238
1165.8	0.96199
1166.0	0.9616
1166.2	0.96121
1166.4	0.96083
1166.6	0.96044
1166.8	0.96005
1167.0	0.95966
1167.2	0.95927
1167.4	0.95889
1167.6	0.9585
1167.8	0.95811
1168.0	0.95772
1168.2	0.95734
1168.4	0.95695
1168.6	0.95656
1168.8	0.95618
1169.0	0.95579
1169.2	0.9554
1169.4	0.95502
1169.6	0.95463
1169.8	0.95425
1170.0	0.95386
1170.2	0.95376
1170.4	0.95365
1170.6	0.95355
1170.8	0.95345
1171.0	0.95334
1171.2	0.95324
1171.4	0.95314
1171.6	0.95303
1171.8	0.95293
1172.0	0.95283
1172.2	0.95272
1172.4	0.95262
1172.6	0.95252
1172.8	0.95241
1173.0	0.95231
1173.2	0.95221
1173.4	0.9521
1173.6	0.952
1173.8	0.9519
1174.0	0.95179
1174.2	0.95169
1174.4	0.95159
1174.6	0.95148
1174.8	0.95138
1175.0	0.95128
1175.2	0.95122
1175.4	0.95117
1175.6	0.95112
1175.8	0.95106
1176.0	0.95101
1176.2	0.95095
1176.4	0.9509
1176.6	0.95085
1176.8	0.95079
1177.0	0.95074
1177.2	0.95069
1177.4	0.95063
1177.6	0.95058
1177.8	0.95053
1178.0	0.95047
1178.2	0.95042
1178.4	0.95037
1178.6	0.95031
1178.8	0.95026
1179.0	0.95021
1179.2	0.95015
1179.4	0.9501
1179.6	0.95004
1179.8	0.94999
1180.0	0.94994
1180.2	0.95043
1180.4	0.95093
1180.6	0.95143
1180.8	0.95193
1181.0	0.95243
1181.2	0.95292
1181.4	0.95342
1181.6	0.95392
1181.8	0.95442
1182.0	0.95492
1182.2	0.95542
1182.4	0.95592
1182.6	0.95642
1182.8	0.95692
1183.0	0.95742
1183.2	0.95792
1183.4	0.95842
1183.6	0.95893
1183.8	0.95943
1184.0	0.95993
1184.2	0.96043
1184.4	0.96093
1184.6	0.96144
1184.8	0.96194
1185.0	0.96244
1185.2	0.96241
1185.4	0.96238
1185.6	0.96234
1185.8	0.96231
1186.0	0.96228
1186.2	0.96224
1186.4	0.96221
1186.6	0.96218
1186.8	0.96214
1187.0	0.96211
1187.2	0.96208
1187.4	0.96204
1187.6	0.96201
1187.8	0.96198
1188.0	0.96194
1188.2	0.96191
1188.4	0.96188
1188.6	0.96184
1188.8	0.96181
1189.0	0.96178
1189.2	0.96174
1189.4	0.96171
1189.6	0.96168
1189.8	0.96164
1190.0	0.96161
1190.2	0.96136
1190.4	0.96111
1190.6	0.96086
1190.8	0.96061
1191.0	0.96036
1191.2	0.96011
1191.4	0.95986
1191.6	0.95961
1191.8	0.95937
1192.0	0.95912
1192.2	0.95887
1192.4	0.95862
1192.6	0.95837
1192.8	0.95812
1193.0	0.95787
1193.2	0.95763
1193.4	0.95738
1193.6	0.95713
1193.8	0.95688
1194.0	0.95663
1194.2	0.95638
1194.4	0.95614
1194.6	0.95589
1194.8	0.95564
1195.0	0.95539
1195.2	0.95525
1195.4	0.9551
1195.6	0.95496
1195.8	0.95481
1196.0	0.95467
1196.2	0.95452
1196.4	0.95438
1196.6	0.95423
1196.8	0.95409
1197.0	0.95394
1197.2	0.9538
1197.4	0.95365
1197.6	0.95351
1197.8	0.95336
1198.0	0.95322
1198.2	0.95307
1198.4	0.95293
1198.6	0.95278
1198.8	0.95264
1199.0	0.95249
1199.2	0.95235
1199.4	0.95221
1199.6	0.95206
1199.8	0.95192
1200.0	0.95177
1200.2	0.95179
1200.4	0.9518
1200.6	0.95182
1200.8	0.95183
1201.0	0.95185
1201.2	0.95187
1201.4	0.95188
1201.6	0.9519
1201.8	0.95191
1202.0	0.95193
1202.2	0.95194
1202.4	0.95196
1202.6	0.95197
1202.8	0.95199
1203.0	0.95201
1203.2	0.95202
1203.4	0.95204
1203.6	0.95205
1203.8	0.95207
1204.0	0.95208
1204.2	0.9521
1204.4	0.95212
1204.6	0.95213
1204.8	0.95215
1205.0	0.95216
1205.2	0.95234
1205.4	0.95251
1205.6	0.95269
1205.8	0.95286
1206.0	0.95303
1206.2	0.95321
1206.4	0.95338
1206.6	0.95356
1206.8	0.95373
1207.0	0.95391
1207.2	0.95408
1207.4	0.95426
1207.6	0.95443
1207.8	0.95461
1208.0	0.95478
1208.2	0.95495
1208.4	0.95513
1208.6	0.9553
1208.8	0.95548
1209.0	0.95565
1209.2	0.95583
1209.4	0.956
1209.6	0.95618
1209.8	0.95635
1210.0	0.95653

-----------------------------7dc7a750520--
