Typical Measured Spectrum of Semrock FF01-708/75 Optical Filter	
For wavelengths between 320 and 1120 nm, values near or below 3e-7 (Optical Density 6.5) are measurement noise limited.
For wavelengths < 320 nm and > 1120 nm, values near or below 3e-6 (Optical Density 5.5) are measurement noise limited. 
Data format:  Wavelength (nm) <tab> Transmission (0 to 1)
265.0	4.8892e-07
265.2	4.8385e-07
265.4	4.7883e-07
265.6	4.7387e-07
265.8	4.6895e-07
266.0	4.6409e-07
266.2	4.5928e-07
266.4	4.5452e-07
266.6	4.4981e-07
266.8	4.4515e-07
267.0	4.4053e-07
267.2	4.8323e-07
267.4	5.3515e-07
267.6	5.9265e-07
267.8	6.5634e-07
268.0	7.2686e-07
268.2	8.0496e-07
268.4	8.9146e-07
268.6	9.8725e-07
268.8	1.0933e-06
269.0	1.2108e-06
269.2	1.3409e-06
269.4	1.485e-06
269.6	1.6446e-06
269.8	1.8213e-06
270.0	2.017e-06
270.2	2.2337e-06
270.4	2.4737e-06
270.6	2.7396e-06
270.8	2.8758e-06
271.0	2.548e-06
271.2	2.2575e-06
271.4	2.0002e-06
271.6	1.7722e-06
271.8	1.5702e-06
272.0	1.3912e-06
272.2	1.2326e-06
272.4	1.0921e-06
272.6	9.6765e-07
272.8	8.5736e-07
273.0	7.5963e-07
273.2	6.7304e-07
273.4	5.9633e-07
273.6	5.2835e-07
273.8	4.6813e-07
274.0	4.1477e-07
274.2	3.6749e-07
274.4	3.256e-07
274.6	6.5087e-07
274.8	2.374e-06
275.0	8.6589e-06
275.2	8.8196e-06
275.4	8.9832e-06
275.6	8.9898e-06
275.8	8.8538e-06
276.0	8.7198e-06
276.2	8.5879e-06
276.4	8.458e-06
276.6	8.33e-06
276.8	8.204e-06
277.0	8.0799e-06
277.2	7.9577e-06
277.4	7.8373e-06
277.6	7.7187e-06
277.8	7.6019e-06
278.0	7.4869e-06
278.2	7.3737e-06
278.4	7.2621e-06
278.6	7.1522e-06
278.8	7.044e-06
279.0	6.9375e-06
279.2	6.8325e-06
279.4	6.9928e-06
279.6	7.2017e-06
279.8	7.4169e-06
280.0	7.6386e-06
280.2	7.8668e-06
280.4	8.1019e-06
280.6	8.344e-06
280.8	8.5933e-06
281.0	8.85e-06
281.2	9.1145e-06
281.4	9.3868e-06
281.6	9.6673e-06
281.8	9.9562e-06
282.0	1.0254e-05
282.2	1.056e-05
282.4	1.0876e-05
282.6	1.1201e-05
282.8	1.1535e-05
283.0	1.0814e-05
283.2	7.0403e-06
283.4	4.5836e-06
283.6	2.9841e-06
283.8	1.9428e-06
284.0	1.2648e-06
284.2	8.2347e-07
284.4	5.3611e-07
284.6	3.4903e-07
284.8	2.2724e-07
285.0	1.4794e-07
285.2	1.4505e-07
285.4	1.4222e-07
285.6	1.5408e-07
285.8	1.7842e-07
286.0	2.066e-07
286.2	2.3924e-07
286.4	2.7703e-07
286.6	3.2079e-07
286.8	3.7147e-07
287.0	4.3015e-07
287.2	4.981e-07
287.4	5.7678e-07
287.6	6.679e-07
287.8	7.734e-07
288.0	8.9558e-07
288.2	1.0371e-06
288.4	1.2009e-06
288.6	1.3906e-06
288.8	1.6102e-06
289.0	1.8646e-06
289.2	2.1592e-06
289.4	1.8407e-06
289.6	1.5416e-06
289.8	1.291e-06
290.0	1.0812e-06
290.2	9.0545e-07
290.4	7.5829e-07
290.6	6.3504e-07
290.8	5.3183e-07
291.0	4.4539e-07
291.2	3.73e-07
291.4	3.1237e-07
291.6	2.616e-07
291.8	2.1908e-07
292.0	1.8347e-07
292.2	1.5365e-07
292.4	1.2868e-07
292.6	1.0777e-07
292.8	9.025e-08
293.0	7.8866e-08
293.2	7.6108e-08
293.4	7.3447e-08
293.6	7.0878e-08
293.8	6.84e-08
294.0	6.6008e-08
294.2	6.37e-08
294.4	6.1473e-08
294.6	5.9323e-08
294.8	5.7249e-08
295.0	5.5247e-08
295.2	5.7461e-08
295.4	5.9764e-08
295.6	6.2159e-08
295.8	6.4651e-08
296.0	6.7242e-08
296.2	6.9937e-08
296.4	7.274e-08
296.6	7.5655e-08
296.8	7.8688e-08
297.0	8.1841e-08
297.2	8.5122e-08
297.4	8.8533e-08
297.6	9.2082e-08
297.8	9.5772e-08
298.0	1.0057e-07
298.2	1.0949e-07
298.4	1.1921e-07
298.6	1.2978e-07
298.8	1.413e-07
299.0	1.5383e-07
299.2	1.6748e-07
299.4	1.8234e-07
299.6	1.9852e-07
299.8	2.1613e-07
300.0	2.3531e-07
300.2	2.5618e-07
300.4	2.7891e-07
300.6	3.0366e-07
300.8	3.306e-07
301.0	3.5993e-07
301.2	3.9186e-07
301.4	4.2662e-07
301.6	4.6447e-07
301.8	4.8722e-07
302.0	4.9721e-07
302.2	5.0742e-07
302.4	5.1783e-07
302.6	5.2846e-07
302.8	5.393e-07
303.0	5.5037e-07
303.2	5.6166e-07
303.4	5.7318e-07
303.6	5.8495e-07
303.8	5.9695e-07
304.0	6.092e-07
304.2	6.217e-07
304.4	6.3446e-07
304.6	6.4748e-07
304.8	6.6076e-07
305.0	6.7432e-07
305.2	2.7916e-07
305.4	1.1557e-07
305.6	6.0636e-08
305.8	6.0367e-08
306.0	6.0099e-08
306.2	5.9832e-08
306.4	5.9566e-08
306.6	5.9301e-08
306.8	5.9038e-08
307.0	5.8776e-08
307.2	5.8514e-08
307.4	5.8254e-08
307.6	5.7996e-08
307.8	5.7738e-08
308.0	5.7481e-08
308.2	5.7226e-08
308.4	5.6972e-08
308.6	5.6719e-08
308.8	5.6467e-08
309.0	5.6216e-08
309.2	5.5966e-08
309.4	6.1592e-08
309.6	7.2174e-08
309.8	8.4573e-08
310.0	9.9103e-08
310.2	1.1613e-07
310.4	1.3608e-07
310.6	1.5946e-07
310.8	1.8685e-07
311.0	2.1895e-07
311.2	2.5657e-07
311.4	3.0065e-07
311.6	3.523e-07
311.8	4.1283e-07
312.0	4.8375e-07
312.2	5.6686e-07
312.4	6.6424e-07
312.6	7.7836e-07
312.8	9.1208e-07
313.0	1.0688e-06
313.2	9.1236e-07
313.4	7.7123e-07
313.6	6.5194e-07
313.8	5.511e-07
314.0	4.6585e-07
314.2	3.9379e-07
314.4	3.3288e-07
314.6	2.8139e-07
314.8	2.3787e-07
315.0	2.0107e-07
315.2	1.6997e-07
315.4	1.4368e-07
315.6	1.2145e-07
315.8	1.0267e-07
316.0	8.6787e-08
316.2	7.3363e-08
316.4	6.2015e-08
316.6	5.2423e-08
316.8	4.6829e-08
317.0	4.6678e-08
317.2	4.6528e-08
317.4	4.6377e-08
317.6	4.6228e-08
317.8	4.6079e-08
318.0	4.593e-08
318.2	4.5782e-08
318.4	4.5634e-08
318.6	4.5487e-08
318.8	4.534e-08
319.0	4.5194e-08
319.2	4.5048e-08
319.4	4.4902e-08
319.6	4.4757e-08
319.8	4.4613e-08
320.0	4.4469e-08
320.2	4.4325e-08
320.4	4.4182e-08
320.6	4.4057e-08
320.8	4.3939e-08
321.0	4.3822e-08
321.2	4.3705e-08
321.4	4.3588e-08
321.6	4.3472e-08
321.8	4.3356e-08
322.0	4.324e-08
322.2	4.3124e-08
322.4	4.3009e-08
322.6	4.2894e-08
322.8	4.278e-08
323.0	4.2665e-08
323.2	4.2551e-08
323.4	4.2438e-08
323.6	4.2324e-08
323.8	4.2211e-08
324.0	4.2099e-08
324.2	4.1955e-08
324.4	4.1476e-08
324.6	4.1003e-08
324.8	4.0535e-08
325.0	4.0073e-08
325.2	3.9616e-08
325.4	3.9164e-08
325.6	3.8717e-08
325.8	3.8275e-08
326.0	3.7839e-08
326.2	3.7407e-08
326.4	3.698e-08
326.6	3.6558e-08
326.8	3.6141e-08
327.0	3.5729e-08
327.2	3.5321e-08
327.4	3.4918e-08
327.6	3.452e-08
327.8	3.4126e-08
328.0	3.3759e-08
328.2	3.3422e-08
328.4	3.3088e-08
328.6	3.2757e-08
328.8	3.2429e-08
329.0	3.2105e-08
329.2	3.1784e-08
329.4	3.1466e-08
329.6	3.1152e-08
329.8	3.084e-08
330.0	3.0532e-08
330.2	3.0227e-08
330.4	2.9924e-08
330.6	2.9625e-08
330.8	2.9329e-08
331.0	2.9036e-08
331.2	2.8745e-08
331.4	2.8458e-08
331.6	2.8173e-08
331.8	2.8892e-08
332.0	2.9792e-08
332.2	3.0721e-08
332.4	3.1678e-08
332.6	3.2665e-08
332.8	3.3683e-08
333.0	3.4733e-08
333.2	3.5815e-08
333.4	3.6931e-08
333.6	3.8082e-08
333.8	3.9269e-08
334.0	4.0493e-08
334.2	4.1754e-08
334.4	4.3056e-08
334.6	4.4397e-08
334.8	4.5781e-08
335.0	4.7207e-08
335.2	5.5725e-08
335.4	6.578e-08
335.6	7.2624e-08
335.8	6.7793e-08
336.0	6.3283e-08
336.2	5.9073e-08
336.4	5.5143e-08
336.6	5.1474e-08
336.8	4.805e-08
337.0	4.4853e-08
337.2	4.1869e-08
337.4	3.9084e-08
337.6	3.6484e-08
337.8	3.4056e-08
338.0	3.1791e-08
338.2	2.9676e-08
338.4	2.7702e-08
338.6	2.5859e-08
338.8	2.4138e-08
339.0	2.2532e-08
339.2	2.1033e-08
339.4	2.3071e-08
339.6	2.7447e-08
339.8	3.2653e-08
340.0	3.8847e-08
340.2	4.6216e-08
340.4	5.4983e-08
340.6	6.5413e-08
340.8	7.7821e-08
341.0	9.2583e-08
341.2	1.1014e-07
341.4	1.3104e-07
341.6	1.5589e-07
341.8	1.8547e-07
342.0	2.2065e-07
342.2	2.625e-07
342.4	3.123e-07
342.6	3.7154e-07
342.8	4.4201e-07
343.0	5.1561e-07
343.2	4.2884e-07
343.4	3.5667e-07
343.6	2.9664e-07
343.8	2.4672e-07
344.0	2.052e-07
344.2	1.7066e-07
344.4	1.4194e-07
344.6	1.1806e-07
344.8	9.8187e-08
345.0	8.1663e-08
345.2	6.792e-08
345.4	5.6489e-08
345.6	4.6983e-08
345.8	3.9076e-08
346.0	3.25e-08
346.2	2.703e-08
346.4	2.2481e-08
346.6	1.8698e-08
346.8	1.7781e-08
347.0	1.9919e-08
347.2	2.2314e-08
347.4	2.4996e-08
347.6	2.8002e-08
347.8	3.1368e-08
348.0	3.5139e-08
348.2	3.9364e-08
348.4	4.4096e-08
348.6	4.9398e-08
348.8	5.5337e-08
349.0	6.199e-08
349.2	6.9442e-08
349.4	7.7791e-08
349.6	8.7144e-08
349.8	9.762e-08
350.0	1.0936e-07
350.2	1.225e-07
350.4	1.3723e-07
350.6	1.2692e-07
350.8	1.1363e-07
351.0	1.0174e-07
351.2	9.1084e-08
351.4	8.1547e-08
351.6	7.3009e-08
351.8	6.5365e-08
352.0	5.8521e-08
352.2	5.2394e-08
352.4	4.6908e-08
352.6	4.1997e-08
352.8	3.76e-08
353.0	3.3663e-08
353.2	3.0138e-08
353.4	2.6983e-08
353.6	2.4158e-08
353.8	2.1628e-08
354.0	1.9364e-08
354.2	1.8374e-08
354.4	2.0403e-08
354.6	2.2655e-08
354.8	2.5156e-08
355.0	2.7933e-08
355.2	3.1016e-08
355.4	3.444e-08
355.6	3.8242e-08
355.8	4.2464e-08
356.0	4.7152e-08
356.2	5.2357e-08
356.4	5.8137e-08
356.6	6.4555e-08
356.8	7.1681e-08
357.0	7.9595e-08
357.2	8.8381e-08
357.4	9.8138e-08
357.6	1.0897e-07
357.8	1.21e-07
358.0	1.1697e-07
358.2	1.0624e-07
358.4	9.65e-08
358.6	8.7651e-08
358.8	7.9614e-08
359.0	7.2313e-08
359.2	6.5682e-08
359.4	5.9659e-08
359.6	5.4189e-08
359.8	4.922e-08
360.0	4.4706e-08
360.2	4.0607e-08
360.4	3.6883e-08
360.6	3.3501e-08
360.8	3.0429e-08
361.0	2.7639e-08
361.2	2.5104e-08
361.4	2.2802e-08
361.6	2.1156e-08
361.8	2.2938e-08
362.0	2.487e-08
362.2	2.6965e-08
362.4	2.9236e-08
362.6	3.1698e-08
362.8	3.4368e-08
363.0	3.7263e-08
363.2	4.0401e-08
363.4	4.3804e-08
363.6	4.7493e-08
363.8	5.1493e-08
364.0	5.583e-08
364.2	6.0532e-08
364.4	6.5631e-08
364.6	7.1159e-08
364.8	7.7152e-08
365.0	8.365e-08
365.2	8.2066e-08
365.4	8.0512e-08
365.6	7.8988e-08
365.8	7.7492e-08
366.0	7.6025e-08
366.2	7.4585e-08
366.4	7.3173e-08
366.6	7.1787e-08
366.8	7.0428e-08
367.0	6.7958e-08
367.2	6.2966e-08
367.4	5.834e-08
367.6	5.4055e-08
367.8	5.0084e-08
368.0	4.6404e-08
368.2	4.2996e-08
368.4	3.9837e-08
368.6	3.6911e-08
368.8	3.4199e-08
369.0	3.1687e-08
369.2	2.9359e-08
369.4	2.7202e-08
369.6	2.5204e-08
369.8	2.3353e-08
370.0	2.1637e-08
370.2	2.0048e-08
370.4	1.8575e-08
370.6	1.721e-08
370.8	1.8985e-08
371.0	2.265e-08
371.2	2.7023e-08
371.4	3.2239e-08
371.6	3.8463e-08
371.8	4.5888e-08
372.0	5.4746e-08
372.2	6.5314e-08
372.4	7.7923e-08
372.6	9.2966e-08
372.8	1.1091e-07
373.0	1.3232e-07
373.2	1.5787e-07
373.4	1.8834e-07
373.6	2.247e-07
373.8	2.6808e-07
374.0	3.1983e-07
374.2	3.8157e-07
374.4	4.392e-07
374.6	3.6609e-07
374.8	3.0516e-07
375.0	2.5436e-07
375.2	2.1203e-07
375.4	1.7673e-07
375.6	1.4732e-07
375.8	1.228e-07
376.0	1.0236e-07
376.2	8.5319e-08
376.4	7.1118e-08
376.6	5.928e-08
376.8	4.9413e-08
377.0	4.1188e-08
377.2	3.4332e-08
377.4	2.8618e-08
377.6	2.3854e-08
377.8	1.9884e-08
378.0	1.6574e-08
378.2	1.5141e-08
378.4	1.5077e-08
378.6	1.5014e-08
378.8	1.4951e-08
379.0	1.4889e-08
379.2	1.4826e-08
379.4	1.4764e-08
379.6	1.4703e-08
379.8	1.4641e-08
380.0	1.458e-08
380.2	1.4519e-08
380.4	1.4458e-08
380.6	1.4397e-08
380.8	1.4337e-08
381.0	1.4277e-08
381.2	1.4217e-08
381.4	1.4158e-08
381.6	1.4099e-08
381.8	1.404e-08
382.0	1.397e-08
382.2	1.39e-08
382.4	1.3831e-08
382.6	1.3762e-08
382.8	1.3693e-08
383.0	1.3624e-08
383.2	1.3556e-08
383.4	1.3488e-08
383.6	1.3421e-08
383.8	1.3354e-08
384.0	1.3287e-08
384.2	1.322e-08
384.4	1.3154e-08
384.6	1.3089e-08
384.8	1.3023e-08
385.0	1.2958e-08
385.2	1.2893e-08
385.4	1.2829e-08
385.6	1.3947e-08
385.8	1.763e-08
386.0	2.2287e-08
386.2	2.8173e-08
386.4	3.5614e-08
386.6	4.5021e-08
386.8	5.6912e-08
387.0	7.1943e-08
387.2	9.0945e-08
387.4	1.1497e-07
387.6	1.4533e-07
387.8	1.8372e-07
388.0	2.3224e-07
388.2	2.9358e-07
388.4	3.7112e-07
388.6	4.6914e-07
388.8	5.9305e-07
389.0	7.4968e-07
389.2	9.4769e-07
389.4	8.6614e-07
389.6	7.3361e-07
389.8	6.2136e-07
390.0	5.2628e-07
390.2	4.4576e-07
390.4	3.7755e-07
390.6	3.1978e-07
390.8	2.7085e-07
391.0	2.2941e-07
391.2	1.9431e-07
391.4	1.6458e-07
391.6	1.3939e-07
391.8	1.1807e-07
392.0	1.0e-07
392.2	1.0e-07
392.4	1.0e-07
392.6	1.0e-07
392.8	1.0e-07
393.0	1.0e-07
393.2	1.0e-07
393.4	1.0e-07
393.6	1.0e-07
393.8	1.0e-07
394.0	1.0e-07
394.2	1.0e-07
394.4	1.0e-07
394.6	1.0e-07
394.8	1.0e-07
395.0	1.0e-07
395.2	1.0e-07
395.4	1.0e-07
395.6	1.0e-07
395.8	1.0e-07
396.0	1.0e-07
396.2	1.0e-07
396.4	1.0e-07
396.6	1.0e-07
396.8	1.0e-07
397.0	1.0e-07
397.2	1.0e-07
397.4	1.0e-07
397.6	1.0e-07
397.8	1.0e-07
398.0	1.0e-07
398.2	1.0e-07
398.4	1.0e-07
398.6	1.0e-07
398.8	1.0e-07
399.0	1.0e-07
399.2	1.0e-07
399.4	1.0e-07
399.6	1.0e-07
399.8	1.0e-07
400.0	1.0e-07
400.2	1.0e-07
400.4	1.0e-07
400.6	1.0e-07
400.8	1.0e-07
401.0	1.0e-07
401.2	1.0e-07
401.4	1.0e-07
401.6	1.0e-07
401.8	1.0e-07
402.0	1.0e-07
402.2	1.0e-07
402.4	1.0e-07
402.6	1.0e-07
402.8	1.0e-07
403.0	1.0e-07
403.2	1.0e-07
403.4	1.0e-07
403.6	1.0e-07
403.8	1.0e-07
404.0	1.0e-07
404.2	1.0e-07
404.4	1.0e-07
404.6	1.0e-07
404.8	1.0e-07
405.0	1.0e-07
405.2	1.0e-07
405.4	1.0e-07
405.6	1.0e-07
405.8	1.0e-07
406.0	1.0e-07
406.2	1.0e-07
406.4	1.0e-07
406.6	1.0e-07
406.8	1.0e-07
407.0	1.0e-07
407.2	1.0e-07
407.4	1.0e-07
407.6	1.0e-07
407.8	1.0e-07
408.0	1.0e-07
408.2	1.0e-07
408.4	1.0e-07
408.6	1.0e-07
408.8	1.0e-07
409.0	1.0e-07
409.2	1.0e-07
409.4	1.0e-07
409.6	1.0e-07
409.8	1.0e-07
410.0	1.0e-07
410.2	1.0e-07
410.4	1.0e-07
410.6	1.0e-07
410.8	1.0e-07
411.0	1.0e-07
411.2	1.0e-07
411.4	1.0e-07
411.6	1.0e-07
411.8	1.0e-07
412.0	1.0e-07
412.2	1.0e-07
412.4	1.0e-07
412.6	1.0e-07
412.8	1.0e-07
413.0	1.0e-07
413.2	1.0e-07
413.4	1.0e-07
413.6	1.0e-07
413.8	1.0e-07
414.0	1.0e-07
414.2	1.0e-07
414.4	1.0e-07
414.6	1.0e-07
414.8	1.0e-07
415.0	1.0e-07
415.2	1.0e-07
415.4	1.0e-07
415.6	1.0e-07
415.8	1.0e-07
416.0	1.0e-07
416.2	1.0e-07
416.4	1.0e-07
416.6	1.0e-07
416.8	1.0e-07
417.0	1.0e-07
417.2	1.0e-07
417.4	1.0e-07
417.6	1.0e-07
417.8	1.0e-07
418.0	1.0e-07
418.2	1.0e-07
418.4	1.0e-07
418.6	1.0e-07
418.8	1.0e-07
419.0	1.0e-07
419.2	1.0e-07
419.4	1.0e-07
419.6	1.0e-07
419.8	1.0e-07
420.0	1.0e-07
420.2	1.0e-07
420.4	1.0e-07
420.6	1.0e-07
420.8	1.0e-07
421.0	1.0e-07
421.2	1.0e-07
421.4	1.0e-07
421.6	1.0e-07
421.8	1.0e-07
422.0	1.0e-07
422.2	1.0e-07
422.4	1.0e-07
422.6	1.0e-07
422.8	1.0e-07
423.0	1.0e-07
423.2	1.0e-07
423.4	1.0e-07
423.6	1.0e-07
423.8	1.0e-07
424.0	1.0e-07
424.2	1.0e-07
424.4	1.0e-07
424.6	1.0e-07
424.8	1.0e-07
425.0	1.0e-07
425.2	1.0e-07
425.4	1.0e-07
425.6	1.0e-07
425.8	1.0e-07
426.0	1.0e-07
426.2	1.0e-07
426.4	1.2134e-07
426.6	1.5598e-07
426.8	2.0051e-07
427.0	2.5776e-07
427.2	2.7019e-07
427.4	2.8322e-07
427.6	2.9688e-07
427.8	3.1119e-07
428.0	3.262e-07
428.2	3.4193e-07
428.4	3.5843e-07
428.6	3.7571e-07
428.8	3.9383e-07
429.0	4.1283e-07
429.2	4.3274e-07
429.4	4.5361e-07
429.6	4.7548e-07
429.8	4.9841e-07
430.0	5.2245e-07
430.2	5.4838e-07
430.4	5.8589e-07
430.6	6.2597e-07
430.8	6.6879e-07
431.0	7.1454e-07
431.2	7.6341e-07
431.4	8.1563e-07
431.6	8.7143e-07
431.8	9.3104e-07
432.0	9.9472e-07
432.2	1.0628e-06
432.4	1.1355e-06
432.6	1.2131e-06
432.8	1.2961e-06
433.0	1.3848e-06
433.2	1.4795e-06
433.4	1.5807e-06
433.6	1.6888e-06
433.8	1.8044e-06
434.0	1.8413e-06
434.2	1.8054e-06
434.4	1.7703e-06
434.6	1.7358e-06
434.8	1.702e-06
435.0	1.6688e-06
435.2	1.6363e-06
435.4	1.6045e-06
435.6	1.5732e-06
435.8	1.5426e-06
436.0	1.5126e-06
436.2	1.4831e-06
436.4	1.4542e-06
436.6	1.4259e-06
436.8	1.3981e-06
437.0	1.3709e-06
437.2	1.3442e-06
437.4	1.318e-06
437.6	1.2927e-06
437.8	1.2871e-06
438.0	1.2815e-06
438.2	1.276e-06
438.4	1.2705e-06
438.6	1.265e-06
438.8	1.2596e-06
439.0	1.2542e-06
439.2	1.2487e-06
439.4	1.2434e-06
439.6	1.238e-06
439.8	1.2327e-06
440.0	1.2273e-06
440.2	1.222e-06
440.4	1.2168e-06
440.6	1.2115e-06
440.8	1.2063e-06
441.0	1.2011e-06
441.2	1.1959e-06
441.4	1.1648e-06
441.6	1.1098e-06
441.8	1.0574e-06
442.0	1.0074e-06
442.2	9.5981e-07
442.4	9.1446e-07
442.6	8.7126e-07
442.8	8.301e-07
443.0	7.9089e-07
443.2	7.5352e-07
443.4	7.1792e-07
443.6	6.8401e-07
443.8	6.5169e-07
444.0	6.209e-07
444.2	5.9157e-07
444.4	5.6362e-07
444.6	5.37e-07
444.8	5.1163e-07
445.0	4.8746e-07
445.2	4.8094e-07
445.4	4.746e-07
445.6	4.6835e-07
445.8	4.6217e-07
446.0	4.5608e-07
446.2	4.5007e-07
446.4	4.4413e-07
446.6	4.3828e-07
446.8	4.325e-07
447.0	4.268e-07
447.2	4.2117e-07
447.4	4.1562e-07
447.6	4.1014e-07
447.8	4.0473e-07
448.0	3.994e-07
448.2	3.9413e-07
448.4	3.8894e-07
448.6	3.8381e-07
448.8	3.7773e-07
449.0	3.7075e-07
449.2	3.639e-07
449.4	3.5718e-07
449.6	3.5058e-07
449.8	3.441e-07
450.0	3.3774e-07
450.2	3.315e-07
450.4	3.2537e-07
450.6	3.1936e-07
450.8	3.1346e-07
451.0	3.0767e-07
451.2	3.0198e-07
451.4	2.964e-07
451.6	2.9093e-07
451.8	2.8555e-07
452.0	2.8027e-07
452.2	2.7509e-07
452.4	2.7028e-07
452.6	2.7878e-07
452.8	2.8755e-07
453.0	2.9659e-07
453.2	3.0592e-07
453.4	3.1555e-07
453.6	3.2547e-07
453.8	3.3571e-07
454.0	3.4627e-07
454.2	3.5716e-07
454.4	3.684e-07
454.6	3.7999e-07
454.8	3.9194e-07
455.0	4.0427e-07
455.2	4.1699e-07
455.4	4.301e-07
455.6	4.4363e-07
455.8	4.5759e-07
456.0	4.7198e-07
456.2	4.61e-07
456.4	4.3026e-07
456.6	4.0156e-07
456.8	3.7477e-07
457.0	3.4977e-07
457.2	3.2644e-07
457.4	3.0467e-07
457.6	2.8435e-07
457.8	2.6538e-07
458.0	2.4768e-07
458.2	2.3116e-07
458.4	2.1574e-07
458.6	2.0135e-07
458.8	1.8792e-07
459.0	1.7539e-07
459.2	1.6369e-07
459.4	1.5277e-07
459.6	1.4258e-07
459.8	1.3424e-07
460.0	1.389e-07
460.2	1.4372e-07
460.4	1.4871e-07
460.6	1.5387e-07
460.8	1.5922e-07
461.0	1.6474e-07
461.2	1.7046e-07
461.4	1.7638e-07
461.6	1.825e-07
461.8	1.8884e-07
462.0	1.9539e-07
462.2	2.0217e-07
462.4	2.0919e-07
462.6	2.1645e-07
462.8	2.2397e-07
463.0	2.3174e-07
463.2	2.3979e-07
463.4	2.4811e-07
463.6	2.4288e-07
463.8	2.3014e-07
464.0	2.1807e-07
464.2	2.0664e-07
464.4	1.958e-07
464.6	1.8553e-07
464.8	1.758e-07
465.0	1.6658e-07
465.2	1.5785e-07
465.4	1.4957e-07
465.6	1.4172e-07
465.8	1.3429e-07
466.0	1.2725e-07
466.2	1.2058e-07
466.4	1.1425e-07
466.6	1.0826e-07
466.8	1.0258e-07
467.0	9.7204e-08
467.2	1.0213e-07
467.4	1.667e-07
467.6	2.721e-07
467.8	4.4412e-07
468.0	7.2491e-07
468.2	7.1203e-07
468.4	6.9938e-07
468.6	6.8695e-07
468.8	6.7474e-07
469.0	6.6275e-07
469.2	6.5097e-07
469.4	6.394e-07
469.6	6.2804e-07
469.8	6.1688e-07
470.0	6.0592e-07
470.2	5.9515e-07
470.4	5.8458e-07
470.6	5.7554e-07
470.8	5.8615e-07
471.0	5.9696e-07
471.2	6.0797e-07
471.4	6.1919e-07
471.6	6.3061e-07
471.8	6.4223e-07
472.0	6.5408e-07
472.2	6.6614e-07
472.4	6.7843e-07
472.6	6.9094e-07
472.8	7.0368e-07
473.0	7.1666e-07
473.2	7.2987e-07
473.4	7.4333e-07
473.6	7.5704e-07
473.8	7.71e-07
474.0	7.8522e-07
474.2	7.9971e-07
474.4	7.9733e-07
474.6	7.8308e-07
474.8	7.6908e-07
475.0	7.5533e-07
475.2	7.4183e-07
475.4	7.2857e-07
475.6	7.1554e-07
475.8	7.0275e-07
476.0	6.9019e-07
476.2	6.7785e-07
476.4	6.6573e-07
476.6	6.5383e-07
476.8	6.4214e-07
477.0	6.3066e-07
477.2	6.1939e-07
477.4	6.0831e-07
477.6	5.9744e-07
477.8	5.8676e-07
478.0	5.8245e-07
478.2	6.2518e-07
478.4	6.7105e-07
478.6	7.2029e-07
478.8	7.7314e-07
479.0	8.2986e-07
479.2	8.9075e-07
479.4	9.5611e-07
479.6	1.0263e-06
479.8	1.1016e-06
480.0	1.1824e-06
480.2	1.2691e-06
480.4	1.3623e-06
480.6	1.4622e-06
480.8	1.5695e-06
481.0	1.6846e-06
481.2	1.8082e-06
481.4	1.9409e-06
481.6	2.0833e-06
481.8	2.0195e-06
482.0	1.8596e-06
482.2	1.7123e-06
482.4	1.5767e-06
482.6	1.4519e-06
482.8	1.3369e-06
483.0	1.2311e-06
483.2	1.1336e-06
483.4	1.0438e-06
483.6	9.6117e-07
483.8	8.8507e-07
484.0	8.1499e-07
484.2	7.5045e-07
484.4	6.9103e-07
484.6	6.3632e-07
484.8	5.8593e-07
485.0	5.3954e-07
485.2	4.9681e-07
485.4	4.6768e-07
485.6	4.7717e-07
485.8	4.8684e-07
486.0	4.9672e-07
486.2	5.068e-07
486.4	5.1708e-07
486.6	5.2757e-07
486.8	5.3827e-07
487.0	5.4919e-07
487.2	5.6033e-07
487.4	5.717e-07
487.6	5.833e-07
487.8	5.9513e-07
488.0	6.072e-07
488.2	6.1952e-07
488.4	6.3209e-07
488.6	6.4491e-07
488.8	6.5799e-07
489.0	6.7134e-07
489.2	6.6598e-07
489.4	6.5545e-07
489.6	6.4508e-07
489.8	6.3488e-07
490.0	6.2484e-07
490.2	6.1496e-07
490.4	6.0524e-07
490.6	5.9566e-07
490.8	5.8624e-07
491.0	5.7697e-07
491.2	5.6785e-07
491.4	5.5887e-07
491.6	5.5003e-07
491.8	5.4133e-07
492.0	5.3277e-07
492.2	5.2435e-07
492.4	5.1605e-07
492.6	5.0789e-07
492.8	4.9947e-07
493.0	4.9047e-07
493.2	4.8164e-07
493.4	4.7297e-07
493.6	4.6446e-07
493.8	4.5609e-07
494.0	4.4788e-07
494.2	4.3982e-07
494.4	4.319e-07
494.6	4.2412e-07
494.8	4.1649e-07
495.0	4.0899e-07
495.2	4.0163e-07
495.4	3.944e-07
495.6	3.873e-07
495.8	3.8032e-07
496.0	3.7348e-07
496.2	3.6675e-07
496.4	3.6015e-07
496.6	3.5774e-07
496.8	3.5561e-07
497.0	3.5349e-07
497.2	3.5138e-07
497.4	3.4929e-07
497.6	3.4721e-07
497.8	3.4514e-07
498.0	3.4308e-07
498.2	3.4103e-07
498.4	3.39e-07
498.6	3.3698e-07
498.8	3.3497e-07
499.0	3.3298e-07
499.2	3.3099e-07
499.4	3.2902e-07
499.6	3.2706e-07
499.8	3.2511e-07
500.0	3.2317e-07
500.2	2.8757e-07
500.4	2.5589e-07
500.6	2.277e-07
500.8	2.0262e-07
501.0	2.0196e-07
501.2	2.0263e-07
501.4	2.0331e-07
501.6	2.0399e-07
501.8	2.0468e-07
502.0	2.0536e-07
502.2	2.0605e-07
502.4	2.0674e-07
502.6	2.0744e-07
502.8	2.0813e-07
503.0	2.0883e-07
503.2	2.0953e-07
503.4	2.1023e-07
503.6	2.1094e-07
503.8	2.1164e-07
504.0	2.1235e-07
504.2	2.1307e-07
504.4	2.1378e-07
504.6	2.1197e-07
504.8	2.0751e-07
505.0	2.0314e-07
505.2	1.9886e-07
505.4	1.9467e-07
505.6	1.9057e-07
505.8	1.8656e-07
506.0	1.8263e-07
506.2	1.7878e-07
506.4	1.7501e-07
506.6	1.7133e-07
506.8	1.6772e-07
507.0	1.6418e-07
507.2	1.6073e-07
507.4	1.5734e-07
507.6	1.5403e-07
507.8	1.5078e-07
508.0	1.476e-07
508.2	1.4441e-07
508.4	1.3743e-07
508.6	1.3078e-07
508.8	1.2446e-07
509.0	1.1844e-07
509.2	1.1271e-07
509.4	1.0726e-07
509.6	1.0207e-07
509.8	9.7136e-08
510.0	9.2438e-08
510.2	8.7968e-08
510.4	8.3713e-08
510.6	7.9665e-08
510.8	7.5812e-08
511.0	7.2146e-08
511.2	6.8656e-08
511.4	6.5336e-08
511.6	6.2176e-08
511.8	5.9169e-08
512.0	5.893e-08
512.2	6.0701e-08
512.4	6.2524e-08
512.6	6.4403e-08
512.8	6.6338e-08
513.0	6.8331e-08
513.2	7.0383e-08
513.4	7.2498e-08
513.6	7.4676e-08
513.8	7.692e-08
514.0	7.923e-08
514.2	8.1611e-08
514.4	8.4063e-08
514.6	8.6588e-08
514.8	8.919e-08
515.0	9.1869e-08
515.2	9.4629e-08
515.4	9.7472e-08
515.6	9.9101e-08
515.8	9.2689e-08
516.0	8.6692e-08
516.2	8.1082e-08
516.4	7.5836e-08
516.6	7.0929e-08
516.8	6.634e-08
517.0	6.2047e-08
517.2	5.8033e-08
517.4	5.4278e-08
517.6	5.0766e-08
517.8	4.7481e-08
518.0	4.4409e-08
518.2	4.1535e-08
518.4	3.8848e-08
518.6	3.6334e-08
518.8	3.3983e-08
519.0	3.1785e-08
519.2	2.9728e-08
519.4	2.8867e-08
519.6	2.8462e-08
519.8	2.8064e-08
520.0	2.7671e-08
520.2	2.7284e-08
520.4	2.6902e-08
520.6	2.6526e-08
520.8	2.6154e-08
521.0	2.5788e-08
521.2	2.5427e-08
521.4	2.5071e-08
521.6	2.472e-08
521.8	2.4374e-08
522.0	2.4033e-08
522.2	2.3697e-08
522.4	2.3365e-08
522.6	2.3038e-08
522.8	2.2716e-08
523.0	2.3024e-08
523.2	2.4969e-08
523.4	2.7077e-08
523.6	2.9364e-08
523.8	3.1844e-08
524.0	3.4533e-08
524.2	3.7449e-08
524.4	4.0612e-08
524.6	4.4041e-08
524.8	4.7761e-08
525.0	5.1794e-08
525.2	5.6168e-08
525.4	6.0911e-08
525.6	6.6055e-08
525.8	7.1633e-08
526.0	7.7683e-08
526.2	8.4243e-08
526.4	9.1357e-08
526.6	9.9072e-08
526.8	9.0966e-08
527.0	8.1736e-08
527.2	7.3443e-08
527.4	6.5992e-08
527.6	5.9296e-08
527.8	5.328e-08
528.0	4.7874e-08
528.2	4.3016e-08
528.4	3.8652e-08
528.6	3.473e-08
528.8	3.1206e-08
529.0	2.804e-08
529.2	2.5195e-08
529.4	2.2639e-08
529.6	2.0342e-08
529.8	1.8278e-08
530.0	1.6423e-08
530.2	1.4757e-08
530.4	1.409e-08
530.6	1.4331e-08
530.8	1.4577e-08
531.0	1.4827e-08
531.2	1.5081e-08
531.4	1.5339e-08
531.6	1.5602e-08
531.8	1.5869e-08
532.0	1.6141e-08
532.2	1.6418e-08
532.4	1.6699e-08
532.6	1.6985e-08
532.8	1.7276e-08
533.0	1.7572e-08
533.2	1.7873e-08
533.4	1.818e-08
533.6	1.8491e-08
533.8	1.8808e-08
534.0	1.9133e-08
534.2	1.9487e-08
534.4	1.9848e-08
534.6	2.0216e-08
534.8	2.059e-08
535.0	2.0971e-08
535.2	2.136e-08
535.4	2.1755e-08
535.6	2.2158e-08
535.8	2.2568e-08
536.0	2.2986e-08
536.2	2.3412e-08
536.4	2.3845e-08
536.6	2.4287e-08
536.8	2.4737e-08
537.0	2.5195e-08
537.2	2.5661e-08
537.4	2.6136e-08
537.6	2.662e-08
537.8	2.6855e-08
538.0	2.6994e-08
538.2	2.7133e-08
538.4	2.7273e-08
538.6	2.7414e-08
538.8	2.7555e-08
539.0	2.7697e-08
539.2	2.784e-08
539.4	2.7984e-08
539.6	2.8128e-08
539.8	2.8274e-08
540.0	2.8419e-08
540.2	2.8566e-08
540.4	2.8714e-08
540.6	2.8862e-08
540.8	2.9011e-08
541.0	2.916e-08
541.2	2.9311e-08
541.4	3.0215e-08
541.6	3.2578e-08
541.8	3.5125e-08
542.0	3.7871e-08
542.2	4.0833e-08
542.4	4.4025e-08
542.6	4.7467e-08
542.8	5.1179e-08
543.0	5.518e-08
543.2	6.1624e-08
543.4	6.882e-08
543.6	7.6857e-08
543.8	8.2799e-08
544.0	8.3311e-08
544.2	8.3826e-08
544.4	8.4345e-08
544.6	8.4866e-08
544.8	8.5391e-08
545.0	8.5919e-08
545.2	8.645e-08
545.4	8.6985e-08
545.6	8.7523e-08
545.8	8.8064e-08
546.0	8.8609e-08
546.2	8.9157e-08
546.4	8.9708e-08
546.6	9.0263e-08
546.8	9.0821e-08
547.0	9.1382e-08
547.2	9.1948e-08
547.4	9.2516e-08
547.6	9.3041e-08
547.8	9.3564e-08
548.0	9.4089e-08
548.2	9.4617e-08
548.4	9.5149e-08
548.6	9.5683e-08
548.8	9.622e-08
549.0	9.676e-08
549.2	9.7304e-08
549.4	9.785e-08
549.6	9.8399e-08
549.8	9.8952e-08
550.0	9.9507e-08
550.2	1.0007e-07
550.4	1.0063e-07
550.6	1.0119e-07
550.8	1.0176e-07
551.0	1.0233e-07
551.2	1.0271e-07
551.4	1.0284e-07
551.6	1.0297e-07
551.8	1.0311e-07
552.0	1.0324e-07
552.2	1.0337e-07
552.4	1.0351e-07
552.6	1.0364e-07
552.8	1.0377e-07
553.0	1.0391e-07
553.2	1.0404e-07
553.4	1.0418e-07
553.6	1.0431e-07
553.8	1.0444e-07
554.0	1.0458e-07
554.2	1.0471e-07
554.4	1.0485e-07
554.6	1.0499e-07
554.8	1.0512e-07
555.0	1.0516e-07
555.2	1.052e-07
555.4	1.0525e-07
555.6	1.0529e-07
555.8	1.0533e-07
556.0	1.0537e-07
556.2	1.0541e-07
556.4	1.0546e-07
556.6	1.055e-07
556.8	1.0554e-07
557.0	1.0558e-07
557.2	1.0562e-07
557.4	1.0567e-07
557.6	1.0571e-07
557.8	1.0575e-07
558.0	1.0579e-07
558.2	1.0584e-07
558.4	1.0588e-07
558.6	1.0617e-07
558.8	1.0663e-07
559.0	1.071e-07
559.2	1.0757e-07
559.4	1.0804e-07
559.6	1.0851e-07
559.8	1.0898e-07
560.0	1.0946e-07
560.2	1.0994e-07
560.4	1.1042e-07
560.6	1.109e-07
560.8	1.1138e-07
561.0	1.1187e-07
561.2	1.1236e-07
561.4	1.1285e-07
561.6	1.1334e-07
561.8	1.1384e-07
562.0	1.1434e-07
562.2	1.1491e-07
562.4	1.1581e-07
562.6	1.1671e-07
562.8	1.1763e-07
563.0	1.1855e-07
563.2	1.1948e-07
563.4	1.2041e-07
563.6	1.2136e-07
563.8	1.2231e-07
564.0	1.2327e-07
564.2	1.2423e-07
564.4	1.2521e-07
564.6	1.2619e-07
564.8	1.2718e-07
565.0	1.2817e-07
565.2	1.2918e-07
565.4	1.3019e-07
565.6	1.3121e-07
565.8	1.3224e-07
566.0	1.3354e-07
566.2	1.3493e-07
566.4	1.3634e-07
566.6	1.3776e-07
566.8	1.392e-07
567.0	1.4065e-07
567.2	1.4212e-07
567.4	1.4361e-07
567.6	1.4511e-07
567.8	1.4662e-07
568.0	1.4815e-07
568.2	1.497e-07
568.4	1.5126e-07
568.6	1.5284e-07
568.8	1.5443e-07
569.0	1.5605e-07
569.2	1.5767e-07
569.4	1.5932e-07
569.6	1.6078e-07
569.8	1.619e-07
570.0	1.6304e-07
570.2	1.6418e-07
570.4	1.6533e-07
570.6	1.6649e-07
570.8	1.6766e-07
571.0	1.6884e-07
571.2	1.7002e-07
571.4	1.7121e-07
571.6	1.7241e-07
571.8	1.7362e-07
572.0	1.7484e-07
572.2	1.7607e-07
572.4	1.773e-07
572.6	1.7855e-07
572.8	1.798e-07
573.0	1.8106e-07
573.2	1.8233e-07
573.4	1.8521e-07
573.6	1.8814e-07
573.8	1.9111e-07
574.0	1.9413e-07
574.2	1.9721e-07
574.4	2.0033e-07
574.6	2.0349e-07
574.8	2.0671e-07
575.0	2.0998e-07
575.2	2.133e-07
575.4	2.1668e-07
575.6	2.2011e-07
575.8	2.2359e-07
576.0	2.2712e-07
576.2	2.3072e-07
576.4	2.3437e-07
576.6	2.3807e-07
576.8	2.4184e-07
577.0	2.4326e-07
577.2	2.4326e-07
577.4	2.4325e-07
577.6	2.4325e-07
577.8	2.4324e-07
578.0	2.4323e-07
578.2	2.4323e-07
578.4	2.4322e-07
578.6	2.4322e-07
578.8	2.4321e-07
579.0	2.4321e-07
579.2	2.432e-07
579.4	2.4319e-07
579.6	2.4319e-07
579.8	2.4318e-07
580.0	2.4318e-07
580.2	2.4317e-07
580.4	2.4317e-07
580.6	2.4402e-07
580.8	2.4735e-07
581.0	2.5072e-07
581.2	2.5413e-07
581.4	2.576e-07
581.6	2.6111e-07
581.8	2.6467e-07
582.0	2.6828e-07
582.2	2.7194e-07
582.4	2.7564e-07
582.6	2.794e-07
582.8	2.8321e-07
583.0	2.8707e-07
583.2	2.9098e-07
583.4	2.9495e-07
583.6	2.9897e-07
583.8	3.0305e-07
584.0	3.0718e-07
584.2	3.1136e-07
584.4	3.1365e-07
584.6	3.1576e-07
584.8	3.1788e-07
585.0	3.2002e-07
585.2	3.2217e-07
585.4	3.2434e-07
585.6	3.2652e-07
585.8	3.2872e-07
586.0	3.3093e-07
586.2	3.3315e-07
586.4	3.3539e-07
586.6	3.3765e-07
586.8	3.3992e-07
587.0	3.422e-07
587.2	3.4451e-07
587.4	3.4682e-07
587.6	3.4915e-07
587.8	3.515e-07
588.0	3.3933e-07
588.2	3.1718e-07
588.4	2.9647e-07
588.6	2.7712e-07
588.8	2.5903e-07
589.0	2.4212e-07
589.2	2.2631e-07
589.4	2.1153e-07
589.6	1.9772e-07
589.8	1.8482e-07
590.0	1.7275e-07
590.2	1.6147e-07
590.4	1.5093e-07
590.6	1.4108e-07
590.8	1.3187e-07
591.0	1.2326e-07
591.2	1.1521e-07
591.4	1.0769e-07
591.6	1.0066e-07
591.8	9.4087e-08
592.0	8.7944e-08
592.2	8.2203e-08
592.4	7.8322e-08
592.6	7.8696e-08
592.8	7.9071e-08
593.0	7.9448e-08
593.2	7.9827e-08
593.4	8.0208e-08
593.6	8.0591e-08
593.8	8.0976e-08
594.0	8.1362e-08
594.2	8.175e-08
594.4	8.214e-08
594.6	8.2532e-08
594.8	8.2926e-08
595.0	8.3321e-08
595.2	8.3719e-08
595.4	8.4118e-08
595.6	8.452e-08
595.8	8.4923e-08
596.0	8.5714e-08
596.2	8.6642e-08
596.4	8.758e-08
596.6	8.8528e-08
596.8	8.9487e-08
597.0	9.0456e-08
597.2	9.1435e-08
597.4	9.2425e-08
597.6	9.3426e-08
597.8	9.4438e-08
598.0	9.546e-08
598.2	9.6494e-08
598.4	9.7539e-08
598.6	9.8595e-08
598.8	9.9662e-08
599.0	1.0074e-07
599.2	1.0183e-07
599.4	1.0293e-07
599.6	1.0405e-07
599.8	1.0518e-07
600.0	1.0631e-07
600.2	1.0747e-07
600.4	1.0863e-07
600.6	1.0981e-07
600.8	1.106e-07
601.0	1.101e-07
601.2	1.0959e-07
601.4	1.0909e-07
601.6	1.0859e-07
601.8	1.0809e-07
602.0	1.0759e-07
602.2	1.071e-07
602.4	1.0661e-07
602.6	1.0612e-07
602.8	1.0563e-07
603.0	1.0515e-07
603.2	1.0467e-07
603.4	1.0419e-07
603.6	1.0371e-07
603.8	1.0323e-07
604.0	1.0276e-07
604.2	1.0229e-07
604.4	1.0182e-07
604.6	1.0135e-07
604.8	1.0089e-07
605.0	1.0042e-07
605.2	9.9963e-08
605.4	9.9504e-08
605.6	9.9048e-08
605.8	9.9421e-08
606.0	1.0012e-07
606.2	1.0082e-07
606.4	1.0153e-07
606.6	1.0225e-07
606.8	1.0297e-07
607.0	1.0369e-07
607.2	1.0442e-07
607.4	1.0516e-07
607.6	1.059e-07
607.8	1.0664e-07
608.0	1.0739e-07
608.2	1.0815e-07
608.4	1.0891e-07
608.6	1.0968e-07
608.8	1.1045e-07
609.0	1.1122e-07
609.2	1.1201e-07
609.4	1.1279e-07
609.6	1.1359e-07
609.8	1.1439e-07
610.0	1.1519e-07
610.2	1.16e-07
610.4	1.1682e-07
610.6	1.1751e-07
610.8	1.1773e-07
611.0	1.1796e-07
611.2	1.1819e-07
611.4	1.1842e-07
611.6	1.1865e-07
611.8	1.1888e-07
612.0	1.1911e-07
612.2	1.1934e-07
612.4	1.1957e-07
612.6	1.198e-07
612.8	1.2003e-07
613.0	1.2026e-07
613.2	1.2049e-07
613.4	1.2073e-07
613.6	1.2096e-07
613.8	1.2119e-07
614.0	1.2143e-07
614.2	1.2166e-07
614.4	1.219e-07
614.6	1.2213e-07
614.8	1.2237e-07
615.0	1.2261e-07
615.2	1.2284e-07
615.4	1.2308e-07
615.6	1.2337e-07
615.8	1.2368e-07
616.0	1.2399e-07
616.2	1.243e-07
616.4	1.2462e-07
616.6	1.2493e-07
616.8	1.2525e-07
617.0	1.2556e-07
617.2	1.2588e-07
617.4	1.2619e-07
617.6	1.2651e-07
617.8	1.2683e-07
618.0	1.2715e-07
618.2	1.2747e-07
618.4	1.2779e-07
618.6	1.2811e-07
618.8	1.2843e-07
619.0	1.2875e-07
619.2	1.2908e-07
619.4	1.294e-07
619.6	1.2973e-07
619.8	1.3005e-07
620.0	1.3038e-07
620.2	1.3071e-07
620.4	1.3097e-07
620.6	1.3099e-07
620.8	1.3102e-07
621.0	1.3104e-07
621.2	1.3107e-07
621.4	1.3109e-07
621.6	1.3111e-07
621.8	1.3114e-07
622.0	1.3116e-07
622.2	1.3119e-07
622.4	1.3121e-07
622.6	1.3124e-07
622.8	1.3126e-07
623.0	1.3129e-07
623.2	1.3131e-07
623.4	1.3134e-07
623.6	1.3136e-07
623.8	1.3139e-07
624.0	1.3141e-07
624.2	1.3144e-07
624.4	1.3146e-07
624.6	1.3149e-07
624.8	1.3151e-07
625.0	1.3153e-07
625.2	1.3156e-07
625.4	1.3179e-07
625.6	1.3209e-07
625.8	1.324e-07
626.0	1.327e-07
626.2	1.33e-07
626.4	1.3331e-07
626.6	1.3362e-07
626.8	1.3392e-07
627.0	1.3423e-07
627.2	1.3454e-07
627.4	1.3485e-07
627.6	1.3516e-07
627.8	1.3547e-07
628.0	1.3578e-07
628.2	1.361e-07
628.4	1.3641e-07
628.6	1.3672e-07
628.8	1.3704e-07
629.0	1.3735e-07
629.2	1.3767e-07
629.4	1.3798e-07
629.6	1.383e-07
629.8	1.3862e-07
630.0	1.3894e-07
630.2	1.3938e-07
630.4	1.4024e-07
630.6	1.4111e-07
630.8	1.4199e-07
631.0	1.4286e-07
631.2	1.4375e-07
631.4	1.4464e-07
631.6	1.4553e-07
631.8	1.4643e-07
632.0	1.4734e-07
632.2	1.4825e-07
632.4	1.4917e-07
632.6	1.5009e-07
632.8	1.5102e-07
633.0	1.5196e-07
633.2	1.529e-07
633.4	1.5384e-07
633.6	1.548e-07
633.8	1.5575e-07
634.0	1.5672e-07
634.2	1.5769e-07
634.4	1.5866e-07
634.6	1.5965e-07
634.8	1.6063e-07
635.0	1.6163e-07
635.2	1.6123e-07
635.4	1.6031e-07
635.6	1.594e-07
635.8	1.585e-07
636.0	1.576e-07
636.2	1.567e-07
636.4	1.5582e-07
636.6	1.5493e-07
636.8	1.5405e-07
637.0	1.5318e-07
637.2	1.5231e-07
637.4	1.5145e-07
637.6	1.5059e-07
637.8	1.4973e-07
638.0	1.4888e-07
638.2	1.4804e-07
638.4	1.472e-07
638.6	1.4636e-07
638.8	1.4553e-07
639.0	1.4471e-07
639.2	1.4389e-07
639.4	1.4307e-07
639.6	1.4226e-07
639.8	1.4145e-07
640.0	1.4087e-07
640.2	1.4103e-07
640.4	1.4119e-07
640.6	1.4135e-07
640.8	1.4152e-07
641.0	1.4168e-07
641.2	1.4184e-07
641.4	1.42e-07
641.6	1.4216e-07
641.8	1.4233e-07
642.0	1.4249e-07
642.2	1.4265e-07
642.4	1.4281e-07
642.6	1.4298e-07
642.8	1.4314e-07
643.0	1.433e-07
643.2	1.4347e-07
643.4	1.4363e-07
643.6	1.4379e-07
643.8	1.4487e-07
644.0	1.4702e-07
644.2	1.492e-07
644.4	1.5141e-07
644.6	1.5365e-07
644.8	1.5593e-07
645.0	1.5824e-07
645.2	1.6059e-07
645.4	1.6297e-07
645.6	1.6539e-07
645.8	1.6784e-07
646.0	1.7033e-07
646.2	1.7285e-07
646.4	1.7541e-07
646.6	1.7801e-07
646.8	1.8065e-07
647.0	1.8333e-07
647.2	1.8604e-07
647.4	1.877e-07
647.6	1.8939e-07
647.8	1.9108e-07
648.0	1.928e-07
648.2	1.9452e-07
648.4	1.9627e-07
648.6	1.9802e-07
648.8	1.998e-07
649.0	2.0159e-07
649.2	2.0339e-07
649.4	2.0522e-07
649.6	1.9289e-07
649.8	1.5177e-07
650.0	1.1942e-07
650.2	9.396e-08
650.4	7.393e-08
650.6	5.817e-08
650.8	4.5769e-08
651.0	3.6013e-08
651.2	3.5868e-08
651.4	1.7134e-08
651.6	2.9956e-08
651.8	4.8678e-08
652.0	1.1903e-08
652.2	1.1954e-08
652.4	2.5317e-08
652.6	1.2034e-08
652.8	1.4353e-08
653.0	7.6292e-08
653.2	6.9687e-08
653.4	7.1233e-08
653.6	2.4226e-08
653.8	2.4279e-08
654.0	3.2192e-08
654.2	5.1465e-08
654.4	6.9085e-08
654.6	6.4754e-08
654.8	1.0394e-07
655.0	7.5331e-08
655.2	1.077e-07
655.4	5.126e-08
655.6	8.02e-08
655.8	6.7848e-08
656.0	8.1553e-08
656.2	1.3192e-07
656.4	9.1339e-08
656.6	6.8467e-08
656.8	9.9434e-08
657.0	1.5153e-07
657.2	1.1354e-07
657.4	1.6183e-07
657.6	1.4325e-07
657.8	1.3604e-07
658.0	2.3128e-07
658.2	2.3116e-07
658.4	3.2513e-07
658.6	4.3354e-07
658.8	5.0103e-07
659.0	6.4488e-07
659.2	7.5051e-07
659.4	9.2699e-07
659.6	1.1792e-06
659.8	1.4579e-06
660.0	1.9276e-06
660.2	2.5304e-06
660.4	3.3345e-06
660.6	4.5081e-06
660.8	6.0602e-06
661.0	7.8211e-06
661.2	1.024e-05
661.4	1.3808e-05
661.6	1.7855e-05
661.8	2.3302e-05
662.0	3.0144e-05
662.2	3.88e-05
662.4	5.0222e-05
662.6	6.6593e-05
662.8	8.8446e-05
663.0	1.1595e-04
663.2	1.5198e-04
663.4	1.9749e-04
663.6	2.5874e-04
663.8	3.4141e-04
664.0	4.5293e-04
664.2	6.0255e-04
664.4	8.1248e-04
664.6	0.00109
664.8	0.0015
665.0	0.0021
665.2	0.00294
665.4	0.00425
665.6	0.00613
665.8	0.00897
666.0	0.01338
666.2	0.02046
666.4	0.03193
666.6	0.05046
666.8	0.07976
667.0	0.12876
667.2	0.2059
667.4	0.31947
667.6	0.46513
667.8	0.62164
668.0	0.68564
668.2	0.79982
668.4	0.87017
668.6	0.90971
668.8	0.9292
669.0	0.94001
669.2	0.94724
669.4	0.95277
669.6	0.95803
669.8	0.96006
670.0	0.96195
670.2	0.96191
670.4	0.96177
670.6	0.96106
670.8	0.95908
671.0	0.95873
671.2	0.9589
671.4	0.95942
671.6	0.95983
671.8	0.96216
672.0	0.96312
672.2	0.96541
672.4	0.96736
672.6	0.96784
672.8	0.96916
673.0	0.97103
673.2	0.97191
673.4	0.97106
673.6	0.96902
673.8	0.9678
674.0	0.96556
674.2	0.96295
674.4	0.96269
674.6	0.96222
674.8	0.96047
675.0	0.96121
675.2	0.96187
675.4	0.9628
675.6	0.96456
675.8	0.96582
676.0	0.96839
676.2	0.97022
676.4	0.9726
676.6	0.97568
676.8	0.97741
677.0	0.97931
677.2	0.98121
677.4	0.98226
677.6	0.98327
677.8	0.9828
678.0	0.98378
678.2	0.98365
678.4	0.9825
678.6	0.9823
678.8	0.9811
679.0	0.98046
679.2	0.97815
679.4	0.97754
679.6	0.97662
679.8	0.97553
680.0	0.97398
680.2	0.97353
680.4	0.9733
680.6	0.97215
680.8	0.97177
681.0	0.97217
681.2	0.97249
681.4	0.97309
681.6	0.97248
681.8	0.97374
682.0	0.97376
682.2	0.97414
682.4	0.97351
682.6	0.9743
682.8	0.97453
683.0	0.97372
683.2	0.97415
683.4	0.97317
683.6	0.97214
683.8	0.97254
684.0	0.97132
684.2	0.97056
684.4	0.97025
684.6	0.9687
684.8	0.96779
685.0	0.96734
685.2	0.96656
685.4	0.96626
685.6	0.96539
685.8	0.96489
686.0	0.96498
686.2	0.96511
686.4	0.96495
686.6	0.96507
686.8	0.96532
687.0	0.96561
687.2	0.9665
687.4	0.96764
687.6	0.96827
687.8	0.96888
688.0	0.97041
688.2	0.97084
688.4	0.97135
688.6	0.97299
688.8	0.97389
689.0	0.97398
689.2	0.97535
689.4	0.97514
689.6	0.97581
689.8	0.97641
690.0	0.97619
690.2	0.97642
690.4	0.97683
690.6	0.97738
690.8	0.9769
691.0	0.97672
691.2	0.97575
691.4	0.97609
691.6	0.97645
691.8	0.97567
692.0	0.97511
692.2	0.97552
692.4	0.97597
692.6	0.97574
692.8	0.97606
693.0	0.97668
693.2	0.97628
693.4	0.97766
693.6	0.97808
693.8	0.97879
694.0	0.97992
694.2	0.98129
694.4	0.98157
694.6	0.98235
694.8	0.98255
695.0	0.98371
695.2	0.984
695.4	0.98457
695.6	0.98567
695.8	0.98614
696.0	0.98604
696.2	0.98624
696.4	0.98599
696.6	0.98522
696.8	0.98542
697.0	0.98404
697.2	0.98395
697.4	0.98364
697.6	0.98178
697.8	0.9811
698.0	0.97977
698.2	0.97928
698.4	0.97842
698.6	0.97749
698.8	0.97693
699.0	0.97575
699.2	0.97434
699.4	0.97503
699.6	0.97482
699.8	0.9742
700.0	0.97393
700.2	0.97421
700.4	0.97442
700.6	0.97458
700.8	0.97533
701.0	0.97567
701.2	0.97609
701.4	0.97653
701.6	0.9778
701.8	0.97823
702.0	0.97885
702.2	0.97922
702.4	0.97957
702.6	0.97994
702.8	0.98048
703.0	0.98058
703.2	0.9802
703.4	0.98034
703.6	0.98024
703.8	0.97991
704.0	0.97972
704.2	0.97927
704.4	0.97884
704.6	0.97842
704.8	0.97762
705.0	0.97641
705.2	0.97637
705.4	0.9762
705.6	0.97593
705.8	0.97591
706.0	0.97498
706.2	0.97556
706.4	0.97549
706.6	0.97567
706.8	0.97574
707.0	0.97722
707.2	0.97686
707.4	0.97727
707.6	0.97784
707.8	0.97765
708.0	0.97873
708.2	0.97965
708.4	0.97957
708.6	0.97976
708.8	0.98029
709.0	0.98063
709.2	0.98019
709.4	0.97961
709.6	0.97924
709.8	0.97893
710.0	0.97748
710.2	0.97715
710.4	0.97646
710.6	0.97514
710.8	0.97425
711.0	0.97335
711.2	0.97216
711.4	0.9719
711.6	0.97118
711.8	0.96972
712.0	0.97007
712.2	0.97006
712.4	0.96941
712.6	0.9695
712.8	0.96975
713.0	0.97091
713.2	0.97222
713.4	0.97365
713.6	0.97459
713.8	0.97491
714.0	0.97643
714.2	0.97867
714.4	0.98006
714.6	0.98089
714.8	0.9829
715.0	0.98426
715.2	0.98476
715.4	0.98573
715.6	0.98654
715.8	0.9868
716.0	0.98645
716.2	0.98636
716.4	0.98543
716.6	0.98571
716.8	0.98426
717.0	0.98294
717.2	0.98234
717.4	0.98029
717.6	0.97847
717.8	0.97682
718.0	0.97548
718.2	0.9742
718.4	0.9733
718.6	0.97159
718.8	0.97122
719.0	0.97032
719.2	0.9705
719.4	0.97016
719.6	0.96992
719.8	0.9714
720.0	0.97153
720.2	0.97219
720.4	0.97351
720.6	0.97437
720.8	0.97722
721.0	0.97819
721.2	0.9796
721.4	0.98052
721.6	0.98187
721.8	0.98286
722.0	0.98473
722.2	0.98554
722.4	0.98616
722.6	0.98665
722.8	0.98725
723.0	0.98671
723.2	0.98583
723.4	0.9852
723.6	0.98447
723.8	0.98455
724.0	0.98355
724.2	0.98206
724.4	0.98153
724.6	0.97952
724.8	0.97957
725.0	0.97812
725.2	0.97747
725.4	0.97748
725.6	0.9772
725.8	0.97587
726.0	0.97661
726.2	0.97679
726.4	0.97637
726.6	0.97589
726.8	0.97731
727.0	0.9767
727.2	0.97631
727.4	0.97665
727.6	0.97633
727.8	0.97757
728.0	0.97719
728.2	0.97654
728.4	0.97648
728.6	0.97601
728.8	0.97452
729.0	0.97342
729.2	0.97414
729.4	0.97334
729.6	0.97303
729.8	0.97168
730.0	0.97183
730.2	0.97124
730.4	0.97233
730.6	0.97157
730.8	0.97193
731.0	0.9725
731.2	0.97318
731.4	0.97364
731.6	0.97477
731.8	0.97587
732.0	0.97679
732.2	0.9779
732.4	0.97864
732.6	0.98043
732.8	0.98105
733.0	0.98141
733.2	0.98142
733.4	0.98229
733.6	0.98108
733.8	0.98068
734.0	0.97965
734.2	0.9793
734.4	0.9778
734.6	0.97641
734.8	0.976
735.0	0.97358
735.2	0.97273
735.4	0.97205
735.6	0.97032
735.8	0.96972
736.0	0.96961
736.2	0.96878
736.4	0.9687
736.6	0.96976
736.8	0.97027
737.0	0.97061
737.2	0.97075
737.4	0.97157
737.6	0.97109
737.8	0.97167
738.0	0.97026
738.2	0.96986
738.4	0.96938
738.6	0.96949
738.8	0.96786
739.0	0.9664
739.2	0.96501
739.4	0.96295
739.6	0.96037
739.8	0.95869
740.0	0.95682
740.2	0.95445
740.4	0.9534
740.6	0.9522
740.8	0.9514
741.0	0.95113
741.2	0.95162
741.4	0.95278
741.6	0.95434
741.8	0.95679
742.0	0.95864
742.2	0.96056
742.4	0.96288
742.6	0.96444
742.8	0.96571
743.0	0.96635
743.2	0.96647
743.4	0.96601
743.6	0.9652
743.8	0.96366
744.0	0.96151
744.2	0.95943
744.4	0.95757
744.6	0.95571
744.8	0.95537
745.0	0.95508
745.2	0.95525
745.4	0.95583
745.6	0.95701
745.8	0.95881
746.0	0.96007
746.2	0.96164
746.4	0.96236
746.6	0.96242
746.8	0.96187
747.0	0.95924
747.2	0.95627
747.4	0.95274
747.6	0.94934
747.8	0.9462
748.0	0.94314
748.2	0.94104
748.4	0.93945
748.6	0.93827
748.8	0.93678
749.0	0.93534
749.2	0.93238
749.4	0.92755
749.6	0.91503
749.8	0.88042
750.0	0.80468
750.2	0.66615
750.4	0.48687
750.6	0.31282
750.8	0.18341
751.0	0.08228
751.2	0.04561
751.4	0.02573
751.6	0.01496
751.8	0.00896
752.0	0.00556
752.2	0.00335
752.4	0.00224
752.6	0.00147
752.8	9.929e-04
753.0	6.8093e-04
753.2	4.7668e-04
753.4	3.319e-04
753.6	2.2622e-04
753.8	1.5703e-04
754.0	1.0907e-04
754.2	7.6583e-05
754.4	5.4032e-05
754.6	3.8029e-05
754.8	2.5488e-05
755.0	1.8385e-05
755.2	1.4754e-05
755.4	9.7029e-06
755.6	7.1376e-06
755.8	5.6574e-06
756.0	4.3734e-06
756.2	3.1876e-06
756.4	2.6037e-06
756.6	1.6326e-06
756.8	1.3832e-06
757.0	1.1536e-06
757.2	1.1042e-06
757.4	9.9089e-07
757.6	8.4436e-07
757.8	5.6306e-07
758.0	5.0331e-07
758.2	5.5289e-07
758.4	3.6716e-07
758.6	2.3715e-07
758.8	2.3417e-07
759.0	2.2525e-07
759.2	1.7487e-07
759.4	5.6471e-08
759.6	8.3492e-08
759.8	1.7671e-07
760.0	2.2954e-07
760.2	1.7754e-07
760.4	5.7128e-08
760.6	2.4657e-07
760.8	2.0002e-07
761.0	1.3074e-07
761.2	1.91e-07
761.4	2.5216e-07
761.6	6.1494e-08
761.8	5.7467e-08
762.0	5.7462e-08
762.2	2.6439e-07
762.4	8.6135e-08
762.6	4.1151e-07
762.8	1.3117e-07
763.0	5.8464e-08
763.2	1.5026e-07
763.4	1.178e-07
763.6	9.5087e-08
763.8	7.0689e-08
764.0	1.7205e-07
764.2	5.8995e-08
764.4	7.694e-08
764.6	5.9446e-08
764.8	9.0539e-08
765.0	5.9778e-08
765.2	7.6345e-08
765.4	9.7504e-08
765.6	1.2453e-07
765.8	1.5904e-07
766.0	2.0312e-07
766.2	2.5941e-07
766.4	3.2584e-07
766.6	3.2218e-07
766.8	3.1855e-07
767.0	3.1497e-07
767.2	3.1143e-07
767.4	3.0793e-07
767.6	3.0447e-07
767.8	3.0105e-07
768.0	2.9766e-07
768.2	2.9432e-07
768.4	2.9101e-07
768.6	2.8774e-07
768.8	2.845e-07
769.0	2.8131e-07
769.2	2.7814e-07
769.4	2.7502e-07
769.6	2.7193e-07
769.8	2.6887e-07
770.0	2.6764e-07
770.2	2.6704e-07
770.4	2.6643e-07
770.6	2.6583e-07
770.8	2.6523e-07
771.0	2.6462e-07
771.2	2.6402e-07
771.4	2.6343e-07
771.6	2.6283e-07
771.8	2.6223e-07
772.0	2.6164e-07
772.2	2.6105e-07
772.4	2.6045e-07
772.6	2.5986e-07
772.8	2.5928e-07
773.0	2.5869e-07
773.2	2.581e-07
773.4	2.5752e-07
773.6	2.5693e-07
773.8	2.5635e-07
774.0	2.5577e-07
774.2	2.5519e-07
774.4	2.5461e-07
774.6	2.5404e-07
774.8	2.5302e-07
775.0	2.5079e-07
775.2	2.4858e-07
775.4	2.4639e-07
775.6	2.4422e-07
775.8	2.4207e-07
776.0	2.3994e-07
776.2	2.3782e-07
776.4	2.3573e-07
776.6	2.3365e-07
776.8	2.3159e-07
777.0	2.2955e-07
777.2	2.2753e-07
777.4	2.2553e-07
777.6	2.2354e-07
777.8	2.2157e-07
778.0	2.1962e-07
778.2	2.1768e-07
778.4	2.1576e-07
778.6	2.1386e-07
778.8	2.1198e-07
779.0	2.1011e-07
779.2	2.0826e-07
779.4	2.0643e-07
779.6	2.0461e-07
779.8	2.0433e-07
780.0	2.0448e-07
780.2	2.0464e-07
780.4	2.0479e-07
780.6	2.0495e-07
780.8	2.051e-07
781.0	2.0525e-07
781.2	2.0541e-07
781.4	2.0556e-07
781.6	2.0572e-07
781.8	2.0587e-07
782.0	2.0603e-07
782.2	2.0618e-07
782.4	2.0634e-07
782.6	2.0649e-07
782.8	2.0665e-07
783.0	2.0681e-07
783.2	2.0696e-07
783.4	2.0712e-07
783.6	2.0727e-07
783.8	2.0743e-07
784.0	2.0758e-07
784.2	2.0774e-07
784.4	2.079e-07
784.6	2.0845e-07
784.8	2.101e-07
785.0	2.1176e-07
785.2	2.1343e-07
785.4	2.1512e-07
785.6	2.1682e-07
785.8	2.1854e-07
786.0	2.2027e-07
786.2	2.2201e-07
786.4	2.2376e-07
786.6	2.2553e-07
786.8	2.2732e-07
787.0	2.2911e-07
787.2	2.3093e-07
787.4	2.3275e-07
787.6	2.3459e-07
787.8	2.3645e-07
788.0	2.3832e-07
788.2	2.3435e-07
788.4	2.2978e-07
788.6	2.253e-07
788.8	2.2091e-07
789.0	2.166e-07
789.2	2.1238e-07
789.4	2.0824e-07
789.6	2.0418e-07
789.8	2.002e-07
790.0	1.9629e-07
790.2	1.9247e-07
790.4	1.8871e-07
790.6	1.8503e-07
790.8	1.8143e-07
791.0	1.7789e-07
791.2	1.7442e-07
791.4	1.7102e-07
791.6	1.6844e-07
791.8	1.6639e-07
792.0	1.6436e-07
792.2	1.6236e-07
792.4	1.6039e-07
792.6	1.5844e-07
792.8	1.5651e-07
793.0	1.546e-07
793.2	1.5272e-07
793.4	1.5087e-07
793.6	1.5338e-07
793.8	1.615e-07
794.0	1.7006e-07
794.2	1.7907e-07
794.4	1.8856e-07
794.6	1.9855e-07
794.8	2.0907e-07
795.0	2.2014e-07
795.2	2.3181e-07
795.4	2.4409e-07
795.6	2.5702e-07
795.8	2.7064e-07
796.0	2.8498e-07
796.2	3.0008e-07
796.4	3.1598e-07
796.6	3.1697e-07
796.8	3.1482e-07
797.0	3.1269e-07
797.2	3.1057e-07
797.4	3.0846e-07
797.6	3.0637e-07
797.8	3.0429e-07
798.0	3.0222e-07
798.2	3.0017e-07
798.4	2.9814e-07
798.6	2.9612e-07
798.8	2.9411e-07
799.0	2.9211e-07
799.2	2.9013e-07
799.4	2.8816e-07
799.6	2.8621e-07
799.8	2.8427e-07
800.0	2.8331e-07
800.2	2.8319e-07
800.4	2.8307e-07
800.6	2.8295e-07
800.8	2.8282e-07
801.0	2.827e-07
801.2	2.8258e-07
801.4	2.8246e-07
801.6	2.8234e-07
801.8	2.8221e-07
802.0	2.8209e-07
802.2	2.8197e-07
802.4	2.8185e-07
802.6	2.8173e-07
802.8	2.816e-07
803.0	2.8148e-07
803.2	2.8136e-07
803.4	2.8124e-07
803.6	2.8112e-07
803.8	2.81e-07
804.0	2.8087e-07
804.2	2.8075e-07
804.4	2.8063e-07
804.6	2.8051e-07
804.8	2.8038e-07
805.0	2.8009e-07
805.2	2.798e-07
805.4	2.7951e-07
805.6	2.7922e-07
805.8	2.7893e-07
806.0	2.7864e-07
806.2	2.7835e-07
806.4	2.7806e-07
806.6	2.7777e-07
806.8	2.7748e-07
807.0	2.772e-07
807.2	2.7691e-07
807.4	2.7662e-07
807.6	2.7633e-07
807.8	2.7605e-07
808.0	2.7576e-07
808.2	2.7547e-07
808.4	2.7519e-07
808.6	2.749e-07
808.8	2.7462e-07
809.0	2.7433e-07
809.2	2.7405e-07
809.4	2.7376e-07
809.6	2.7348e-07
809.8	2.7306e-07
810.0	2.7254e-07
810.2	2.7201e-07
810.4	2.7149e-07
810.6	2.7097e-07
810.8	2.7045e-07
811.0	2.6992e-07
811.2	2.694e-07
811.4	2.6889e-07
811.6	2.6837e-07
811.8	2.6785e-07
812.0	2.6733e-07
812.2	2.6682e-07
812.4	2.6631e-07
812.6	2.6579e-07
812.8	2.6528e-07
813.0	2.6477e-07
813.2	2.6426e-07
813.4	2.6375e-07
813.6	2.6324e-07
813.8	2.6274e-07
814.0	2.6223e-07
814.2	2.6172e-07
814.4	2.6122e-07
814.6	2.6076e-07
814.8	2.6159e-07
815.0	2.6242e-07
815.2	2.6325e-07
815.4	2.6408e-07
815.6	2.6492e-07
815.8	2.6576e-07
816.0	2.6661e-07
816.2	2.6746e-07
816.4	2.683e-07
816.6	2.6916e-07
816.8	2.7001e-07
817.0	2.7087e-07
817.2	2.7173e-07
817.4	2.7259e-07
817.6	2.7346e-07
817.8	2.7433e-07
818.0	2.752e-07
818.2	2.7607e-07
818.4	2.7695e-07
818.6	2.7783e-07
818.8	2.7871e-07
819.0	2.7959e-07
819.2	2.7869e-07
819.4	2.7691e-07
819.6	2.7513e-07
819.8	2.7336e-07
820.0	2.7161e-07
820.2	2.6986e-07
820.4	2.6813e-07
820.6	2.6641e-07
820.8	2.647e-07
821.0	2.63e-07
821.2	2.6131e-07
821.4	2.5963e-07
821.6	2.5797e-07
821.8	2.5631e-07
822.0	2.5467e-07
822.2	2.5303e-07
822.4	2.5141e-07
822.6	2.5054e-07
822.8	2.5078e-07
823.0	2.5103e-07
823.2	2.5127e-07
823.4	2.5151e-07
823.6	2.5175e-07
823.8	2.5199e-07
824.0	2.5223e-07
824.2	2.5247e-07
824.4	2.5272e-07
824.6	2.5296e-07
824.8	2.532e-07
825.0	2.5345e-07
825.2	2.5369e-07
825.4	2.5393e-07
825.6	2.6291e-07
825.8	2.9626e-07
826.0	3.3385e-07
826.2	3.7621e-07
826.4	4.2395e-07
826.6	4.7774e-07
826.8	5.3836e-07
827.0	6.0666e-07
827.2	6.8364e-07
827.4	7.7038e-07
827.6	8.6812e-07
827.8	9.7827e-07
828.0	1.1024e-06
828.2	1.2423e-06
828.4	1.3999e-06
828.6	1.5775e-06
828.8	1.6326e-06
829.0	1.6232e-06
829.2	1.6139e-06
829.4	1.6046e-06
829.6	1.5954e-06
829.8	1.5862e-06
830.0	1.5771e-06
830.2	1.568e-06
830.4	1.559e-06
830.6	1.5461e-06
830.8	1.5311e-06
831.0	1.5162e-06
831.2	1.5015e-06
831.4	1.4869e-06
831.6	1.4725e-06
831.8	1.4582e-06
832.0	1.444e-06
832.2	1.43e-06
832.4	1.4165e-06
832.6	1.4034e-06
832.8	1.3904e-06
833.0	1.3776e-06
833.2	1.3649e-06
833.4	1.3522e-06
833.6	1.3397e-06
833.8	1.3273e-06
834.0	1.3151e-06
834.2	1.3121e-06
834.4	1.3162e-06
834.6	1.3202e-06
834.8	1.3243e-06
835.0	1.3284e-06
835.2	1.3325e-06
835.4	1.3366e-06
835.6	1.3407e-06
835.8	1.3449e-06
836.0	1.3436e-06
836.2	1.3377e-06
836.4	1.3318e-06
836.6	1.3259e-06
836.8	1.3201e-06
837.0	1.3143e-06
837.2	1.3085e-06
837.4	1.3027e-06
837.6	1.297e-06
837.8	1.2882e-06
838.0	1.2764e-06
838.2	1.2648e-06
838.4	1.2532e-06
838.6	1.2418e-06
838.8	1.2305e-06
839.0	1.2193e-06
839.2	1.2081e-06
839.4	1.1971e-06
839.6	1.1836e-06
839.8	1.1675e-06
840.0	1.1516e-06
840.2	1.1359e-06
840.4	1.1204e-06
840.6	1.1051e-06
840.8	1.09e-06
841.0	1.0751e-06
841.2	1.0605e-06
841.4	1.0492e-06
841.6	1.0419e-06
841.8	1.0346e-06
842.0	1.0273e-06
842.2	1.0202e-06
842.4	1.013e-06
842.6	1.0059e-06
842.8	9.9888e-07
843.0	9.9189e-07
843.2	9.9145e-07
843.4	9.997e-07
843.6	1.008e-06
843.8	1.0164e-06
844.0	1.0249e-06
844.2	1.0334e-06
844.4	1.042e-06
844.6	1.0507e-06
844.8	1.0594e-06
845.0	1.0577e-06
845.2	1.041e-06
845.4	1.0246e-06
845.6	1.0084e-06
845.8	9.9248e-07
846.0	9.7682e-07
846.2	9.6141e-07
846.4	9.4624e-07
846.6	9.3131e-07
846.8	9.194e-07
847.0	9.1198e-07
847.2	9.0462e-07
847.4	8.9732e-07
847.6	8.9008e-07
847.8	8.8289e-07
848.0	8.7577e-07
848.2	8.687e-07
848.4	8.6169e-07
848.6	8.5593e-07
848.8	8.5221e-07
849.0	8.485e-07
849.2	8.4481e-07
849.4	8.4114e-07
849.6	8.3748e-07
849.8	8.3384e-07
850.0	8.3021e-07
850.2	8.266e-07
850.4	8.2557e-07
850.6	8.2912e-07
850.8	8.3268e-07
851.0	8.3626e-07
851.2	8.3985e-07
851.4	8.4346e-07
851.6	8.4708e-07
851.8	8.5072e-07
852.0	8.5437e-07
852.2	8.5834e-07
852.4	8.6289e-07
852.6	8.6746e-07
852.8	8.7205e-07
853.0	8.7667e-07
853.2	8.8131e-07
853.4	8.8598e-07
853.6	8.9067e-07
853.8	8.9539e-07
854.0	8.9303e-07
854.2	8.771e-07
854.4	8.6146e-07
854.6	8.461e-07
854.8	8.31e-07
855.0	8.1618e-07
855.2	8.0163e-07
855.4	7.8733e-07
855.6	7.7328e-07
855.8	7.6554e-07
856.0	7.6991e-07
856.2	7.7431e-07
856.4	7.7873e-07
856.6	7.8318e-07
856.8	7.8765e-07
857.0	7.9214e-07
857.2	7.9667e-07
857.4	8.0122e-07
857.6	7.9758e-07
857.8	7.7761e-07
858.0	7.5815e-07
858.2	7.3917e-07
858.4	7.2067e-07
858.6	7.0263e-07
858.8	6.8504e-07
859.0	6.6789e-07
859.2	6.5118e-07
859.4	6.4288e-07
859.6	6.5106e-07
859.8	6.5933e-07
860.0	6.6771e-07
860.2	6.762e-07
860.4	6.848e-07
860.6	6.935e-07
860.8	7.0232e-07
861.0	7.1125e-07
861.2	7.165e-07
861.4	7.1412e-07
861.6	7.1174e-07
861.8	7.0937e-07
862.0	7.0701e-07
862.2	7.0466e-07
862.4	7.0231e-07
862.6	6.9998e-07
862.8	6.9765e-07
863.0	6.9856e-07
863.2	7.0597e-07
863.4	7.1346e-07
863.6	7.2102e-07
863.8	7.2867e-07
864.0	7.3639e-07
864.2	7.442e-07
864.4	7.5209e-07
864.6	7.6007e-07
864.8	7.5987e-07
865.0	7.439e-07
865.2	7.2827e-07
865.4	7.1297e-07
865.6	6.9799e-07
865.8	6.8332e-07
866.0	6.6896e-07
866.2	6.5491e-07
866.4	6.4115e-07
866.6	6.124e-07
866.8	5.5879e-07
867.0	5.0988e-07
867.2	4.6524e-07
867.4	4.2452e-07
867.6	3.8735e-07
867.8	3.5344e-07
868.0	3.225e-07
868.2	2.7118e-07
868.4	2.2802e-07
868.6	1.9173e-07
868.8	1.6121e-07
869.0	1.3556e-07
869.2	1.1398e-07
869.4	1.0e-07
869.6	1.0e-07
869.8	1.0e-07
870.0	1.0e-07
870.2	1.0e-07
870.4	1.0e-07
870.6	1.0e-07
870.8	1.0e-07
871.0	1.0e-07
871.2	1.0e-07
871.4	1.0e-07
871.6	1.0e-07
871.8	1.0e-07
872.0	1.0e-07
872.2	1.0e-07
872.4	1.0e-07
872.6	1.0e-07
872.8	1.0e-07
873.0	1.0e-07
873.2	1.0e-07
873.4	1.0e-07
873.6	1.0e-07
873.8	1.0e-07
874.0	1.0e-07
874.2	1.0e-07
874.4	1.0e-07
874.6	1.0e-07
874.8	1.0e-07
875.0	1.0e-07
875.2	1.0e-07
875.4	1.0e-07
875.6	1.0e-07
875.8	1.0e-07
876.0	1.0e-07
876.2	1.0e-07
876.4	1.0e-07
876.6	1.0e-07
876.8	1.0e-07
877.0	1.0e-07
877.2	1.0e-07
877.4	1.0e-07
877.6	1.0e-07
877.8	1.0e-07
878.0	1.0e-07
878.2	1.0e-07
878.4	1.0e-07
878.6	1.0e-07
878.8	1.0e-07
879.0	1.0e-07
879.2	1.0e-07
879.4	1.0e-07
879.6	1.0e-07
879.8	1.0e-07
880.0	1.0e-07
880.2	1.0054e-07
880.4	1.0636e-07
880.6	1.1253e-07
880.8	1.1905e-07
881.0	1.2595e-07
881.2	1.3324e-07
881.4	1.4097e-07
881.6	1.4913e-07
881.8	1.5778e-07
882.0	1.6692e-07
882.2	1.7659e-07
882.4	1.8683e-07
882.6	1.9765e-07
882.8	2.0911e-07
883.0	2.2122e-07
883.2	2.3404e-07
883.4	2.4761e-07
883.6	2.6195e-07
883.8	2.7615e-07
884.0	2.7538e-07
884.2	2.7461e-07
884.4	2.7385e-07
884.6	2.7308e-07
884.8	2.7232e-07
885.0	2.7156e-07
885.2	2.708e-07
885.4	2.7005e-07
885.6	2.6929e-07
885.8	2.6854e-07
886.0	2.6779e-07
886.2	2.6705e-07
886.4	2.663e-07
886.6	2.6556e-07
886.8	2.6482e-07
887.0	2.6408e-07
887.2	2.6334e-07
887.4	2.6269e-07
887.6	2.6405e-07
887.8	2.6541e-07
888.0	2.6678e-07
888.2	2.6816e-07
888.4	2.6955e-07
888.6	2.7094e-07
888.8	2.7234e-07
889.0	2.7375e-07
889.2	2.7516e-07
889.4	2.7659e-07
889.6	2.7801e-07
889.8	2.7945e-07
890.0	2.809e-07
890.2	2.8235e-07
890.4	2.8381e-07
890.6	2.8527e-07
890.8	2.8675e-07
891.0	2.8818e-07
891.2	2.8753e-07
891.4	2.8688e-07
891.6	2.8624e-07
891.8	2.8559e-07
892.0	2.8495e-07
892.2	2.8431e-07
892.4	2.8367e-07
892.6	2.8303e-07
892.8	2.8239e-07
893.0	2.8176e-07
893.2	2.8112e-07
893.4	2.8049e-07
893.6	2.7986e-07
893.8	2.7923e-07
894.0	2.786e-07
894.2	2.7798e-07
894.4	2.7735e-07
894.6	2.7672e-07
894.8	2.7578e-07
895.0	2.7485e-07
895.2	2.7391e-07
895.4	2.7298e-07
895.6	2.7206e-07
895.8	2.7113e-07
896.0	2.7021e-07
896.2	2.693e-07
896.4	2.6838e-07
896.6	2.6747e-07
896.8	2.6657e-07
897.0	2.6566e-07
897.2	2.6476e-07
897.4	2.6386e-07
897.6	2.6297e-07
897.8	2.6208e-07
898.0	2.6119e-07
898.2	2.6029e-07
898.4	2.5918e-07
898.6	2.5807e-07
898.8	2.5697e-07
899.0	2.5587e-07
899.2	2.5477e-07
899.4	2.5369e-07
899.6	2.526e-07
899.8	2.5152e-07
900.0	2.5044e-07
900.2	2.4937e-07
900.4	2.4831e-07
900.6	2.4725e-07
900.8	2.4619e-07
901.0	2.4514e-07
901.2	2.4409e-07
901.4	2.4304e-07
901.6	2.42e-07
901.8	2.4101e-07
902.0	2.4082e-07
902.2	2.4062e-07
902.4	2.4043e-07
902.6	2.4024e-07
902.8	2.4005e-07
903.0	2.3986e-07
903.2	2.3967e-07
903.4	2.3948e-07
903.6	2.3929e-07
903.8	2.391e-07
904.0	2.3891e-07
904.2	2.3872e-07
904.4	2.3853e-07
904.6	2.3834e-07
904.8	2.3815e-07
905.0	2.3796e-07
905.2	2.3777e-07
905.4	2.3748e-07
905.6	2.3585e-07
905.8	2.3422e-07
906.0	2.3261e-07
906.2	2.3101e-07
906.4	2.2942e-07
906.6	2.2784e-07
906.8	2.2627e-07
907.0	2.2471e-07
907.2	2.2316e-07
907.4	2.2163e-07
907.6	2.201e-07
907.8	2.1859e-07
908.0	2.1708e-07
908.2	2.1559e-07
908.4	2.141e-07
908.6	2.1263e-07
908.8	2.1116e-07
909.0	2.1002e-07
909.2	2.1159e-07
909.4	2.1316e-07
909.6	2.1474e-07
909.8	2.1634e-07
910.0	2.1795e-07
910.2	2.1957e-07
910.4	2.212e-07
910.6	2.2285e-07
910.8	2.2451e-07
911.0	2.2618e-07
911.2	2.2786e-07
911.4	2.2955e-07
911.6	2.3126e-07
911.8	2.3298e-07
912.0	2.3471e-07
912.2	2.3646e-07
912.4	2.3822e-07
912.6	2.3965e-07
912.8	2.392e-07
913.0	2.3874e-07
913.2	2.3828e-07
913.4	2.3783e-07
913.6	2.3737e-07
913.8	2.3692e-07
914.0	2.3647e-07
914.2	2.3602e-07
914.4	2.3557e-07
914.6	2.3512e-07
914.8	2.3467e-07
915.0	2.3422e-07
915.2	2.3377e-07
915.4	2.3333e-07
915.6	2.3288e-07
915.8	2.3244e-07
916.0	2.3199e-07
916.2	2.3167e-07
916.4	2.3183e-07
916.6	2.3199e-07
916.8	2.3215e-07
917.0	2.323e-07
917.2	2.3246e-07
917.4	2.3262e-07
917.6	2.3278e-07
917.8	2.3294e-07
918.0	2.3309e-07
918.2	2.3325e-07
918.4	2.3341e-07
918.6	2.3357e-07
918.8	2.3373e-07
919.0	2.3389e-07
919.2	2.3405e-07
919.4	2.3421e-07
919.6	2.3437e-07
919.8	2.3504e-07
920.0	2.3713e-07
920.2	2.3924e-07
920.4	2.4136e-07
920.6	2.4351e-07
920.8	2.4567e-07
921.0	2.4785e-07
921.2	2.5005e-07
921.4	2.5227e-07
921.6	2.5451e-07
921.8	2.5677e-07
922.0	2.5906e-07
922.2	2.6136e-07
922.4	2.6368e-07
922.6	2.6602e-07
922.8	2.6838e-07
923.0	2.7077e-07
923.2	2.7317e-07
923.4	2.7517e-07
923.6	2.7635e-07
923.8	2.7753e-07
924.0	2.7872e-07
924.2	2.7992e-07
924.4	2.8112e-07
924.6	2.8232e-07
924.8	2.8353e-07
925.0	2.8475e-07
925.2	2.8597e-07
925.4	2.8719e-07
925.6	2.8842e-07
925.8	2.8966e-07
926.0	2.909e-07
926.2	2.9214e-07
926.4	2.934e-07
926.6	2.9465e-07
926.8	2.9591e-07
927.0	2.9806e-07
927.2	3.0143e-07
927.4	3.0485e-07
927.6	3.083e-07
927.8	3.1179e-07
928.0	3.1532e-07
928.2	3.1889e-07
928.4	3.2251e-07
928.6	3.2616e-07
928.8	3.2985e-07
929.0	3.3359e-07
929.2	3.3737e-07
929.4	3.4119e-07
929.6	3.4505e-07
929.8	3.4896e-07
930.0	3.5291e-07
930.2	3.5691e-07
930.4	3.6095e-07
930.6	3.4157e-07
930.8	3.0361e-07
931.0	2.6987e-07
931.2	2.3988e-07
931.4	2.1322e-07
931.6	1.8952e-07
931.8	1.6846e-07
932.0	1.4974e-07
932.2	6.6834e-08
932.4	3.9639e-08
932.6	3.9658e-08
932.8	3.9947e-08
933.0	4.0333e-08
933.2	4.0636e-08
933.4	4.0917e-08
933.6	4.1173e-08
933.8	8.4272e-08
934.0	1.4314e-07
934.2	6.1772e-08
934.4	6.2692e-08
934.6	1.2291e-07
934.8	1.0315e-07
935.0	1.0002e-07
935.2	1.5594e-07
935.4	1.0311e-07
935.6	4.6217e-08
935.8	4.6569e-08
936.0	4.7054e-08
936.2	4.7735e-08
936.4	1.2227e-07
936.6	2.8995e-07
936.8	8.9409e-08
937.0	5.0764e-08
937.2	5.1214e-08
937.4	9.4751e-08
937.6	1.5046e-07
937.8	1.1927e-07
938.0	8.4319e-08
938.2	5.5571e-08
938.4	5.6279e-08
938.6	7.7693e-08
938.8	1.846e-07
939.0	1.2673e-07
939.2	6.2434e-08
939.4	9.6874e-08
939.6	1.2309e-07
939.8	1.2485e-07
940.0	2.3961e-07
940.2	3.488e-07
940.4	1.0662e-07
940.6	6.4895e-08
940.8	6.572e-08
941.0	2.923e-07
941.2	5.2615e-07
941.4	1.0983e-07
941.6	6.7322e-08
941.8	7.2311e-08
942.0	2.3954e-07
942.2	2.8887e-07
942.4	8.8767e-08
942.6	6.978e-08
942.8	6.9822e-08
943.0	6.9536e-08
943.2	1.1823e-07
943.4	3.1998e-07
943.6	2.115e-07
943.8	1.2579e-07
944.0	8.1628e-08
944.2	6.9843e-08
944.4	6.9364e-08
944.6	6.9361e-08
944.8	1.0662e-07
945.0	3.2112e-07
945.2	4.1857e-07
945.4	3.9605e-07
945.6	2.5794e-07
945.8	2.5747e-07
946.0	3.9057e-07
946.2	1.5637e-07
946.4	8.6368e-08
946.6	2.3114e-07
946.8	3.0953e-07
947.0	2.6873e-07
947.2	2.247e-07
947.4	2.0028e-07
947.6	2.0012e-07
947.8	2.7283e-07
948.0	3.7338e-07
948.2	1.8801e-07
948.4	2.0277e-07
948.6	5.0753e-07
948.8	1.8724e-07
949.0	6.4945e-08
949.2	6.483e-08
949.4	1.3047e-07
949.6	4.2744e-07
949.8	1.413e-07
950.0	9.9428e-08
950.2	3.7894e-07
950.4	5.3217e-07
950.6	4.7186e-07
950.8	2.5771e-07
951.0	1.6517e-07
951.2	1.2873e-07
951.4	1.2309e-07
951.6	1.4731e-07
951.8	3.7001e-07
952.0	5.2782e-07
952.2	4.8708e-07
952.4	2.167e-07
952.6	1.5602e-07
952.8	3.6379e-07
953.0	1.9694e-07
953.2	6.1912e-08
953.4	1.4449e-07
953.6	2.714e-07
953.8	3.8227e-07
954.0	1.5657e-07
954.2	6.5861e-08
954.4	1.2878e-07
954.6	1.1998e-07
954.8	6.095e-08
955.0	1.4413e-07
955.2	2.1529e-07
955.4	7.9617e-08
955.6	8.9877e-08
955.8	1.7721e-07
956.0	4.1427e-07
956.2	6.8091e-07
956.4	6.8116e-07
956.6	6.5211e-07
956.8	6.1665e-07
957.0	5.8128e-07
957.2	4.494e-07
957.4	2.9244e-07
957.6	3.3929e-07
957.8	3.9275e-07
958.0	3.9165e-07
958.2	4.5171e-07
958.4	5.5728e-07
958.6	5.5785e-07
958.8	5.4317e-07
959.0	5.078e-07
959.2	4.9904e-07
959.4	5.1531e-07
959.6	6.4531e-07
959.8	4.4475e-07
960.0	1.805e-07
960.2	1.6571e-07
960.4	1.6572e-07
960.6	1.6572e-07
960.8	3.3313e-07
961.0	9.2946e-07
961.2	7.1116e-07
961.4	5.771e-07
961.6	5.1059e-07
961.8	5.9234e-07
962.0	7.2653e-07
962.2	7.9232e-07
962.4	6.9993e-07
962.6	5.11e-07
962.8	7.5011e-07
963.0	1.0647e-06
963.2	1.1351e-06
963.4	1.3602e-06
963.6	1.7228e-06
963.8	1.7891e-06
964.0	1.8819e-06
964.2	2.0171e-06
964.4	1.9077e-06
964.6	1.761e-06
964.8	1.7268e-06
965.0	1.3223e-06
965.2	8.1318e-07
965.4	1.0998e-06
965.6	1.3623e-06
965.8	1.0883e-06
966.0	8.2562e-07
966.2	6.1929e-07
966.4	7.1829e-07
966.6	7.3766e-07
966.8	6.3587e-07
967.0	6.9315e-07
967.2	7.4452e-07
967.4	5.2805e-07
967.6	5.5586e-07
967.8	8.1913e-07
968.0	7.4648e-07
968.2	6.6688e-07
968.4	6.3303e-07
968.6	4.8555e-07
968.8	3.5013e-07
969.0	6.6464e-07
969.2	8.4083e-07
969.4	6.0734e-07
969.6	7.3885e-07
969.8	9.0646e-07
970.0	6.1403e-07
970.2	6.9786e-07
970.4	1.2112e-06
970.6	9.3696e-07
970.8	7.9639e-07
971.0	9.7401e-07
971.2	1.1314e-06
971.4	1.3029e-06
971.6	1.913e-06
971.8	2.5068e-06
972.0	2.8338e-06
972.2	3.0814e-06
972.4	3.0901e-06
972.6	3.2145e-06
972.8	4.5895e-06
973.0	6.4449e-06
973.2	9.1341e-06
973.4	1.3051e-05
973.6	1.9128e-05
973.8	3.3743e-05
974.0	6.5644e-05
974.2	1.9144e-04
974.4	7.6799e-04
974.6	0.00227
974.8	0.00265
975.0	9.6409e-04
975.2	2.7816e-04
975.4	1.4246e-04
975.6	9.8968e-05
975.8	7.8814e-05
976.0	6.6466e-05
976.2	6.0399e-05
976.4	5.6389e-05
976.6	5.4078e-05
976.8	5.6185e-05
977.0	5.9365e-05
977.2	6.1373e-05
977.4	6.5057e-05
977.6	7.2737e-05
977.8	8.2886e-05
978.0	9.4964e-05
978.2	1.1417e-04
978.4	1.3958e-04
978.6	1.799e-04
978.8	2.4142e-04
979.0	3.3473e-04
979.2	4.9962e-04
979.4	8.2823e-04
979.6	0.00153
979.8	0.00297
980.0	0.00484
980.2	0.00529
980.4	0.00342
980.6	0.00184
980.8	0.00106
981.0	6.867e-04
981.2	4.9481e-04
981.4	3.8315e-04
981.6	3.096e-04
981.8	2.559e-04
982.0	2.2184e-04
982.2	1.9897e-04
982.4	1.7872e-04
982.6	1.6405e-04
982.8	1.5545e-04
983.0	1.452e-04
983.2	1.3936e-04
983.4	1.3801e-04
983.6	1.3541e-04
983.8	1.3617e-04
984.0	1.3631e-04
984.2	1.4159e-04
984.4	1.4402e-04
984.6	1.5159e-04
984.8	1.5997e-04
985.0	1.7285e-04
985.2	1.8677e-04
985.4	1.9926e-04
985.6	2.2594e-04
985.8	2.5014e-04
986.0	2.8361e-04
986.2	3.2356e-04
986.4	3.8769e-04
986.6	4.6432e-04
986.8	5.7113e-04
987.0	7.3065e-04
987.2	9.4352e-04
987.4	0.00128
987.6	0.00178
987.8	0.00258
988.0	0.00368
988.2	0.00485
988.4	0.00538
988.6	0.00491
988.8	0.0038
989.0	0.0027
989.2	0.00193
989.4	0.00142
989.6	0.00108
989.8	8.4322e-04
990.0	6.8935e-04
990.2	5.7143e-04
990.4	4.8937e-04
990.6	4.2464e-04
990.8	3.648e-04
991.0	3.325e-04
991.2	3.0329e-04
991.4	2.7475e-04
991.6	2.4925e-04
991.8	2.3814e-04
992.0	2.2389e-04
992.2	2.1315e-04
992.4	2.0533e-04
992.6	1.9655e-04
992.8	1.9081e-04
993.0	1.8779e-04
993.2	1.8155e-04
993.4	1.8149e-04
993.6	1.8301e-04
993.8	1.8044e-04
994.0	1.822e-04
994.2	1.8437e-04
994.4	1.9143e-04
994.6	1.9506e-04
994.8	2.0192e-04
995.0	2.1404e-04
995.2	2.2278e-04
995.4	2.3316e-04
995.6	2.4886e-04
995.8	2.6387e-04
996.0	2.8746e-04
996.2	3.1149e-04
996.4	3.3538e-04
996.6	3.6382e-04
996.8	4.1576e-04
997.0	4.6171e-04
997.2	5.205e-04
997.4	5.9633e-04
997.6	6.9604e-04
997.8	8.2244e-04
998.0	9.8466e-04
998.2	0.00119
998.4	0.00147
998.6	0.00185
998.8	0.00235
999.0	0.00301
999.2	0.0038
999.4	0.00456
999.6	0.00504
999.8	0.00508
1000.0	0.00485
1000.2	0.00456
1000.4	0.0038
1000.6	0.00304
1000.8	0.00241
1001.0	0.00192
1001.2	0.00155
1001.4	0.00127
1001.6	0.00106
1001.8	9.0527e-04
1002.0	7.793e-04
1002.2	6.8377e-04
1002.4	6.0051e-04
1002.6	5.2938e-04
1002.8	4.7515e-04
1003.0	4.3427e-04
1003.2	4.0167e-04
1003.4	3.7093e-04
1003.6	3.4191e-04
1003.8	3.2042e-04
1004.0	3.0369e-04
1004.2	2.8836e-04
1004.4	2.7422e-04
1004.6	2.6728e-04
1004.8	2.5409e-04
1005.0	2.4537e-04
1005.2	2.4041e-04
1005.4	2.3219e-04
1005.6	2.2996e-04
1005.8	2.2505e-04
1006.0	2.2385e-04
1006.2	2.2369e-04
1006.4	2.2277e-04
1006.6	2.2588e-04
1006.8	2.2543e-04
1007.0	2.2639e-04
1007.2	2.3186e-04
1007.4	2.3651e-04
1007.6	2.4007e-04
1007.8	2.4099e-04
1008.0	2.5162e-04
1008.2	2.6271e-04
1008.4	2.7369e-04
1008.6	2.8199e-04
1008.8	2.9538e-04
1009.0	3.1019e-04
1009.2	3.3236e-04
1009.4	3.5242e-04
1009.6	3.7443e-04
1009.8	4.0012e-04
1010.0	4.3321e-04
1010.2	4.6784e-04
1010.4	5.148e-04
1010.6	5.5674e-04
1010.8	6.1438e-04
1011.0	6.9055e-04
1011.2	7.7406e-04
1011.4	8.6438e-04
1011.6	0.001
1011.8	0.00115
1012.0	0.00134
1012.2	0.00157
1012.4	0.00185
1012.6	0.0022
1012.8	0.00261
1013.0	0.0031
1013.2	0.00362
1013.4	0.00413
1013.6	0.00449
1013.8	0.00463
1014.0	0.00455
1014.2	0.0042
1014.4	0.00375
1014.6	0.00325
1014.8	0.00277
1015.0	0.00236
1015.2	0.00201
1015.4	0.00172
1015.6	0.00147
1015.8	0.00128
1016.0	0.00113
1016.2	0.001
1016.4	8.8002e-04
1016.6	8.0251e-04
1016.8	7.267e-04
1017.0	6.563e-04
1017.2	6.0012e-04
1017.4	5.6429e-04
1017.6	5.1833e-04
1017.8	4.8322e-04
1018.0	4.5043e-04
1018.2	4.2318e-04
1018.4	4.015e-04
1018.6	3.8301e-04
1018.8	3.6718e-04
1019.0	3.493e-04
1019.2	3.4234e-04
1019.4	3.2516e-04
1019.6	3.1639e-04
1019.8	3.0874e-04
1020.0	3.0069e-04
1020.2	2.9905e-04
1020.4	2.9155e-04
1020.6	2.8456e-04
1020.8	2.7776e-04
1021.0	2.7565e-04
1021.2	2.7664e-04
1021.4	2.8111e-04
1021.6	2.7507e-04
1021.8	2.7596e-04
1022.0	2.8255e-04
1022.2	2.8597e-04
1022.4	2.8803e-04
1022.6	2.9022e-04
1022.8	2.988e-04
1023.0	3.0712e-04
1023.2	3.1101e-04
1023.4	3.1852e-04
1023.6	3.2529e-04
1023.8	3.3491e-04
1024.0	3.4715e-04
1024.2	3.6144e-04
1024.4	3.7469e-04
1024.6	3.9156e-04
1024.8	4.1318e-04
1025.0	4.3178e-04
1025.2	4.5717e-04
1025.4	4.8474e-04
1025.6	5.1705e-04
1025.8	5.5182e-04
1026.0	5.9059e-04
1026.2	6.329e-04
1026.4	6.8419e-04
1026.6	7.4062e-04
1026.8	8.1123e-04
1027.0	8.8906e-04
1027.2	9.8143e-04
1027.4	0.00108
1027.6	0.00121
1027.8	0.00134
1028.0	0.00152
1028.2	0.00171
1028.4	0.00193
1028.6	0.00218
1028.8	0.00247
1029.0	0.00279
1029.2	0.00313
1029.4	0.0035
1029.6	0.0038
1029.8	0.00411
1030.0	0.00425
1030.2	0.00437
1030.4	0.00428
1030.6	0.00415
1030.8	0.00386
1031.0	0.00356
1031.2	0.00322
1031.4	0.0029
1031.6	0.00259
1031.8	0.00231
1032.0	0.00206
1032.2	0.00184
1032.4	0.00165
1032.6	0.00149
1032.8	0.00135
1033.0	0.00123
1033.2	0.00112
1033.4	0.00104
1033.6	9.5265e-04
1033.8	8.7505e-04
1034.0	8.1626e-04
1034.2	7.7016e-04
1034.4	7.2477e-04
1034.6	6.8058e-04
1034.8	6.4372e-04
1035.0	6.1295e-04
1035.2	5.827e-04
1035.4	5.53e-04
1035.6	5.3047e-04
1035.8	5.153e-04
1036.0	4.9985e-04
1036.2	4.8399e-04
1036.4	4.6795e-04
1036.6	4.515e-04
1036.8	4.3947e-04
1037.0	4.3393e-04
1037.2	4.2763e-04
1037.4	4.1995e-04
1037.6	4.1307e-04
1037.8	4.0764e-04
1038.0	4.0364e-04
1038.2	4.0287e-04
1038.4	4.0211e-04
1038.6	4.0139e-04
1038.8	4.0121e-04
1039.0	4.0267e-04
1039.2	4.0381e-04
1039.4	4.0377e-04
1039.6	4.0449e-04
1039.8	4.083e-04
1040.0	4.1281e-04
1040.2	4.2073e-04
1040.4	4.2885e-04
1040.6	4.3745e-04
1040.8	4.4663e-04
1041.0	4.5927e-04
1041.2	4.7237e-04
1041.4	4.869e-04
1041.6	5.0195e-04
1041.8	5.1869e-04
1042.0	5.3609e-04
1042.2	5.5718e-04
1042.4	5.7916e-04
1042.6	6.077e-04
1042.8	6.3765e-04
1043.0	6.6815e-04
1043.2	7.0009e-04
1043.4	7.3661e-04
1043.6	7.7516e-04
1043.8	8.229e-04
1044.0	8.741e-04
1044.2	9.3552e-04
1044.4	0.001
1044.6	0.00107
1044.8	0.00115
1045.0	0.00129
1045.2	0.00141
1045.4	0.00155
1045.6	0.00169
1045.8	0.00185
1046.0	0.00202
1046.2	0.00221
1046.4	0.00242
1046.6	0.00264
1046.8	0.00286
1047.0	0.00308
1047.2	0.00333
1047.4	0.00359
1047.6	0.0038
1047.8	0.00391
1048.0	0.00403
1048.2	0.00415
1048.4	0.00427
1048.6	0.00415
1048.8	0.00402
1049.0	0.00389
1049.2	0.00376
1049.4	0.00358
1049.6	0.00333
1049.8	0.0031
1050.0	0.00288
1050.2	0.00268
1050.4	0.00249
1050.6	0.00231
1050.8	0.00214
1051.0	0.00198
1051.2	0.00184
1051.4	0.00172
1051.6	0.0016
1051.8	0.00149
1052.0	0.00139
1052.2	0.00132
1052.4	0.00125
1052.6	0.00118
1052.8	0.00112
1053.0	0.00106
1053.2	0.00102
1053.4	9.7085e-04
1053.6	9.271e-04
1053.8	8.872e-04
1054.0	8.5625e-04
1054.2	8.2639e-04
1054.4	7.9757e-04
1054.6	7.6975e-04
1054.8	7.5072e-04
1055.0	7.3478e-04
1055.2	7.1919e-04
1055.4	7.0392e-04
1055.6	6.8998e-04
1055.8	6.7874e-04
1056.0	6.6768e-04
1056.2	6.568e-04
1056.4	6.4609e-04
1056.6	6.4058e-04
1056.8	6.3611e-04
1057.0	6.3167e-04
1057.2	6.2727e-04
1057.4	6.2524e-04
1057.6	6.2707e-04
1057.8	6.289e-04
1058.0	6.3074e-04
1058.2	6.3259e-04
1058.4	6.383e-04
1058.6	6.4435e-04
1058.8	6.5047e-04
1059.0	6.5664e-04
1059.2	6.6571e-04
1059.4	6.781e-04
1059.6	6.9072e-04
1059.8	7.0357e-04
1060.0	7.1677e-04
1060.2	7.3453e-04
1060.4	7.5273e-04
1060.6	7.7138e-04
1060.8	7.9049e-04
1061.0	8.1361e-04
1061.2	8.401e-04
1061.4	8.6746e-04
1061.6	8.9571e-04
1061.8	9.2606e-04
1062.0	9.6606e-04
1062.2	0.00101
1062.4	0.00105
1062.6	0.0011
1062.8	0.00115
1063.0	0.00121
1063.2	0.00127
1063.4	0.00133
1063.6	0.0014
1063.8	0.00149
1064.0	0.00157
1064.2	0.00166
1064.4	0.00176
1064.6	0.00189
1064.8	0.00203
1065.0	0.00219
1065.2	0.00236
1065.4	0.00253
1065.6	0.00268
1065.8	0.00284
1066.0	0.00301
1066.2	0.00319
1066.4	0.00338
1066.6	0.00358
1066.8	0.00379
1067.0	0.00402
1067.2	0.00417
1067.4	0.0042
1067.6	0.00423
1067.8	0.00426
1068.0	0.00429
1068.2	0.00432
1068.4	0.00435
1068.6	0.00438
1068.8	0.00441
1069.0	0.00433
1069.2	0.00415
1069.4	0.00397
1069.6	0.0038
1069.8	0.00364
1070.0	0.00348
1070.2	0.00333
1070.4	0.00319
1070.6	0.00305
1070.8	0.00291
1071.0	0.00277
1071.2	0.00263
1071.4	0.0025
1071.6	0.00237
1071.8	0.00225
1072.0	0.00214
1072.2	0.00203
1072.4	0.00193
1072.6	0.00185
1072.8	0.00179
1073.0	0.00172
1073.2	0.00166
1073.4	0.0016
1073.6	0.00154
1073.8	0.00148
1074.0	0.00143
1074.2	0.00137
1074.4	0.00134
1074.6	0.00131
1074.8	0.00128
1075.0	0.00126
1075.2	0.00123
1075.4	0.00121
1075.6	0.00118
1075.8	0.00116
1076.0	0.00113
1076.2	0.00113
1076.4	0.00113
1076.6	0.00112
1076.8	0.00112
1077.0	0.00112
1077.2	0.00112
1077.4	0.00112
1077.6	0.00112
1077.8	0.00111
1078.0	0.00112
1078.2	0.00114
1078.4	0.00115
1078.6	0.00117
1078.8	0.00118
1079.0	0.0012
1079.2	0.00121
1079.4	0.00123
1079.6	0.00125
1079.8	0.00126
1080.0	0.00128
1080.2	0.00129
1080.4	0.00131
1080.6	0.00133
1080.8	0.00135
1081.0	0.00136
1081.2	0.00138
1081.4	0.0014
1081.6	0.00143
1081.8	0.00148
1082.0	0.00154
1082.2	0.00159
1082.4	0.00165
1082.6	0.00171
1082.8	0.00177
1083.0	0.00184
1083.2	0.00191
1083.4	0.00198
1083.6	0.00205
1083.8	0.00212
1084.0	0.0022
1084.2	0.00228
1084.4	0.00236
1084.6	0.00245
1084.8	0.00254
1085.0	0.00264
1085.2	0.00276
1085.4	0.00288
1085.6	0.003
1085.8	0.00314
1086.0	0.00328
1086.2	0.00342
1086.4	0.00357
1086.6	0.00373
1086.8	0.00389
1087.0	0.00406
1087.2	0.00424
1087.4	0.00443
1087.6	0.00463
1087.8	0.00483
1088.0	0.00504
1088.2	0.00527
1088.4	0.0055
1088.6	0.00561
1088.8	0.0055
1089.0	0.00539
1089.2	0.00528
1089.4	0.00517
1089.6	0.00506
1089.8	0.00496
1090.0	0.00486
1090.2	0.00476
1090.4	0.00467
1090.6	0.00457
1090.8	0.00448
1091.0	0.00439
1091.2	0.0043
1091.4	0.00421
1091.6	0.00413
1091.8	0.00404
1092.0	0.00396
1092.2	0.00388
1092.4	0.0038
1092.6	0.00373
1092.8	0.00365
1093.0	0.00358
1093.2	0.0035
1093.4	0.00343
1093.6	0.00336
1093.8	0.00329
1094.0	0.00323
1094.2	0.00316
1094.4	0.0031
1094.6	0.00304
1094.8	0.00297
1095.0	0.00291
1095.2	0.00285
1095.4	0.00279
1095.6	0.00273
1095.8	0.00268
1096.0	0.00262
1096.2	0.00256
1096.4	0.00251
1096.6	0.00246
1096.8	0.00241
1097.0	0.00235
1097.2	0.0023
1097.4	0.00226
1097.6	0.00221
1097.8	0.00216
1098.0	0.00212
1098.2	0.00207
1098.4	0.00203
1098.6	0.00199
1098.8	0.00194
1099.0	0.0019
1099.2	0.00186
1099.4	0.00182
1099.6	0.00178
1099.8	0.00175
1100.0	0.00171
1100.2	0.00173
1100.4	0.00175
1100.6	0.00176
1100.8	0.00178
1101.0	0.0018
1101.2	0.00182
1101.4	0.00184
1101.6	0.00186
1101.8	0.00188
1102.0	0.0019
1102.2	0.00192
1102.4	0.00194
1102.6	0.00196
1102.8	0.00198
1103.0	0.002
1103.2	0.00202
1103.4	0.00204
1103.6	0.00206
1103.8	0.00208
1104.0	0.0021
1104.2	0.00212
1104.4	0.00215
1104.6	0.00217
1104.8	0.00219
1105.0	0.00221
1105.2	0.0023
1105.4	0.00238
1105.6	0.00247
1105.8	0.00256
1106.0	0.00265
1106.2	0.00275
1106.4	0.00285
1106.6	0.00296
1106.8	0.00307
1107.0	0.00318
1107.2	0.0033
1107.4	0.00342
1107.6	0.00354
1107.8	0.00367
1108.0	0.00381
1108.2	0.00395
1108.4	0.0041
1108.6	0.00425
1108.8	0.0044
1109.0	0.00457
1109.2	0.00473
1109.4	0.00491
1109.6	0.00509
1109.8	0.00528
1110.0	0.00547
