Typical Measured Spectrum of Semrock FF01-692/40 Optical Filter	
For wavelengths between 320 and 1120 nm, values near or below 3e-7 (Optical Density 6.5) are measurement noise limited.
For wavelengths < 320 nm and > 1120 nm, values near or below 3e-6 (Optical Density 5.5) are measurement noise limited. 
Data format:  Wavelength (nm) <tab> Transmission (0 to 1)
300.0	4.4564e-07
300.2	5.2531e-07
300.4	6.1923e-07
300.6	7.2993e-07
300.8	8.6043e-07
301.0	1.0143e-06
301.2	1.1956e-06
301.4	1.4093e-06
301.6	1.6613e-06
301.8	1.9583e-06
302.0	1.9656e-06
302.2	1.9714e-06
302.4	1.9772e-06
302.6	1.983e-06
302.8	1.9888e-06
303.0	1.9946e-06
303.2	2.0005e-06
303.4	2.0064e-06
303.6	2.0122e-06
303.8	2.0181e-06
304.0	1.654e-06
304.2	1.2827e-06
304.4	9.9471e-07
304.6	7.7139e-07
304.8	5.9821e-07
305.0	4.6391e-07
305.2	3.5976e-07
305.4	2.7899e-07
305.6	2.1635e-07
305.8	1.6778e-07
306.0	1.5e-07
306.2	1.4898e-07
306.4	1.4797e-07
306.6	1.4696e-07
306.8	1.4596e-07
307.0	1.4497e-07
307.2	1.4398e-07
307.4	1.43e-07
307.6	1.4202e-07
307.8	1.4106e-07
308.0	1.4337e-07
308.2	1.5158e-07
308.4	1.6026e-07
308.6	1.6943e-07
308.8	1.7913e-07
309.0	1.8938e-07
309.2	2.0022e-07
309.4	2.1168e-07
309.6	2.238e-07
309.8	2.3661e-07
310.0	2.5091e-07
310.2	2.7558e-07
310.4	3.0266e-07
310.6	3.3241e-07
310.8	3.6509e-07
311.0	4.0097e-07
311.2	4.4039e-07
311.4	4.8367e-07
311.6	5.3121e-07
311.8	5.8343e-07
312.0	5.0666e-07
312.2	4.3735e-07
312.4	3.7753e-07
312.6	3.2588e-07
312.8	2.8131e-07
313.0	2.4282e-07
313.2	2.0961e-07
313.4	1.8093e-07
313.6	1.5618e-07
313.8	1.3482e-07
314.0	1.4875e-07
314.2	1.7698e-07
314.4	2.1056e-07
314.6	2.5051e-07
314.8	2.9804e-07
315.0	3.546e-07
315.2	4.2188e-07
315.4	5.0193e-07
315.6	5.9717e-07
315.8	7.1048e-07
316.0	6.9211e-07
316.2	5.7802e-07
316.4	4.8274e-07
316.6	4.0316e-07
316.8	3.3671e-07
317.0	2.812e-07
317.2	2.3485e-07
317.4	1.9614e-07
317.6	1.638e-07
317.8	1.368e-07
318.0	1.2356e-07
318.2	1.2788e-07
318.4	1.3236e-07
318.6	1.37e-07
318.8	1.4179e-07
319.0	1.4676e-07
319.2	1.519e-07
319.4	1.5722e-07
319.6	1.6272e-07
319.8	1.6842e-07
320.0	1.7679e-07
320.2	2.1824e-07
320.4	2.6942e-07
320.6	3.3259e-07
320.8	4.1058e-07
321.0	5.0685e-07
321.2	6.2569e-07
321.4	7.724e-07
321.6	9.5352e-07
321.8	1.1771e-06
322.0	1.1036e-06
322.2	1.0289e-06
322.4	9.5923e-07
322.6	8.943e-07
322.8	8.3376e-07
323.0	7.7732e-07
323.2	7.247e-07
323.4	6.7564e-07
323.6	6.299e-07
323.8	5.8726e-07
324.0	5.0391e-07
324.2	4.2239e-07
324.4	3.5405e-07
324.6	2.9677e-07
324.8	2.4876e-07
325.0	2.0852e-07
325.2	1.7478e-07
325.4	1.4651e-07
325.6	1.228e-07
325.8	1.0294e-07
326.0	9.4982e-08
326.2	9.3954e-08
326.4	9.2938e-08
326.6	9.1932e-08
326.8	9.0938e-08
327.0	8.9954e-08
327.2	8.8981e-08
327.4	8.8019e-08
327.6	8.7067e-08
327.8	8.6125e-08
328.0	9.2695e-08
328.2	1.1416e-07
328.4	1.406e-07
328.6	1.7317e-07
328.8	2.1327e-07
329.0	2.6266e-07
329.2	3.235e-07
329.4	3.9842e-07
329.6	4.9069e-07
329.8	6.0433e-07
330.0	7.1159e-07
330.2	5.4614e-07
330.4	4.1915e-07
330.6	3.2169e-07
330.8	2.4689e-07
331.0	1.8949e-07
331.2	1.4543e-07
331.4	1.1161e-07
331.6	8.566e-08
331.8	6.5743e-08
332.0	7.9027e-08
332.2	9.7264e-08
332.4	1.1971e-07
332.6	1.4734e-07
332.8	1.8134e-07
333.0	2.2319e-07
333.2	2.7469e-07
333.4	3.3809e-07
333.6	4.1611e-07
333.8	5.1214e-07
334.0	5.1226e-07
334.2	4.7902e-07
334.4	4.4794e-07
334.6	4.1888e-07
334.8	3.917e-07
335.0	3.6629e-07
335.2	3.4252e-07
335.4	3.203e-07
335.6	2.9952e-07
335.8	2.8009e-07
336.0	2.9201e-07
336.2	3.3103e-07
336.4	3.7526e-07
336.6	4.2541e-07
336.8	4.8225e-07
337.0	5.4669e-07
337.2	6.1974e-07
337.4	7.0255e-07
337.6	7.9643e-07
337.8	9.0286e-07
338.0	9.5751e-07
338.2	9.0872e-07
338.4	8.6241e-07
338.6	8.1847e-07
338.8	7.7676e-07
339.0	7.3718e-07
339.2	6.9961e-07
339.4	6.6396e-07
339.6	6.3013e-07
339.8	5.9802e-07
340.0	5.5488e-07
340.2	4.1531e-07
340.4	3.1084e-07
340.6	2.3265e-07
340.8	1.7413e-07
341.0	1.3033e-07
341.2	9.7548e-08
341.4	7.3011e-08
341.6	5.4646e-08
341.8	4.09e-08
342.0	5.3803e-08
342.2	7.3845e-08
342.4	1.0135e-07
342.6	1.3911e-07
342.8	1.9092e-07
343.0	2.6204e-07
343.2	3.5965e-07
343.4	4.9362e-07
343.6	6.775e-07
343.8	9.2987e-07
344.0	1.0798e-06
344.2	1.1824e-06
344.4	1.2947e-06
344.6	1.4178e-06
344.8	1.5525e-06
345.0	1.7e-06
345.2	1.8615e-06
345.4	2.0384e-06
345.6	2.2321e-06
345.8	2.4441e-06
346.0	2.7326e-06
346.2	3.1064e-06
346.4	3.5313e-06
346.6	4.0143e-06
346.8	4.5634e-06
347.0	5.1877e-06
347.2	5.8973e-06
347.4	6.704e-06
347.6	7.621e-06
347.8	8.6635e-06
348.0	9.7896e-06
348.2	1.0952e-05
348.4	1.2253e-05
348.6	1.3707e-05
348.8	1.5335e-05
349.0	1.7156e-05
349.2	1.9193e-05
349.4	2.1472e-05
349.6	2.4021e-05
349.8	2.6874e-05
350.0	3.0326e-05
350.2	3.7162e-05
350.4	4.5539e-05
350.6	5.5803e-05
350.8	6.8382e-05
351.0	8.3796e-05
351.2	1.0269e-04
351.4	1.2583e-04
351.6	1.542e-04
351.8	1.8895e-04
352.0	2.0977e-04
352.2	2.3116e-04
352.4	2.5472e-04
352.6	2.8069e-04
352.8	3.0931e-04
353.0	3.4084e-04
353.2	3.7559e-04
353.4	4.1388e-04
353.6	4.5608e-04
353.8	5.0257e-04
354.0	5.8638e-04
354.2	6.9767e-04
354.4	8.3009e-04
354.6	9.8764e-04
354.8	0.00118
355.0	0.0014
355.2	0.00166
355.4	0.00198
355.6	0.00235
355.8	0.0028
356.0	0.00298
356.2	0.00291
356.4	0.00285
356.6	0.00278
356.8	0.00272
357.0	0.00265
357.2	0.00259
357.4	0.00253
357.6	0.00247
357.8	0.00242
358.0	0.00225
358.2	0.00193
358.4	0.00166
358.6	0.00142
358.8	0.00122
359.0	0.00105
359.2	9.0177e-04
359.4	7.7456e-04
359.6	6.653e-04
359.8	5.7145e-04
360.0	4.9522e-04
360.2	4.6291e-04
360.4	4.327e-04
360.6	4.0447e-04
360.8	3.7808e-04
361.0	3.5341e-04
361.2	3.3035e-04
361.4	3.088e-04
361.6	2.8865e-04
361.8	2.6982e-04
362.0	2.6957e-04
362.2	2.7047e-04
362.4	2.7137e-04
362.6	2.7228e-04
362.8	2.7319e-04
363.0	2.741e-04
363.2	2.7502e-04
363.4	2.7594e-04
363.6	2.7686e-04
363.8	2.7779e-04
364.0	3.2647e-04
364.2	4.0277e-04
364.4	4.9692e-04
364.6	6.1307e-04
364.8	7.5636e-04
365.0	9.3315e-04
365.2	0.00115
365.4	0.00142
365.6	0.00175
365.8	0.00216
366.0	0.00215
366.2	0.00183
366.4	0.00157
366.6	0.00134
366.8	0.00114
367.0	9.744e-04
367.2	8.3201e-04
367.4	7.1043e-04
367.6	6.0662e-04
367.8	5.1798e-04
368.0	4.4493e-04
368.2	3.8541e-04
368.4	3.3385e-04
368.6	2.8919e-04
368.8	2.505e-04
369.0	2.1699e-04
369.2	1.8796e-04
369.4	1.6282e-04
369.6	1.4104e-04
369.8	1.2217e-04
370.0	1.0505e-04
370.2	9.489e-05
370.4	1.2817e-04
370.6	1.6155e-04
370.8	2.3371e-04
371.0	4.0321e-04
371.2	8.3781e-04
371.4	0.00207
371.6	0.00295
371.8	0.00247
372.0	0.00147
372.2	8.5856e-04
372.4	6.3555e-04
372.6	5.3243e-04
372.8	4.8791e-04
373.0	4.7937e-04
373.2	5.0118e-04
373.4	5.8296e-04
373.6	7.1255e-04
373.8	9.2476e-04
374.0	0.00129
374.2	0.00198
374.4	0.00358
374.6	0.00711
374.8	0.01388
375.0	0.0231
375.2	0.0232
375.4	0.0195
375.6	0.01639
375.8	0.01493
376.0	0.01497
376.2	0.01651
376.4	0.01921
376.6	0.02271
376.8	0.02584
377.0	0.02482
377.2	0.01951
377.4	0.01457
377.6	0.01106
377.8	0.009
378.0	0.00793
378.2	0.00737
378.4	0.00704
378.6	0.00687
378.8	0.00689
379.0	0.00723
379.2	0.00813
379.4	0.00993
379.6	0.01312
379.8	0.01818
380.0	0.02589
380.2	0.0325
380.4	0.03515
380.6	0.03155
380.8	0.02587
381.0	0.02004
381.2	0.01516
381.4	0.01178
381.6	0.00984
381.8	0.00887
382.0	0.00865
382.2	0.00908
382.4	0.01055
382.6	0.01312
382.8	0.01734
383.0	0.02382
383.2	0.03239
383.4	0.03687
383.6	0.03514
383.8	0.02939
384.0	0.023
384.2	0.01869
384.4	0.01643
384.6	0.01553
384.8	0.01573
385.0	0.01693
385.2	0.01951
385.4	0.02288
385.6	0.02593
385.8	0.02703
386.0	0.02435
386.2	0.01844
386.4	0.01329
386.6	0.00961
386.8	0.00725
387.0	0.00592
387.2	0.00535
387.4	0.00526
387.6	0.00562
387.8	0.00651
388.0	0.00845
388.2	0.01199
388.4	0.01763
388.6	0.02486
388.8	0.03017
389.0	0.02529
389.2	0.01823
389.4	0.01261
389.6	0.00909
389.8	0.00718
390.0	0.00613
390.2	0.00564
390.4	0.00584
390.6	0.00665
390.8	0.00835
391.0	0.01149
391.2	0.01697
391.4	0.02451
391.6	0.0265
391.8	0.02189
392.0	0.01496
392.2	0.00967
392.4	0.00698
392.6	0.00545
392.8	0.00458
393.0	0.00414
393.2	0.00401
393.4	0.0043
393.6	0.00497
393.8	0.00622
394.0	0.00846
394.2	0.01236
394.4	0.01646
394.6	0.01757
394.8	0.01485
395.0	0.01036
395.2	0.00707
395.4	0.00525
395.6	0.00419
395.8	0.00361
396.0	0.00338
396.2	0.00346
396.4	0.00379
396.6	0.00448
396.8	0.00563
397.0	0.00723
397.2	0.00838
397.4	0.00804
397.6	0.00645
397.8	0.00451
398.0	0.00311
398.2	0.00228
398.4	0.00176
398.6	0.00144
398.8	0.00126
399.0	0.00119
399.2	0.00119
399.4	0.00125
399.6	0.00141
399.8	0.00168
400.0	0.00244
400.2	0.00326
400.4	0.00435
400.6	0.00481
400.8	0.0048
401.0	0.0048
401.2	0.00439
401.4	0.00316
401.6	0.00228
401.8	0.00164
402.0	0.00145
402.2	0.00131
402.4	0.00119
402.6	0.00125
402.8	0.00154
403.0	0.0019
403.2	0.00235
403.4	0.00309
403.6	0.00406
403.8	0.00533
404.0	0.00489
404.2	0.00394
404.4	0.00317
404.6	0.00249
404.8	0.00187
405.0	0.0014
405.2	0.00105
405.4	9.5937e-04
405.6	8.8095e-04
405.8	8.0895e-04
406.0	8.5041e-04
406.2	9.8599e-04
406.4	0.00114
406.6	0.00139
406.8	0.00203
407.0	0.00297
407.2	0.00435
407.4	0.00485
407.6	0.00508
407.8	0.00532
408.0	0.00485
408.2	0.0037
408.4	0.00282
408.6	0.00217
408.8	0.00201
409.0	0.00187
409.2	0.00174
409.4	0.0019
409.6	0.00227
409.8	0.0027
410.0	0.00315
410.2	0.00414
410.4	0.00547
410.6	0.00574
410.8	0.0058
411.0	0.00466
411.2	0.00346
411.4	0.00264
411.6	0.00205
411.8	0.0017
412.0	0.0015
412.2	0.00139
412.4	0.00137
412.6	0.00141
412.8	0.00157
413.0	0.0018
413.2	0.00226
413.4	0.00287
413.6	0.00402
413.8	0.00563
414.0	0.00652
414.2	0.00746
414.4	0.00629
414.6	0.00498
414.8	0.00385
415.0	0.00294
415.2	0.00244
415.4	0.00214
415.6	0.002
415.8	0.002
416.0	0.00212
416.2	0.00246
416.4	0.00296
416.6	0.00394
416.8	0.00522
417.0	0.00675
417.2	0.0086
417.4	0.00762
417.6	0.00674
417.8	0.00486
418.0	0.00345
418.2	0.00263
418.4	0.00205
418.6	0.00174
418.8	0.00154
419.0	0.00147
419.2	0.00147
419.4	0.00158
419.6	0.00181
419.8	0.00216
420.0	0.00279
420.2	0.00368
420.4	0.00487
420.6	0.00605
420.8	0.00606
421.0	0.00607
421.2	0.00489
421.4	0.00356
421.6	0.00263
421.8	0.00206
422.0	0.00162
422.2	0.00139
422.4	0.00125
422.6	0.00114
422.8	0.00117
423.0	0.00119
423.2	0.0013
423.4	0.0015
423.6	0.00173
423.8	0.00211
424.0	0.00258
424.2	0.00289
424.4	0.00294
424.6	0.00299
424.8	0.00253
425.0	0.00212
425.2	0.00172
425.4	0.00143
425.6	0.00118
425.8	0.00107
426.0	9.8128e-04
426.2	9.4335e-04
426.4	9.8966e-04
426.6	0.001
426.8	0.00106
427.0	0.00119
427.2	0.00135
427.4	0.0016
427.6	0.0019
427.8	0.00202
428.0	0.00208
428.2	0.00238
428.4	0.00213
428.6	0.00191
428.8	0.00165
429.0	0.0014
429.2	0.0012
429.4	0.00113
429.6	0.00107
429.8	9.2745e-04
430.0	9.2265e-04
430.2	9.8555e-04
430.4	0.00105
430.6	0.00112
430.8	0.0012
431.0	0.00128
431.2	0.00132
431.4	0.00125
431.6	0.00118
431.8	0.00112
432.0	0.00106
432.2	0.001
432.4	9.475e-04
432.6	8.9708e-04
432.8	8.5295e-04
433.0	8.1221e-04
433.2	7.7341e-04
433.4	7.3646e-04
433.6	7.0128e-04
433.8	6.6778e-04
434.0	6.3589e-04
434.2	6.2006e-04
434.4	6.9548e-04
434.6	7.8008e-04
434.8	8.7497e-04
435.0	9.814e-04
435.2	0.00119
435.4	0.00155
435.6	0.00202
435.8	0.00244
436.0	0.00293
436.2	0.00289
436.4	0.00275
436.6	0.00236
436.8	0.00196
437.0	0.00165
437.2	0.00141
437.4	0.00126
437.6	0.00117
437.8	0.00112
438.0	0.00112
438.2	0.00114
438.4	0.00122
438.6	0.00131
438.8	0.00147
439.0	0.00164
439.2	0.00179
439.4	0.00195
439.6	0.00196
439.8	0.00196
440.0	0.00184
440.2	0.00171
440.4	0.00157
440.6	0.00144
440.8	0.00136
441.0	0.0013
441.2	0.0013
441.4	0.00134
441.6	0.00144
441.8	0.00162
442.0	0.00188
442.2	0.00232
442.4	0.00286
442.6	0.0035
442.8	0.0042
443.0	0.00405
443.2	0.0039
443.4	0.00301
443.6	0.00231
443.8	0.00177
444.0	0.00136
444.2	0.0011
444.4	9.1464e-04
444.6	8.0491e-04
444.8	7.3134e-04
445.0	7.1032e-04
445.2	6.8544e-04
445.4	7.0941e-04
445.6	7.6371e-04
445.8	8.2216e-04
446.0	9.673e-04
446.2	0.00119
446.4	0.00145
446.6	0.00173
446.8	0.00203
447.0	0.00239
447.2	0.00214
447.4	0.00176
447.6	0.00146
447.8	0.0011
448.0	8.2012e-04
448.2	6.0993e-04
448.4	5.0018e-04
448.6	4.1621e-04
448.8	3.4634e-04
449.0	3.1736e-04
449.2	2.9325e-04
449.4	2.7097e-04
449.6	2.6973e-04
449.8	2.6922e-04
450.0	2.6912e-04
450.2	2.9735e-04
450.4	3.2854e-04
450.6	3.6548e-04
450.8	4.5247e-04
451.0	5.6016e-04
451.2	7.0341e-04
451.4	9.9089e-04
451.6	0.0014
451.8	0.00191
452.0	0.00225
452.2	0.00266
452.4	0.00288
452.6	0.00226
452.8	0.00177
453.0	0.0014
453.2	0.00112
453.4	8.9753e-04
453.6	7.5321e-04
453.8	7.0103e-04
454.0	6.5246e-04
454.2	6.3218e-04
454.4	6.5894e-04
454.6	6.8683e-04
454.8	7.4496e-04
455.0	8.5771e-04
455.2	9.5499e-04
455.4	0.00118
455.6	0.00151
455.8	0.00205
456.0	0.00286
456.2	0.00396
456.4	0.00517
456.6	0.00589
456.8	0.00555
457.0	0.00473
457.2	0.00386
457.4	0.00316
457.6	0.00271
457.8	0.00244
458.0	0.00232
458.2	0.00231
458.4	0.00237
458.6	0.00253
458.8	0.00269
459.0	0.00274
459.2	0.00262
459.4	0.0023
459.6	0.0018
459.8	0.00135
460.0	0.001
460.2	7.5008e-04
460.4	5.7019e-04
460.6	4.4899e-04
460.8	3.6649e-04
461.0	3.0641e-04
461.2	2.6014e-04
461.4	2.2743e-04
461.6	2.0967e-04
461.8	1.981e-04
462.0	1.896e-04
462.2	1.8303e-04
462.4	1.8603e-04
462.6	1.947e-04
462.8	2.1066e-04
463.0	2.3508e-04
463.2	2.687e-04
463.4	3.2397e-04
463.6	4.0129e-04
463.8	5.1693e-04
464.0	6.9785e-04
464.2	9.9262e-04
464.4	0.00139
464.6	0.00175
464.8	0.00188
465.0	0.00164
465.2	0.00128
465.4	0.00101
465.6	7.8714e-04
465.8	6.4746e-04
466.0	5.3485e-04
466.2	4.4182e-04
466.4	3.7351e-04
466.6	3.6858e-04
466.8	3.6372e-04
467.0	3.5892e-04
467.2	3.7479e-04
467.4	4.3788e-04
467.6	5.1158e-04
467.8	5.9769e-04
468.0	7.0309e-04
468.2	8.3194e-04
468.4	9.844e-04
468.6	0.00116
468.8	0.00103
469.0	8.2658e-04
469.2	6.6332e-04
469.4	5.3231e-04
469.6	4.0546e-04
469.8	3.0816e-04
470.0	2.3421e-04
470.2	1.8218e-04
470.4	1.593e-04
470.6	1.393e-04
470.8	1.2181e-04
471.0	1.1145e-04
471.2	1.0997e-04
471.4	1.0851e-04
471.6	1.0707e-04
471.8	1.1266e-04
472.0	1.2408e-04
472.2	1.3664e-04
472.4	1.5048e-04
472.6	1.7609e-04
472.8	2.093e-04
473.0	2.4878e-04
473.2	2.9553e-04
473.4	3.1276e-04
473.6	3.3099e-04
473.8	3.5029e-04
474.0	3.5611e-04
474.2	3.1266e-04
474.4	2.7451e-04
474.6	2.4102e-04
474.8	2.0884e-04
475.0	1.7777e-04
475.2	1.7593e-04
475.4	1.7411e-04
475.6	1.7231e-04
475.8	2.0116e-04
476.0	2.3735e-04
476.2	2.8004e-04
476.4	3.3041e-04
476.6	3.8984e-04
476.8	4.5996e-04
477.0	4.434e-04
477.2	3.7766e-04
477.4	3.2166e-04
477.6	2.7397e-04
477.8	2.3334e-04
478.0	1.9875e-04
478.2	1.6274e-04
478.4	1.2157e-04
478.6	9.081e-05
478.8	6.7834e-05
479.0	5.0672e-05
479.2	3.7851e-05
479.4	2.8275e-05
479.6	2.5876e-05
479.8	2.3754e-05
480.0	2.1806e-05
480.2	2.0018e-05
480.4	1.8377e-05
480.6	1.687e-05
480.8	1.7087e-05
481.0	1.8165e-05
481.2	1.9312e-05
481.4	2.0531e-05
481.6	2.1827e-05
481.8	2.3205e-05
482.0	2.6903e-05
482.2	3.6509e-05
482.4	4.9546e-05
482.6	6.7237e-05
482.8	9.1245e-05
483.0	1.2383e-04
483.2	1.6689e-04
483.4	1.9454e-04
483.6	2.2676e-04
483.8	2.6432e-04
484.0	3.081e-04
484.2	3.5913e-04
484.4	4.1861e-04
484.6	3.7246e-04
484.8	3.0065e-04
485.0	2.4268e-04
485.2	2.0765e-04
485.4	1.7767e-04
485.6	1.5202e-04
485.8	1.6004e-04
486.0	1.8492e-04
486.2	2.1368e-04
486.4	2.6792e-04
486.6	3.9966e-04
486.8	5.9617e-04
487.0	8.8929e-04
487.2	7.9472e-04
487.4	6.9327e-04
487.6	6.0476e-04
487.8	4.2799e-04
488.0	2.6112e-04
488.2	1.5932e-04
488.4	1.031e-04
488.6	8.2212e-05
488.8	6.5557e-05
489.0	5.2277e-05
489.2	4.7102e-05
489.4	4.3327e-05
489.6	3.9855e-05
489.8	3.8653e-05
490.0	3.9654e-05
490.2	4.068e-05
490.4	4.2502e-05
490.6	5.077e-05
490.8	6.0646e-05
491.0	7.2443e-05
491.2	1.0543e-04
491.4	1.6357e-04
491.6	2.538e-04
491.8	3.5573e-04
492.0	4.2532e-04
492.2	5.0853e-04
492.4	5.981e-04
492.6	3.705e-04
492.8	2.2951e-04
493.0	1.4217e-04
493.2	1.0141e-04
493.4	7.7787e-05
493.6	5.9667e-05
493.8	4.8447e-05
494.0	4.5063e-05
494.2	4.1916e-05
494.4	3.8988e-05
494.6	4.1381e-05
494.8	4.4359e-05
495.0	4.7551e-05
495.2	5.5318e-05
495.4	6.8725e-05
495.6	9.534e-05
495.8	1.4253e-04
496.0	2.4396e-04
496.2	5.1466e-04
496.4	0.00116
496.6	0.00161
496.8	9.5956e-04
497.0	4.2351e-04
497.2	2.1485e-04
497.4	1.3453e-04
497.6	9.4047e-05
497.8	7.434e-05
498.0	6.1456e-05
498.2	5.3157e-05
498.4	4.8277e-05
498.6	4.6567e-05
498.8	4.6951e-05
499.0	4.7298e-05
499.2	5.3229e-05
499.4	6.2094e-05
499.6	7.9482e-05
499.8	1.0434e-04
500.0	1.5542e-04
500.2	2.7319e-04
500.4	6.5175e-04
500.6	0.00198
500.8	0.00321
501.0	0.00149
501.2	4.9762e-04
501.4	2.2989e-04
501.6	1.4054e-04
501.8	9.8931e-05
502.0	7.8041e-05
502.2	6.3961e-05
502.4	5.5528e-05
502.6	5.0073e-05
502.8	4.8966e-05
503.0	4.9561e-05
503.2	5.3711e-05
503.4	6.2334e-05
503.6	7.8922e-05
503.8	1.0901e-04
504.0	1.7933e-04
504.2	3.8975e-04
504.4	0.0012
504.6	0.0026
504.8	0.0017
505.0	4.669e-04
505.2	1.6552e-04
505.4	9.58e-05
505.6	6.5662e-05
505.8	5.0073e-05
506.0	4.0416e-05
506.2	3.5882e-05
506.4	3.2594e-05
506.6	3.2581e-05
506.8	3.4431e-05
507.0	3.8164e-05
507.2	4.6749e-05
507.4	6.6194e-05
507.6	1.1735e-04
507.8	3.9519e-04
508.0	0.00182
508.2	0.00199
508.4	4.0368e-04
508.6	9.078e-05
508.8	4.4175e-05
509.0	2.6851e-05
509.2	1.9002e-05
509.4	1.5044e-05
509.6	1.1761e-05
509.8	9.8551e-06
510.0	9.6694e-06
510.2	9.5847e-06
510.4	1.0024e-05
510.6	1.1544e-05
510.8	1.8924e-05
511.0	5.8981e-05
511.2	3.5169e-04
511.4	5.4493e-04
511.6	1.014e-04
511.8	1.5141e-05
512.0	7.3394e-06
512.2	4.5627e-06
512.4	3.6919e-06
512.6	3.0304e-06
512.8	2.6586e-06
513.0	2.4436e-06
513.2	2.8191e-06
513.4	5.9523e-06
513.6	4.451e-05
513.8	1.5229e-04
514.0	4.1274e-05
514.2	2.8978e-06
514.4	1.4202e-06
514.6	6.3421e-07
514.8	7.8287e-07
515.0	8.3732e-07
515.2	6.254e-07
515.4	4.6711e-07
515.6	3.4888e-07
515.8	2.6058e-07
516.0	1.9463e-07
516.2	1.4537e-07
516.4	1.0857e-07
516.6	8.1094e-08
516.8	6.0569e-08
517.0	4.5239e-08
517.2	3.9331e-08
517.4	3.4619e-08
517.6	3.0471e-08
517.8	2.6821e-08
518.0	2.3607e-08
518.2	2.0779e-08
518.4	1.8289e-08
518.6	1.6098e-08
518.8	1.4169e-08
519.0	1.2472e-08
519.2	1.0732e-08
519.4	9.1959e-09
519.6	7.8794e-09
519.8	6.7513e-09
520.0	5.7848e-09
520.2	4.9566e-09
520.4	4.247e-09
520.6	3.639e-09
520.8	3.118e-09
521.0	2.6716e-09
521.2	2.7058e-09
521.4	2.8889e-09
521.6	3.0845e-09
521.8	3.2933e-09
522.0	3.5162e-09
522.2	3.7543e-09
522.4	4.0084e-09
522.6	4.2798e-09
522.8	4.5695e-09
523.0	4.8788e-09
523.2	4.6861e-09
523.4	4.2872e-09
523.6	3.9223e-09
523.8	3.5885e-09
524.0	3.283e-09
524.2	3.0036e-09
524.4	2.7479e-09
524.6	2.514e-09
524.8	2.3e-09
525.0	2.1043e-09
525.2	2.5284e-09
525.4	3.038e-09
525.6	3.6503e-09
525.8	4.3861e-09
526.0	5.2701e-09
526.2	6.3323e-09
526.4	7.6086e-09
526.6	9.1421e-09
526.8	1.0985e-08
527.0	1.3199e-08
527.2	1.0222e-08
527.4	7.6983e-09
527.6	5.7975e-09
527.8	4.366e-09
528.0	3.288e-09
528.2	2.4762e-09
528.4	1.8648e-09
528.6	1.4043e-09
528.8	1.0576e-09
529.0	7.9646e-10
529.2	7.6539e-10
529.4	7.6405e-10
529.6	7.6272e-10
529.8	7.6139e-10
530.0	7.6006e-10
530.2	7.5873e-10
530.4	7.5741e-10
530.6	7.5609e-10
530.8	7.5477e-10
531.0	7.5346e-10
531.2	9.2483e-10
531.4	1.1993e-09
531.6	1.5552e-09
531.8	2.0168e-09
532.0	2.6153e-09
532.2	3.3915e-09
532.4	4.3981e-09
532.6	5.7033e-09
532.8	7.3959e-09
533.0	9.5909e-09
533.2	8.6039e-09
533.4	6.6881e-09
533.6	5.1988e-09
533.8	4.0412e-09
534.0	3.1413e-09
534.2	2.4418e-09
534.4	1.8981e-09
534.6	1.4755e-09
534.8	1.1469e-09
535.0	8.9153e-10
535.2	1.1248e-09
535.4	1.419e-09
535.6	1.7903e-09
535.8	2.2586e-09
536.0	2.8495e-09
536.2	3.595e-09
536.4	4.5356e-09
536.6	5.7221e-09
536.8	7.2192e-09
537.0	9.1078e-09
537.2	8.4453e-09
537.4	7.6651e-09
537.6	6.957e-09
537.8	6.3143e-09
538.0	5.731e-09
538.2	5.2015e-09
538.4	4.721e-09
538.6	4.2849e-09
538.8	3.889e-09
539.0	3.5297e-09
539.2	3.5365e-09
539.4	3.5984e-09
539.6	3.6613e-09
539.8	3.7254e-09
540.0	3.7906e-09
540.2	3.8569e-09
540.4	3.9244e-09
540.6	3.993e-09
540.8	4.0629e-09
541.0	4.1339e-09
541.2	4.5019e-09
541.4	4.9865e-09
541.6	5.5234e-09
541.8	6.118e-09
542.0	6.7766e-09
542.2	7.5062e-09
542.4	8.3143e-09
542.6	9.2093e-09
542.8	1.0201e-08
543.0	1.1299e-08
543.2	1.0971e-08
543.4	1.0158e-08
543.6	9.4052e-09
543.8	8.7083e-09
544.0	8.0631e-09
544.2	7.4657e-09
544.4	6.9125e-09
544.6	6.4003e-09
544.8	5.9261e-09
545.0	5.487e-09
545.2	4.4615e-09
545.4	3.6205e-09
545.6	2.938e-09
545.8	2.3842e-09
546.0	1.9348e-09
546.2	1.5701e-09
546.4	1.2741e-09
546.6	1.0339e-09
546.8	8.3902e-10
547.0	6.8086e-10
547.2	6.6625e-10
547.4	6.6566e-10
547.6	6.6506e-10
547.8	6.6447e-10
548.0	6.6387e-10
548.2	6.6328e-10
548.4	6.6269e-10
548.6	6.6209e-10
548.8	6.615e-10
549.0	6.6091e-10
549.2	7.4165e-10
549.4	8.5087e-10
549.6	9.7618e-10
549.8	1.1199e-09
550.0	1.2849e-09
550.2	1.4741e-09
550.4	1.6912e-09
550.6	1.9403e-09
550.8	2.226e-09
551.0	2.5539e-09
551.2	2.364e-09
551.4	2.0596e-09
551.6	1.7945e-09
551.8	1.5635e-09
552.0	1.3622e-09
552.2	1.1868e-09
552.4	1.0341e-09
552.6	9.0093e-10
552.8	7.8495e-10
553.0	6.839e-10
553.2	7.9296e-10
553.4	1.0275e-09
553.6	1.3313e-09
553.8	1.7251e-09
554.0	2.2353e-09
554.2	2.8964e-09
554.4	3.7529e-09
554.6	4.8629e-09
554.8	6.301e-09
555.0	8.1646e-09
555.2	1.8119e-08
555.4	1.7437e-08
555.6	1.6781e-08
555.8	1.6149e-08
556.0	1.5541e-08
556.2	1.4956e-08
556.4	1.4393e-08
556.6	1.3851e-08
556.8	1.333e-08
557.0	1.2828e-08
557.2	9.8122e-09
557.4	7.2847e-09
557.6	5.4082e-09
557.8	4.0151e-09
558.0	2.9808e-09
558.2	2.213e-09
558.4	1.643e-09
558.6	1.2197e-09
558.8	9.0555e-10
559.0	6.7229e-10
559.2	7.5082e-10
559.4	9.1168e-10
559.6	1.107e-09
559.8	1.3442e-09
560.0	1.6321e-09
560.2	1.9818e-09
560.4	2.4064e-09
560.6	2.9219e-09
560.8	3.5479e-09
561.0	4.308e-09
561.2	4.2162e-09
561.4	3.876e-09
561.6	3.5632e-09
561.8	3.2757e-09
562.0	3.0114e-09
562.2	2.7684e-09
562.4	2.545e-09
562.6	2.3396e-09
562.8	2.1509e-09
563.0	1.9773e-09
563.2	2.1694e-09
563.4	2.5495e-09
563.6	2.9963e-09
563.8	3.5215e-09
564.0	4.1386e-09
564.2	4.8639e-09
564.4	5.7162e-09
564.6	6.718e-09
564.8	7.8953e-09
565.0	9.2789e-09
565.2	1.9104e-08
565.4	1.3119e-08
565.6	9.0084e-09
565.8	6.186e-09
566.0	4.2478e-09
566.2	2.9169e-09
566.4	2.003e-09
566.6	1.3754e-09
566.8	9.445e-10
567.0	6.4857e-10
567.2	8.1426e-10
567.4	1.0973e-09
567.6	1.4786e-09
567.8	1.9925e-09
568.0	2.685e-09
568.2	3.6181e-09
568.4	4.8756e-09
568.6	6.5701e-09
568.8	8.8536e-09
569.0	1.1931e-08
569.2	1.2732e-08
569.4	1.3017e-08
569.6	1.3309e-08
569.8	1.3607e-08
570.0	1.3912e-08
570.2	1.4224e-08
570.4	1.4543e-08
570.6	1.4869e-08
570.8	1.5203e-08
571.0	1.5544e-08
571.2	1.5553e-08
571.4	1.5476e-08
571.6	1.54e-08
571.8	1.5324e-08
572.0	1.5248e-08
572.2	1.5173e-08
572.4	1.5098e-08
572.6	1.5024e-08
572.8	1.495e-08
573.0	1.4876e-08
573.2	1.4346e-08
573.4	1.3692e-08
573.6	1.3068e-08
573.8	1.2472e-08
574.0	1.1903e-08
574.2	1.136e-08
574.4	1.0842e-08
574.6	1.0347e-08
574.8	9.8755e-09
575.0	9.4251e-09
575.2	3.326e-08
575.4	3.3828e-08
575.6	3.4407e-08
575.8	3.4995e-08
576.0	3.5593e-08
576.2	3.6202e-08
576.4	3.6821e-08
576.6	3.745e-08
576.8	3.809e-08
577.0	3.8742e-08
577.2	3.8399e-08
577.4	3.7944e-08
577.6	3.7495e-08
577.8	3.7051e-08
578.0	3.6612e-08
578.2	3.6179e-08
578.4	3.575e-08
578.6	3.5327e-08
578.8	3.4908e-08
579.0	3.4495e-08
579.2	3.4749e-08
579.4	3.5124e-08
579.6	3.5503e-08
579.8	3.5886e-08
580.0	3.6273e-08
580.2	3.6664e-08
580.4	3.706e-08
580.6	3.746e-08
580.8	3.7864e-08
581.0	3.8273e-08
581.2	3.8995e-08
581.4	3.9805e-08
581.6	4.0632e-08
581.8	4.1477e-08
582.0	4.2338e-08
582.2	4.3218e-08
582.4	4.4116e-08
582.6	4.5033e-08
582.8	4.5969e-08
583.0	4.6924e-08
583.2	4.7467e-08
583.4	4.7886e-08
583.6	4.8309e-08
583.8	4.8736e-08
584.0	4.9166e-08
584.2	4.96e-08
584.4	5.0038e-08
584.6	5.048e-08
584.8	5.0926e-08
585.0	5.1376e-08
585.2	5.5542e-08
585.4	5.6636e-08
585.6	5.7751e-08
585.8	5.8889e-08
586.0	6.0049e-08
586.2	6.1231e-08
586.4	6.2437e-08
586.6	6.3667e-08
586.8	6.4921e-08
587.0	6.62e-08
587.2	6.7032e-08
587.4	6.7804e-08
587.6	6.8585e-08
587.8	6.9375e-08
588.0	7.0174e-08
588.2	7.0982e-08
588.4	7.1799e-08
588.6	7.2626e-08
588.8	7.3462e-08
589.0	7.4308e-08
589.2	7.3778e-08
589.4	7.2973e-08
589.6	7.2177e-08
589.8	7.139e-08
590.0	7.0612e-08
590.2	6.9842e-08
590.4	6.908e-08
590.6	6.8326e-08
590.8	6.7581e-08
591.0	6.6844e-08
591.2	6.7982e-08
591.4	6.9637e-08
591.6	7.1332e-08
591.8	7.3069e-08
592.0	7.4848e-08
592.2	7.667e-08
592.4	7.8537e-08
592.6	8.0449e-08
592.8	8.2407e-08
593.0	8.4413e-08
593.2	8.5393e-08
593.4	8.6043e-08
593.6	8.6698e-08
593.8	8.7359e-08
594.0	8.8024e-08
594.2	8.8694e-08
594.4	8.9369e-08
594.6	9.005e-08
594.8	9.0735e-08
595.0	9.1426e-08
595.2	7.31e-08
595.4	7.4042e-08
595.6	7.4996e-08
595.8	7.5963e-08
596.0	7.6942e-08
596.2	7.7933e-08
596.4	7.8937e-08
596.6	7.9955e-08
596.8	8.0985e-08
597.0	8.2028e-08
597.2	8.3946e-08
597.4	8.6052e-08
597.6	8.8212e-08
597.8	9.0425e-08
598.0	9.2694e-08
598.2	9.502e-08
598.4	9.7405e-08
598.6	9.9849e-08
598.8	1.0235e-07
599.0	1.0492e-07
599.2	1.0531e-07
599.4	1.0525e-07
599.6	1.0519e-07
599.8	1.0512e-07
600.0	1.0506e-07
600.2	1.05e-07
600.4	1.0493e-07
600.6	1.0487e-07
600.8	1.0481e-07
601.0	1.0475e-07
601.2	1.0557e-07
601.4	1.0663e-07
601.6	1.077e-07
601.8	1.0879e-07
602.0	1.0988e-07
602.2	1.1098e-07
602.4	1.121e-07
602.6	1.1322e-07
602.8	1.1436e-07
603.0	1.1551e-07
603.2	1.1706e-07
603.4	1.1874e-07
603.6	1.2045e-07
603.8	1.2218e-07
604.0	1.2394e-07
604.2	1.2572e-07
604.4	1.2753e-07
604.6	1.2936e-07
604.8	1.3122e-07
605.0	1.3311e-07
605.2	8.9455e-08
605.4	9.1339e-08
605.6	9.3263e-08
605.8	9.5228e-08
606.0	9.7233e-08
606.2	9.9281e-08
606.4	1.0137e-07
606.6	1.0351e-07
606.8	1.0569e-07
607.0	1.0791e-07
607.2	1.0852e-07
607.4	1.0889e-07
607.6	1.0927e-07
607.8	1.0965e-07
608.0	1.1002e-07
608.2	1.104e-07
608.4	1.1078e-07
608.6	1.1116e-07
608.8	1.1154e-07
609.0	1.1193e-07
609.2	1.1256e-07
609.4	1.1325e-07
609.6	1.1394e-07
609.8	1.1463e-07
610.0	1.1533e-07
610.2	1.1604e-07
610.4	1.1674e-07
610.6	1.1745e-07
610.8	1.1817e-07
611.0	1.1889e-07
611.2	1.1965e-07
611.4	1.2042e-07
611.6	1.2119e-07
611.8	1.2197e-07
612.0	1.2275e-07
612.2	1.2354e-07
612.4	1.2433e-07
612.6	1.2513e-07
612.8	1.2594e-07
613.0	1.2675e-07
613.2	1.284e-07
613.4	1.3028e-07
613.6	1.3219e-07
613.8	1.3413e-07
614.0	1.361e-07
614.2	1.3809e-07
614.4	1.4012e-07
614.6	1.4217e-07
614.8	1.4426e-07
615.0	1.4637e-07
615.2	1.0322e-07
615.4	1.0391e-07
615.6	1.0462e-07
615.8	1.0532e-07
616.0	1.0603e-07
616.2	1.0675e-07
616.4	1.0747e-07
616.6	1.0819e-07
616.8	1.0893e-07
617.0	1.0966e-07
617.2	1.1005e-07
617.4	1.1038e-07
617.6	1.1071e-07
617.8	1.1105e-07
618.0	1.1138e-07
618.2	1.1172e-07
618.4	1.1206e-07
618.6	1.1239e-07
618.8	1.1273e-07
619.0	1.1307e-07
619.2	1.0909e-07
619.4	1.0444e-07
619.6	9.9989e-08
619.8	9.5728e-08
620.0	9.1649e-08
620.2	9.5744e-08
620.4	1.017e-07
620.6	1.0802e-07
620.8	1.1474e-07
621.0	1.2187e-07
621.2	1.1908e-07
621.4	1.1424e-07
621.6	1.0959e-07
621.8	1.0514e-07
622.0	1.0086e-07
622.2	1.0408e-07
622.4	1.0913e-07
622.6	1.1442e-07
622.8	1.1997e-07
623.0	1.258e-07
623.2	1.241e-07
623.4	1.2063e-07
623.6	1.1726e-07
623.8	1.1398e-07
624.0	1.1079e-07
624.2	1.157e-07
624.4	1.2293e-07
624.6	1.3062e-07
624.8	1.388e-07
625.0	1.4748e-07
625.2	1.4225e-07
625.4	1.3721e-07
625.6	1.3234e-07
625.8	1.2765e-07
626.0	1.2313e-07
626.2	1.2259e-07
626.4	1.2307e-07
626.6	1.2354e-07
626.8	1.2401e-07
627.0	1.2449e-07
627.2	1.2497e-07
627.4	1.2545e-07
627.6	1.2593e-07
627.8	1.2642e-07
628.0	1.269e-07
628.2	1.0342e-07
628.4	7.9598e-08
628.6	6.1265e-08
628.8	4.7155e-08
629.0	3.6294e-08
629.2	2.7935e-08
629.4	2.1501e-08
629.6	1.6549e-08
629.8	1.2738e-08
630.0	9.8041e-09
630.2	9.7923e-09
630.4	9.804e-09
630.6	9.8299e-09
630.8	9.8452e-09
631.0	9.8516e-09
631.2	9.8705e-09
631.4	9.8832e-09
631.6	9.8814e-09
631.8	2.7885e-08
632.0	5.777e-08
632.2	6.2022e-08
632.4	3.9457e-08
632.6	3.9492e-08
632.8	2.8363e-08
633.0	3.7929e-08
633.2	1.4816e-08
633.4	9.8853e-09
633.6	1.2239e-08
633.8	2.2255e-08
634.0	5.3528e-08
634.2	4.3473e-08
634.4	5.4339e-08
634.6	2.2916e-08
634.8	8.1172e-08
635.0	1.4719e-08
635.2	1.4733e-08
635.4	2.7046e-08
635.6	1.6969e-08
635.8	1.0358e-08
636.0	1.976e-08
636.2	1.843e-08
636.4	9.8809e-09
636.6	9.8883e-09
636.8	9.8828e-09
637.0	3.2051e-08
637.2	1.4677e-08
637.4	1.499e-08
637.6	1.5069e-08
637.8	1.4509e-08
638.0	6.877e-08
638.2	4.4431e-08
638.4	4.0795e-08
638.6	1.5156e-08
638.8	3.1922e-08
639.0	3.7503e-08
639.2	1.4065e-08
639.4	8.1461e-08
639.6	5.6883e-08
639.8	2.0335e-08
640.0	1.089e-08
640.2	9.8629e-09
640.4	9.8381e-09
640.6	1.217e-08
640.8	5.0878e-08
641.0	6.5524e-08
641.2	2.6126e-08
641.4	1.1406e-08
641.6	9.7359e-09
641.8	1.4383e-08
642.0	3.6534e-08
642.2	2.0979e-08
642.4	4.5611e-08
642.6	6.1249e-08
642.8	2.137e-08
643.0	9.6803e-09
643.2	1.432e-08
643.4	4.5028e-08
643.6	1.2425e-08
643.8	9.6597e-09
644.0	1.538e-08
644.2	4.5599e-08
644.4	3.5523e-08
644.6	1.4499e-08
644.8	1.449e-08
645.0	1.4485e-08
645.2	1.7191e-08
645.4	3.2571e-08
645.6	3.6219e-08
645.8	6.5127e-08
646.0	3.6907e-08
646.2	1.0197e-08
646.4	3.8329e-08
646.6	3.9174e-08
646.8	2.944e-08
647.0	2.8234e-08
647.2	1.7154e-08
647.4	4.7156e-08
647.6	8.6824e-08
647.8	6.1509e-08
648.0	5.6981e-08
648.2	3.6196e-08
648.4	3.0098e-08
648.6	5.7447e-08
648.8	5.3697e-08
649.0	3.0778e-08
649.2	1.3326e-08
649.4	2.6406e-08
649.6	7.1803e-08
649.8	7.0191e-08
650.0	8.742e-08
650.2	8.8932e-08
650.4	3.3805e-08
650.6	5.7919e-08
650.8	3.1456e-08
651.0	1.2029e-08
651.2	1.7467e-08
651.4	9.4211e-09
651.6	9.4142e-09
651.8	9.42e-09
652.0	3.2818e-08
652.2	4.3324e-08
652.4	1.6295e-08
652.6	1.0049e-08
652.8	9.4686e-09
653.0	9.4825e-09
653.2	1.5985e-08
653.4	3.7929e-08
653.6	6.6539e-08
653.8	5.5652e-08
654.0	2.6608e-08
654.2	3.1759e-08
654.4	1.0487e-08
654.6	3.1497e-08
654.8	5.2977e-08
655.0	5.769e-08
655.2	5.1098e-08
655.4	3.353e-08
655.6	8.2387e-08
655.8	1.6074e-08
656.0	7.0071e-08
656.2	9.2331e-08
656.4	1.0759e-07
656.6	1.8733e-08
656.8	1.1036e-07
657.0	1.3771e-07
657.2	1.4971e-08
657.4	3.3335e-08
657.6	7.1153e-08
657.8	7.1536e-08
658.0	5.4815e-08
658.2	2.0848e-08
658.4	4.7355e-08
658.6	1.3483e-08
658.8	2.1678e-08
659.0	5.2441e-08
659.2	8.1731e-08
659.4	6.6891e-08
659.6	5.4244e-08
659.8	1.9758e-08
660.0	3.2796e-08
660.2	4.3546e-08
660.4	7.5838e-08
660.6	1.3122e-07
660.8	4.9179e-08
661.0	9.1127e-08
661.2	1.0495e-07
661.4	1.1285e-07
661.6	8.0603e-08
661.8	6.8391e-08
662.0	8.3404e-08
662.2	3.187e-08
662.4	8.203e-08
662.6	7.2168e-08
662.8	1.2802e-07
663.0	1.6101e-07
663.2	1.6598e-07
663.4	2.3385e-07
663.6	2.2615e-07
663.8	2.6517e-07
664.0	3.442e-07
664.2	4.0594e-07
664.4	4.477e-07
664.6	5.2919e-07
664.8	7.7691e-07
665.0	1.083e-06
665.2	1.3734e-06
665.4	1.6527e-06
665.6	2.2527e-06
665.8	3.0594e-06
666.0	4.0106e-06
666.2	5.5134e-06
666.4	7.4459e-06
666.6	1.0325e-05
666.8	1.4498e-05
667.0	2.0032e-05
667.2	2.7759e-05
667.4	3.9193e-05
667.6	5.6125e-05
667.8	8.0893e-05
668.0	1.1723e-04
668.2	1.6635e-04
668.4	2.4519e-04
668.6	3.6679e-04
668.8	5.571e-04
669.0	8.5925e-04
669.2	0.00134
669.4	0.00214
669.6	0.00312
669.8	0.00508
670.0	0.00842
670.2	0.01429
670.4	0.02489
670.6	0.0444
670.8	0.08075
671.0	0.14379
671.2	0.25291
671.4	0.4169
671.6	0.6125
671.8	0.78361
672.0	0.89455
672.2	0.9479
672.4	0.97073
672.6	0.97587
672.8	0.97584
673.0	0.97501
673.2	0.97297
673.4	0.97028
673.6	0.96715
673.8	0.96454
674.0	0.96156
674.2	0.95975
674.4	0.95954
674.6	0.96103
674.8	0.96201
675.0	0.96492
675.2	0.96725
675.4	0.96952
675.6	0.97151
675.8	0.97401
676.0	0.97459
676.2	0.97549
676.4	0.97524
676.6	0.97586
676.8	0.9753
677.0	0.97539
677.2	0.97496
677.4	0.97557
677.6	0.97632
677.8	0.97788
678.0	0.97954
678.2	0.98118
678.4	0.98331
678.6	0.98517
678.8	0.98755
679.0	0.98924
679.2	0.99032
679.4	0.99139
679.6	0.99113
679.8	0.99057
680.0	0.99016
680.2	0.98874
680.4	0.9874
680.6	0.98523
680.8	0.98295
681.0	0.98027
681.2	0.97858
681.4	0.97616
681.6	0.9736
681.8	0.97205
682.0	0.97078
682.2	0.96906
682.4	0.96866
682.6	0.96873
682.8	0.96801
683.0	0.96759
683.2	0.96764
683.4	0.96844
683.6	0.96858
683.8	0.96912
684.0	0.96995
684.2	0.97014
684.4	0.97053
684.6	0.97172
684.8	0.97185
685.0	0.97279
685.2	0.97249
685.4	0.97272
685.6	0.97265
685.8	0.9735
686.0	0.97334
686.2	0.9736
686.4	0.97377
686.6	0.97358
686.8	0.97373
687.0	0.97385
687.2	0.97371
687.4	0.97399
687.6	0.97411
687.8	0.97416
688.0	0.97387
688.2	0.9743
688.4	0.97361
688.6	0.97425
688.8	0.97416
689.0	0.97422
689.2	0.97363
689.4	0.97399
689.6	0.97368
689.8	0.97267
690.0	0.97234
690.2	0.97199
690.4	0.97162
690.6	0.9714
690.8	0.97095
691.0	0.97078
691.2	0.97013
691.4	0.97045
691.6	0.97036
691.8	0.97126
692.0	0.97138
692.2	0.9715
692.4	0.97217
692.6	0.97353
692.8	0.97466
693.0	0.97521
693.2	0.97685
693.4	0.97781
693.6	0.97942
693.8	0.98105
694.0	0.98226
694.2	0.98449
694.4	0.98588
694.6	0.98718
694.8	0.98864
695.0	0.98979
695.2	0.99123
695.4	0.99222
695.6	0.99319
695.8	0.99399
696.0	0.99425
696.2	0.99468
696.4	0.99479
696.6	0.99447
696.8	0.99442
697.0	0.99318
697.2	0.99235
697.4	0.99108
697.6	0.98967
697.8	0.9884
698.0	0.9869
698.2	0.98486
698.4	0.98299
698.6	0.98105
698.8	0.97897
699.0	0.97717
699.2	0.97564
699.4	0.97383
699.6	0.9718
699.8	0.97025
700.0	0.96823
700.2	0.967
700.4	0.96535
700.6	0.96414
700.8	0.96319
701.0	0.96256
701.2	0.96142
701.4	0.96085
701.6	0.96064
701.8	0.96061
702.0	0.9609
702.2	0.96104
702.4	0.96167
702.6	0.96196
702.8	0.96278
703.0	0.96334
703.2	0.96469
703.4	0.96567
703.6	0.96656
703.8	0.96794
704.0	0.9689
704.2	0.96966
704.4	0.97025
704.6	0.97016
704.8	0.97021
705.0	0.96931
705.2	0.96895
705.4	0.96645
705.6	0.96375
705.8	0.9614
706.0	0.9572
706.2	0.95394
706.4	0.94771
706.6	0.94131
706.8	0.93492
707.0	0.92727
707.2	0.91979
707.4	0.9118
707.6	0.90351
707.8	0.89488
708.0	0.88725
708.2	0.88002
708.4	0.87316
708.6	0.86753
708.8	0.86257
709.0	0.85882
709.2	0.85671
709.4	0.85621
709.6	0.85652
709.8	0.86002
710.0	0.86422
710.2	0.87065
710.4	0.87915
710.6	0.88905
710.8	0.90003
711.0	0.91146
711.2	0.92365
711.4	0.93659
711.6	0.94891
711.8	0.96084
712.0	0.96901
712.2	0.9754
712.4	0.97841
712.6	0.9792
712.8	0.97684
713.0	0.97209
713.2	0.96692
713.4	0.95927
713.6	0.95089
713.8	0.94282
714.0	0.93331
714.2	0.92196
714.4	0.90479
714.6	0.87367
714.8	0.82121
715.0	0.74563
715.2	0.6461
715.4	0.53052
715.6	0.41386
715.8	0.30985
716.0	0.22383
716.2	0.15751
716.4	0.11113
716.6	0.0784
716.8	0.05564
717.0	0.03987
717.2	0.02886
717.4	0.02139
717.6	0.01639
717.8	0.01214
718.0	0.00909
718.2	0.00684
718.4	0.00522
718.6	0.00399
718.8	0.00309
719.0	0.00237
719.2	0.00185
719.4	0.00147
719.6	0.00116
719.8	9.1242e-04
720.0	7.396e-04
720.2	5.8813e-04
720.4	4.6674e-04
720.6	3.7803e-04
720.8	3.1005e-04
721.0	2.5076e-04
721.2	2.072e-04
721.4	1.7028e-04
721.6	1.4095e-04
721.8	1.1665e-04
722.0	9.7046e-05
722.2	8.0866e-05
722.4	6.6257e-05
722.6	5.6138e-05
722.8	4.7013e-05
723.0	3.9575e-05
723.2	3.3978e-05
723.4	2.8718e-05
723.6	2.4215e-05
723.8	2.0522e-05
724.0	1.7207e-05
724.2	1.4765e-05
724.4	1.2717e-05
724.6	1.0965e-05
724.8	9.4815e-06
725.0	8.1926e-06
725.2	7.0572e-06
725.4	6.1048e-06
725.6	5.1301e-06
725.8	4.5564e-06
726.0	3.9715e-06
726.2	3.2699e-06
726.4	2.7552e-06
726.6	2.5158e-06
726.8	2.3413e-06
727.0	1.7373e-06
727.2	1.5096e-06
727.4	1.337e-06
727.6	1.1298e-06
727.8	1.0228e-06
728.0	1.0064e-06
728.2	9.9007e-07
728.4	7.5878e-07
728.6	5.7517e-07
728.8	3.9038e-07
729.0	3.2694e-07
729.2	3.8882e-07
729.4	4.4096e-07
729.6	2.528e-07
729.8	2.148e-07
730.0	2.4165e-07
730.2	2.0057e-07
730.4	1.4168e-07
730.6	1.5022e-07
730.8	1.2371e-07
731.0	1.8988e-08
731.2	1.1174e-08
731.4	2.9943e-08
731.6	1.7646e-08
731.8	1.8392e-07
732.0	6.229e-08
732.2	3.1752e-08
732.4	1.6915e-08
732.6	3.4429e-08
732.8	6.8052e-08
733.0	9.9877e-08
733.2	1.3925e-07
733.4	1.0557e-07
733.6	2.7198e-08
733.8	1.0299e-08
734.0	2.3818e-08
734.2	3.7476e-08
734.4	2.8514e-08
734.6	1.148e-08
734.8	1.1485e-08
735.0	1.1489e-08
735.2	2.3597e-08
735.4	5.1004e-08
735.6	5.591e-08
735.8	2.8926e-08
736.0	2.7523e-08
736.2	1.0446e-08
736.4	8.6923e-09
736.6	8.6965e-09
736.8	8.7041e-09
737.0	9.2569e-09
737.2	1.0485e-08
737.4	1.1698e-08
737.6	1.1691e-08
737.8	1.1699e-08
738.0	1.1713e-08
738.2	1.1733e-08
738.4	1.7372e-08
738.6	6.2999e-08
738.8	1.1799e-08
739.0	1.181e-08
739.2	1.1852e-08
739.4	1.1862e-08
739.6	1.1863e-08
739.8	1.4498e-08
740.0	4.2078e-08
740.2	5.1675e-08
740.4	1.4198e-08
740.6	5.9529e-08
740.8	3.7665e-08
741.0	1.4827e-08
741.2	2.8673e-08
741.4	9.6826e-08
741.6	1.2738e-07
741.8	3.2254e-08
742.0	1.5586e-08
742.2	1.2098e-08
742.4	1.2092e-08
742.6	1.3077e-08
742.8	4.7708e-08
743.0	2.4436e-08
743.2	1.3979e-08
743.4	1.2196e-08
743.6	1.2212e-08
743.8	1.8707e-08
744.0	8.2257e-08
744.2	1.8524e-08
744.4	1.2679e-08
744.6	2.775e-08
744.8	5.4018e-08
745.0	3.9673e-08
745.2	1.2391e-08
745.4	1.2419e-08
745.6	6.3812e-08
745.8	8.5699e-08
746.0	3.5817e-08
746.2	3.0835e-08
746.4	2.6367e-08
746.6	1.577e-08
746.8	6.6855e-08
747.0	2.0903e-08
747.2	1.3182e-08
747.4	1.2671e-08
747.6	1.2695e-08
747.8	1.2693e-08
748.0	1.3642e-08
748.2	2.3902e-08
748.4	1.8222e-08
748.6	4.0076e-08
748.8	2.1497e-08
749.0	1.2801e-08
749.2	1.2814e-08
749.4	1.2803e-08
749.6	1.283e-08
749.8	1.5593e-08
750.0	3.8628e-08
750.2	4.3668e-08
750.4	2.4988e-08
750.6	1.7359e-08
750.8	5.2644e-08
751.0	1.0119e-07
751.2	8.5577e-08
751.4	9.2916e-08
751.6	3.222e-08
751.8	4.5182e-08
752.0	5.9131e-08
752.2	1.9744e-08
752.4	4.9303e-08
752.6	5.6585e-08
752.8	1.5892e-08
753.0	1.3253e-08
753.2	1.3268e-08
753.4	1.3278e-08
753.6	1.3293e-08
753.8	2.9734e-08
754.0	3.046e-08
754.2	4.5672e-08
754.4	3.0974e-08
754.6	1.3417e-08
754.8	1.3468e-08
755.0	1.3519e-08
755.2	2.9253e-08
755.4	4.6009e-08
755.6	2.5077e-08
755.8	1.358e-08
756.0	1.3589e-08
756.2	1.4055e-08
756.4	4.3058e-08
756.6	3.5099e-08
756.8	2.668e-08
757.0	1.9101e-08
757.2	1.3806e-08
757.4	1.5806e-08
757.6	2.7727e-08
757.8	1.5863e-08
758.0	1.3866e-08
758.2	2.5331e-08
758.4	2.7547e-08
758.6	2.7974e-08
758.8	9.7471e-08
759.0	9.7688e-08
759.2	2.1557e-08
759.4	5.7056e-08
759.6	6.7614e-08
759.8	2.5845e-08
760.0	4.3143e-08
760.2	1.1711e-07
760.4	1.4007e-07
760.6	7.4081e-08
760.8	9.263e-08
761.0	1.1235e-07
761.2	6.922e-08
761.4	3.9758e-08
761.6	1.5923e-08
761.8	4.8789e-08
762.0	9.2799e-08
762.2	4.1526e-08
762.4	1.4475e-08
762.6	1.4532e-08
762.8	1.4571e-08
763.0	1.4603e-08
763.2	1.4597e-08
763.4	3.0142e-08
763.6	2.6176e-08
763.8	1.464e-08
764.0	1.4719e-08
764.2	1.475e-08
764.4	1.4725e-08
764.6	3.5166e-08
764.8	3.4694e-08
765.0	2.2252e-08
765.2	1.9513e-08
765.4	3.6318e-08
765.6	1.6523e-08
765.8	2.8926e-08
766.0	1.7611e-08
766.2	3.2862e-08
766.4	3.5573e-08
766.6	1.557e-08
766.8	2.0704e-08
767.0	4.5265e-08
767.2	4.5287e-08
767.4	2.0165e-08
767.6	1.5158e-08
767.8	1.5196e-08
768.0	1.6056e-08
768.2	2.3376e-08
768.4	7.4144e-08
768.6	4.9133e-08
768.8	4.5924e-08
769.0	2.7142e-08
769.2	1.5349e-08
769.4	1.6228e-08
769.6	2.7647e-08
769.8	1.2164e-07
770.0	8.3384e-08
770.2	7.7656e-08
770.4	1.0174e-07
770.6	9.462e-08
770.8	3.1585e-08
771.0	3.6033e-08
771.2	1.568e-08
771.4	1.5734e-08
771.6	5.6821e-08
771.8	5.2303e-08
772.0	1.5796e-08
772.2	1.6303e-08
772.4	3.1236e-08
772.6	4.6448e-08
772.8	2.1084e-08
773.0	2.3428e-08
773.2	2.4971e-08
773.4	2.2172e-08
773.6	1.0729e-07
773.8	3.0688e-08
774.0	6.5457e-08
774.2	3.1762e-08
774.4	9.12e-08
774.6	3.6215e-08
774.8	5.8058e-08
775.0	9.0451e-08
775.2	1.1149e-07
775.4	1.255e-07
775.6	9.5919e-08
775.8	3.8791e-08
776.0	1.6409e-08
776.2	1.642e-08
776.4	1.6448e-08
776.6	4.0836e-08
776.8	2.1066e-08
777.0	1.6592e-08
777.2	1.6617e-08
777.4	1.6637e-08
777.6	1.8193e-08
777.8	7.7745e-08
778.0	8.8027e-08
778.2	2.5492e-08
778.4	6.2506e-08
778.6	6.2368e-08
778.8	1.6886e-08
779.0	1.7489e-08
779.2	6.4184e-08
779.4	8.745e-08
779.6	2.9107e-08
779.8	1.71e-08
780.0	1.7112e-08
780.2	1.7152e-08
780.4	1.7247e-08
780.6	1.7292e-08
780.8	2.1989e-08
781.0	1.9762e-08
781.2	1.7378e-08
781.4	2.4518e-08
781.6	4.5787e-08
781.8	1.8898e-08
782.0	3.9152e-08
782.2	5.3729e-08
782.4	1.0297e-07
782.6	5.5153e-08
782.8	1.7612e-08
783.0	1.7663e-08
783.2	1.7704e-08
783.4	7.0673e-08
783.6	5.7119e-08
783.8	6.7087e-08
784.0	5.5884e-08
784.2	1.794e-08
784.4	1.8392e-08
784.6	3.2273e-08
784.8	7.3448e-08
785.0	4.9568e-08
785.2	2.1214e-08
785.4	4.6047e-08
785.6	1.888e-07
785.8	1.4618e-07
786.0	4.7662e-08
786.2	7.9393e-08
786.4	1.0087e-07
786.6	4.0988e-08
786.8	1.8443e-08
787.0	1.847e-08
787.2	1.8496e-08
787.4	4.3737e-08
787.6	2.9201e-08
787.8	3.9034e-08
788.0	9.5433e-08
788.2	1.0342e-07
788.4	1.2945e-07
788.6	1.1435e-07
788.8	1.5102e-07
789.0	7.6484e-08
789.2	4.8015e-08
789.4	9.71e-09
789.6	2.1799e-08
789.8	5.0556e-08
790.0	5.6661e-08
790.2	3.2455e-08
790.4	1.9851e-08
790.6	4.8916e-08
790.8	1.2054e-07
791.0	9.8423e-08
791.2	7.6752e-08
791.4	4.6156e-08
791.6	2.1064e-08
791.8	9.689e-09
792.0	9.7115e-09
792.2	9.7341e-09
792.4	9.7539e-09
792.6	9.7738e-09
792.8	9.7944e-09
793.0	9.8159e-09
793.2	9.8374e-09
793.4	9.8561e-09
793.6	9.8749e-09
793.8	1.3029e-08
794.0	1.7288e-08
794.2	1.7292e-08
794.4	1.3112e-08
794.6	1.0026e-08
794.8	1.0038e-08
795.0	1.0049e-08
795.2	1.0066e-08
795.4	1.0083e-08
795.6	1.1528e-08
795.8	1.5297e-08
796.0	2.0298e-08
796.2	4.0079e-08
796.4	7.9295e-08
796.6	3.6726e-08
796.8	1.5885e-08
797.0	1.028e-08
797.2	1.0295e-08
797.4	1.031e-08
797.6	1.0343e-08
797.8	1.0377e-08
798.0	1.0391e-08
798.2	1.0404e-08
798.4	1.3758e-08
798.6	2.4162e-08
798.8	4.1396e-08
799.0	2.1043e-08
799.2	1.0697e-08
799.4	1.058e-08
799.6	1.0607e-08
799.8	1.0627e-08
800.0	1.064e-08
800.2	1.0653e-08
800.4	1.0669e-08
800.6	1.0686e-08
800.8	1.0704e-08
801.0	1.0722e-08
801.2	1.0748e-08
801.4	1.0781e-08
801.6	1.1046e-08
801.8	1.8787e-08
802.0	3.1954e-08
802.2	2.1455e-08
802.4	1.3788e-08
802.6	1.8018e-08
802.8	5.0799e-08
803.0	1.4158e-07
803.2	4.038e-08
803.4	1.1516e-08
803.6	1.1054e-08
803.8	1.1088e-08
804.0	1.6359e-08
804.2	3.6063e-08
804.4	7.8003e-08
804.6	6.6386e-08
804.8	5.65e-08
805.0	2.9894e-08
805.2	1.5625e-08
805.4	1.1303e-08
805.6	1.1317e-08
805.8	1.1428e-08
806.0	1.6099e-08
806.2	2.268e-08
806.4	3.5436e-08
806.6	5.5454e-08
806.8	4.75e-08
807.0	2.3067e-08
807.2	1.1531e-08
807.4	1.1554e-08
807.6	1.1578e-08
807.8	1.5145e-08
808.0	2.0092e-08
808.2	2.9674e-08
808.4	4.9348e-08
808.6	8.1469e-08
808.8	3.1523e-08
809.0	1.2197e-08
809.2	1.5423e-08
809.4	2.0489e-08
809.6	3.1198e-08
809.8	5.4753e-08
810.0	9.5091e-08
810.2	8.2898e-08
810.4	7.2268e-08
810.6	7.2017e-08
810.8	7.2064e-08
811.0	5.0208e-08
811.2	2.4356e-08
811.4	1.203e-08
811.6	1.2036e-08
811.8	1.2041e-08
812.0	2.4469e-08
812.2	5.045e-08
812.4	5.7648e-08
812.6	3.6937e-08
812.8	2.3757e-08
813.0	1.6975e-08
813.2	1.2128e-08
813.4	2.4535e-08
813.6	5.0697e-08
813.8	4.9965e-08
814.0	2.4179e-08
814.2	1.2466e-08
814.4	2.9441e-08
814.6	6.9528e-08
814.8	3.6496e-08
815.0	1.7699e-08
815.2	1.2145e-08
815.4	1.2139e-08
815.6	1.2165e-08
815.8	2.0782e-08
816.0	3.5502e-08
816.2	2.3833e-08
816.4	1.5311e-08
816.6	1.5932e-08
816.8	2.7955e-08
817.0	4.8829e-08
817.2	5.454e-08
817.4	6.0918e-08
817.6	5.6087e-08
817.8	5.1225e-08
818.0	5.2964e-08
818.2	6.2312e-08
818.4	7.1807e-08
818.6	3.002e-08
818.8	1.255e-08
819.0	1.6073e-08
819.2	2.131e-08
819.4	3.0651e-08
819.6	4.7827e-08
819.8	7.344e-08
820.0	6.0325e-08
820.2	4.9552e-08
820.4	5.3793e-08
820.6	5.8904e-08
820.8	4.4512e-08
821.0	2.3213e-08
821.2	1.2471e-08
821.4	1.7504e-08
821.6	2.4568e-08
821.8	1.8912e-08
822.0	1.429e-08
822.2	2.0549e-08
822.4	5.6233e-08
822.6	1.44e-07
822.8	4.3113e-08
823.0	1.2908e-08
823.2	1.2458e-08
823.4	1.2468e-08
823.6	1.2492e-08
823.8	1.253e-08
824.0	1.2901e-08
824.2	3.0879e-08
824.4	7.3911e-08
824.6	3.7243e-08
824.8	1.8032e-08
825.0	1.2606e-08
825.2	1.2632e-08
825.4	1.3008e-08
825.6	2.8397e-08
825.8	6.1989e-08
826.0	4.4368e-08
826.2	3.0679e-08
826.4	2.219e-08
826.6	1.679e-08
826.8	1.3116e-08
827.0	2.8698e-08
827.2	6.2794e-08
827.4	3.418e-08
827.6	1.7821e-08
827.8	1.2879e-08
828.0	1.29e-08
828.2	1.2921e-08
828.4	1.2951e-08
828.6	1.2981e-08
828.8	1.3006e-08
829.0	1.3031e-08
829.2	1.305e-08
829.4	1.3063e-08
829.6	1.3076e-08
829.8	1.3096e-08
830.0	1.3116e-08
830.2	1.7242e-08
830.4	2.2858e-08
830.6	2.861e-08
830.8	3.3808e-08
831.0	4.032e-08
831.2	6.4783e-08
831.4	1.0409e-07
831.6	4.759e-08
831.8	2.0507e-08
832.0	1.3358e-08
832.2	1.3377e-08
832.4	1.3684e-08
832.6	3.9682e-08
832.8	1.1507e-07
833.0	5.215e-08
833.2	2.1435e-08
833.4	1.3509e-08
833.6	1.3527e-08
833.8	1.3545e-08
834.0	1.3584e-08
834.2	1.3622e-08
834.4	1.3646e-08
834.6	1.3669e-08
834.8	1.9911e-08
835.0	4.127e-08
835.2	7.9001e-08
835.4	3.3384e-08
835.6	1.4108e-08
835.8	2.1326e-08
836.0	3.3308e-08
836.2	4.6126e-08
836.4	5.6774e-08
836.6	6.9113e-08
836.8	6.2087e-08
837.0	5.5776e-08
837.2	4.9686e-08
837.4	4.4249e-08
837.6	3.3486e-08
837.8	2.1535e-08
838.0	1.4035e-08
838.2	1.4086e-08
838.4	1.4136e-08
838.6	1.4161e-08
838.8	1.4184e-08
839.0	1.4213e-08
839.2	1.4248e-08
839.4	1.4282e-08
839.6	1.4307e-08
839.8	1.4331e-08
840.0	1.4328e-08
840.2	1.4323e-08
840.4	1.4331e-08
840.6	1.4353e-08
840.8	1.4375e-08
841.0	1.4407e-08
841.2	1.444e-08
841.4	1.4445e-08
841.6	1.4449e-08
841.8	2.0052e-08
842.0	3.861e-08
842.2	7.2662e-08
842.4	7.2818e-08
842.6	7.2974e-08
842.8	5.1368e-08
843.0	3.5494e-08
843.2	2.5609e-08
843.4	1.9345e-08
843.6	1.4956e-08
843.8	3.5997e-08
844.0	8.6635e-08
844.2	4.3383e-08
844.4	2.1039e-08
844.6	2.575e-08
844.8	7.5363e-08
845.0	1.9625e-07
845.2	5.5579e-08
845.4	1.574e-08
845.6	1.4967e-08
845.8	1.4968e-08
846.0	1.9741e-08
846.2	3.4726e-08
846.4	5.9242e-08
846.6	3.0552e-08
846.8	1.5756e-08
847.0	1.5168e-08
847.2	1.5196e-08
847.4	1.5222e-08
847.6	1.5247e-08
847.8	1.5271e-08
848.0	1.5305e-08
848.2	1.5339e-08
848.4	2.9231e-08
848.6	5.7021e-08
848.8	5.3844e-08
849.0	2.8084e-08
849.2	1.6378e-08
849.4	3.4476e-08
849.6	7.2575e-08
849.8	7.8127e-08
850.0	5.9992e-08
850.2	4.6067e-08
850.4	3.5374e-08
850.6	2.7163e-08
850.8	2.0858e-08
851.0	1.6016e-08
851.2	1.3905e-08
851.4	1.5018e-08
851.6	1.622e-08
851.8	1.7518e-08
852.0	1.8919e-08
852.2	2.0433e-08
852.4	2.2068e-08
852.6	2.3834e-08
852.8	2.5741e-08
853.0	2.7801e-08
853.2	2.8264e-08
853.4	2.7015e-08
853.6	2.5822e-08
853.8	2.4681e-08
854.0	2.3591e-08
854.2	2.2549e-08
854.4	2.1553e-08
854.6	2.06e-08
854.8	1.969e-08
855.0	1.8821e-08
855.2	1.8205e-08
855.4	1.7731e-08
855.6	1.7269e-08
855.8	1.682e-08
856.0	1.6382e-08
856.2	1.5955e-08
856.4	1.554e-08
856.6	1.5135e-08
856.8	1.4741e-08
857.0	1.4357e-08
857.2	1.4689e-08
857.4	1.5239e-08
857.6	1.581e-08
857.8	1.6402e-08
858.0	1.7017e-08
858.2	1.7654e-08
858.4	1.8315e-08
858.6	1.9001e-08
858.8	1.9713e-08
859.0	2.0451e-08
859.2	2.0283e-08
859.4	2.0044e-08
859.6	1.9807e-08
859.8	1.9573e-08
860.0	1.9341e-08
860.2	1.9113e-08
860.4	1.8887e-08
860.6	1.8664e-08
860.8	1.8443e-08
861.0	1.8225e-08
861.2	1.7185e-08
861.4	1.4632e-08
861.6	1.2459e-08
861.8	1.0609e-08
862.0	9.0329e-09
862.2	7.6913e-09
862.4	6.5489e-09
862.6	5.5762e-09
862.8	4.748e-09
863.0	4.0428e-09
863.2	3.8417e-09
863.4	4.1526e-09
863.6	4.4888e-09
863.8	4.8521e-09
864.0	5.2448e-09
864.2	5.6693e-09
864.4	6.1282e-09
864.6	6.6242e-09
864.8	7.1604e-09
865.0	7.74e-09
865.2	8.5482e-09
865.4	9.5743e-09
865.6	1.0724e-08
865.8	1.2011e-08
866.0	1.3452e-08
866.2	1.5067e-08
866.4	1.6876e-08
866.6	1.8901e-08
866.8	2.117e-08
867.0	2.3711e-08
867.2	2.4364e-08
867.4	2.4344e-08
867.6	2.4325e-08
867.8	2.4305e-08
868.0	2.4285e-08
868.2	2.4265e-08
868.4	2.4246e-08
868.6	2.4226e-08
868.8	2.4207e-08
869.0	2.4187e-08
869.2	2.277e-08
869.4	2.1302e-08
869.6	1.9929e-08
869.8	1.8644e-08
870.0	1.7442e-08
870.2	1.6318e-08
870.4	1.5266e-08
870.6	1.4282e-08
870.8	1.3361e-08
871.0	1.25e-08
871.2	1.1866e-08
871.4	1.1655e-08
871.6	1.1448e-08
871.8	1.1245e-08
872.0	1.1045e-08
872.2	1.0849e-08
872.4	1.0656e-08
872.6	1.0467e-08
872.8	1.0281e-08
873.0	1.0098e-08
873.2	1.0342e-08
873.4	1.1147e-08
873.6	1.2014e-08
873.8	1.2948e-08
874.0	1.3955e-08
874.2	1.5041e-08
874.4	1.6211e-08
874.6	1.7472e-08
874.8	1.8831e-08
875.0	2.0295e-08
875.2	2.0321e-08
875.4	1.9392e-08
875.6	1.8505e-08
875.8	1.7659e-08
876.0	1.6852e-08
876.2	1.6081e-08
876.4	1.5346e-08
876.6	1.4644e-08
876.8	1.3974e-08
877.0	1.3335e-08
877.2	1.3033e-08
877.4	1.2833e-08
877.6	1.2637e-08
877.8	1.2444e-08
878.0	1.2253e-08
878.2	1.2066e-08
878.4	1.1881e-08
878.6	1.1699e-08
878.8	1.152e-08
879.0	1.1344e-08
879.2	1.1843e-08
879.4	1.2426e-08
879.6	1.3038e-08
879.8	1.368e-08
880.0	1.4354e-08
880.2	1.5061e-08
880.4	1.5802e-08
880.6	1.6581e-08
880.8	1.7397e-08
881.0	1.8254e-08
881.2	1.8538e-08
881.4	1.7537e-08
881.6	1.659e-08
881.8	1.5695e-08
882.0	1.4847e-08
882.2	1.4046e-08
882.4	1.3287e-08
882.6	1.257e-08
882.8	1.1891e-08
883.0	1.1249e-08
883.2	1.0863e-08
883.4	1.0735e-08
883.6	1.0609e-08
883.8	1.0485e-08
884.0	1.0362e-08
884.2	1.024e-08
884.4	1.012e-08
884.6	1.0001e-08
884.8	9.8839e-09
885.0	9.7679e-09
885.2	1.018e-08
885.4	1.0947e-08
885.6	1.1771e-08
885.8	1.2657e-08
886.0	1.3609e-08
886.2	1.4634e-08
886.4	1.5735e-08
886.6	1.6919e-08
886.8	1.8193e-08
887.0	1.9562e-08
887.2	1.9342e-08
887.4	1.8714e-08
887.6	1.8107e-08
887.8	1.752e-08
888.0	1.6952e-08
888.2	1.6402e-08
888.4	1.587e-08
888.6	1.5355e-08
888.8	1.4857e-08
889.0	1.4375e-08
889.2	1.424e-08
889.4	1.4119e-08
889.6	1.4e-08
889.8	1.3881e-08
890.0	1.3764e-08
890.2	1.3647e-08
890.4	1.3532e-08
890.6	1.3418e-08
890.8	1.3304e-08
891.0	1.3191e-08
891.2	1.3004e-08
891.4	1.2636e-08
891.6	1.228e-08
891.8	1.1933e-08
892.0	1.1596e-08
892.2	1.1268e-08
892.4	1.095e-08
892.6	1.0641e-08
892.8	1.034e-08
893.0	1.0048e-08
893.2	9.5531e-09
893.4	8.8476e-09
893.6	8.1943e-09
893.8	7.5892e-09
894.0	7.0288e-09
894.2	6.5097e-09
894.4	6.029e-09
894.6	5.5838e-09
894.8	5.1715e-09
895.0	4.7896e-09
895.2	4.7591e-09
895.4	4.9371e-09
895.6	5.1218e-09
895.8	5.3134e-09
896.0	5.5121e-09
896.2	5.7183e-09
896.4	5.9322e-09
896.6	6.154e-09
896.8	6.3842e-09
897.0	6.623e-09
897.2	6.583e-09
897.4	6.4713e-09
897.6	6.3616e-09
897.8	6.2538e-09
898.0	6.1477e-09
898.2	6.0435e-09
898.4	5.941e-09
898.6	5.8403e-09
898.8	5.7413e-09
899.0	5.6439e-09
899.2	6.2733e-09
899.4	7.0041e-09
899.6	7.8199e-09
899.8	8.7307e-09
900.0	9.7477e-09
900.2	1.0883e-08
900.4	1.2151e-08
900.6	1.3566e-08
900.8	1.5146e-08
901.0	1.691e-08
901.2	1.8059e-08
901.4	1.7251e-08
901.6	1.648e-08
901.8	1.5742e-08
902.0	1.5038e-08
902.2	1.4365e-08
902.4	1.3723e-08
902.6	1.3109e-08
902.8	1.2522e-08
903.0	1.1962e-08
903.2	1.2044e-08
903.4	1.2914e-08
903.6	1.3848e-08
903.8	1.4848e-08
904.0	1.5922e-08
904.2	1.7072e-08
904.4	1.8306e-08
904.6	1.9629e-08
904.8	2.1048e-08
905.0	2.2569e-08
905.2	2.125e-08
905.4	1.8537e-08
905.6	1.617e-08
905.8	1.4105e-08
906.0	1.2304e-08
906.2	1.0733e-08
906.4	9.3625e-09
906.6	8.167e-09
906.8	7.1242e-09
907.0	6.2145e-09
907.2	6.6663e-09
907.4	7.5181e-09
907.6	8.4788e-09
907.8	9.5622e-09
908.0	1.0784e-08
908.2	1.2162e-08
908.4	1.3716e-08
908.6	1.5469e-08
908.8	1.7446e-08
909.0	1.9675e-08
909.2	1.8142e-08
909.4	1.6677e-08
909.6	1.5331e-08
909.8	1.4093e-08
910.0	1.2956e-08
910.2	1.191e-08
910.4	1.0948e-08
910.6	1.0065e-08
910.8	9.252e-09
911.0	8.5051e-09
911.2	8.1326e-09
911.4	8.7517e-09
911.6	9.418e-09
911.8	1.0135e-08
912.0	1.0907e-08
912.2	1.1737e-08
912.4	1.263e-08
912.6	1.3592e-08
912.8	1.4627e-08
913.0	1.574e-08
913.2	1.6825e-08
913.4	1.7822e-08
913.6	1.8879e-08
913.8	1.9998e-08
914.0	2.1183e-08
914.2	2.2438e-08
914.4	2.3768e-08
914.6	2.5177e-08
914.8	2.6669e-08
915.0	2.825e-08
915.2	3.0944e-08
915.4	3.4631e-08
915.6	3.8757e-08
915.8	4.3374e-08
916.0	4.8542e-08
916.2	5.4325e-08
916.4	6.0797e-08
916.6	6.804e-08
916.8	7.6146e-08
917.0	8.5218e-08
917.2	9.5628e-08
917.4	1.0739e-07
917.6	1.2059e-07
917.8	1.3542e-07
918.0	1.5207e-07
918.2	1.7077e-07
918.4	1.9177e-07
918.6	2.1535e-07
918.8	2.4183e-07
919.0	2.7156e-07
919.2	3.1514e-07
919.4	3.6595e-07
919.6	4.2496e-07
919.8	4.9348e-07
920.0	5.7305e-07
920.2	6.6545e-07
920.4	7.7275e-07
920.6	8.9734e-07
920.8	1.042e-06
921.0	1.2101e-06
921.2	1.3926e-06
921.4	1.5614e-06
921.6	1.7507e-06
921.8	1.9629e-06
922.0	2.2007e-06
922.2	2.4675e-06
922.4	2.7665e-06
922.6	3.1018e-06
922.8	3.4778e-06
923.0	3.8993e-06
923.2	4.0794e-06
923.4	3.9078e-06
923.6	3.7435e-06
923.8	3.586e-06
924.0	3.4352e-06
924.2	3.2908e-06
924.4	3.1524e-06
924.6	3.0198e-06
924.8	2.8928e-06
925.0	2.7711e-06
925.2	2.6397e-06
925.4	2.5063e-06
925.6	2.3796e-06
925.8	2.2594e-06
926.0	2.1452e-06
926.2	2.0367e-06
926.4	1.9338e-06
926.6	1.836e-06
926.8	1.7432e-06
927.0	1.6551e-06
927.2	1.6278e-06
927.4	1.6134e-06
927.6	1.5991e-06
927.8	1.585e-06
928.0	1.571e-06
928.2	1.5571e-06
928.4	1.5433e-06
928.6	1.5296e-06
928.8	1.5161e-06
929.0	1.5037e-06
929.2	1.5597e-06
929.4	1.6178e-06
929.6	1.678e-06
929.8	1.7405e-06
930.0	1.8054e-06
930.2	1.8726e-06
930.4	1.9423e-06
930.6	2.0147e-06
930.8	2.0405e-06
931.0	2.0424e-06
931.2	2.0058e-06
931.4	1.9752e-06
931.6	1.9522e-06
931.8	2.0639e-06
932.0	2.2235e-06
932.2	2.4014e-06
932.4	2.5357e-06
932.6	2.6213e-06
932.8	2.6859e-06
933.0	2.8117e-06
933.2	3.1559e-06
933.4	3.4045e-06
933.6	3.5809e-06
933.8	3.8678e-06
934.0	4.2157e-06
934.2	4.6689e-06
934.4	4.9751e-06
934.6	5.2482e-06
934.8	5.9404e-06
935.0	6.5492e-06
935.2	6.9826e-06
935.4	7.8499e-06
935.6	8.9382e-06
935.8	1.0172e-05
936.0	1.1517e-05
936.2	1.2981e-05
936.4	1.5155e-05
936.6	1.7815e-05
936.8	2.112e-05
937.0	2.5615e-05
937.2	3.1471e-05
937.4	3.9916e-05
937.6	5.1115e-05
937.8	6.6537e-05
938.0	9.1637e-05
938.2	1.2977e-04
938.4	1.9682e-04
938.6	2.9562e-04
938.8	4.3928e-04
939.0	5.1727e-04
939.2	5.3747e-04
939.4	4.0826e-04
939.6	2.898e-04
939.8	1.9566e-04
940.0	1.4316e-04
940.2	1.127e-04
940.4	8.8719e-05
940.6	6.9841e-05
940.8	5.4981e-05
941.0	4.3282e-05
941.2	3.5037e-05
941.4	3.1313e-05
941.6	2.7985e-05
941.8	2.5011e-05
942.0	2.2352e-05
942.2	1.9977e-05
942.4	1.7853e-05
942.6	1.5956e-05
942.8	1.426e-05
943.0	1.2744e-05
943.2	1.1672e-05
943.4	1.1056e-05
943.6	1.0473e-05
943.8	9.9211e-06
944.0	9.398e-06
944.2	8.9025e-06
944.4	8.433e-06
944.6	7.9884e-06
944.8	7.5672e-06
945.0	7.1682e-06
945.2	6.9238e-06
945.4	6.768e-06
945.6	6.6157e-06
945.8	6.4669e-06
946.0	6.3214e-06
946.2	6.1792e-06
946.4	6.0402e-06
946.6	5.9043e-06
946.8	5.7714e-06
947.0	5.6416e-06
947.2	5.6054e-06
947.4	5.5888e-06
947.6	5.5723e-06
947.8	5.5558e-06
948.0	5.5393e-06
948.2	5.5229e-06
948.4	5.5066e-06
948.6	5.4903e-06
948.8	5.474e-06
949.0	5.4613e-06
949.2	5.5468e-06
949.4	5.6336e-06
949.6	5.7217e-06
949.8	5.8113e-06
950.0	5.9022e-06
950.2	5.9946e-06
950.4	6.0884e-06
950.6	6.1836e-06
950.8	6.2804e-06
951.0	6.413e-06
951.2	6.598e-06
951.4	6.7884e-06
951.6	6.9233e-06
951.8	7.0585e-06
952.0	7.2726e-06
952.2	7.5665e-06
952.4	7.8647e-06
952.6	8.0716e-06
952.8	8.2838e-06
953.0	8.517e-06
953.2	8.7665e-06
953.4	9.0836e-06
953.6	9.7122e-06
953.8	1.0384e-05
954.0	1.0813e-05
954.2	1.1147e-05
954.4	1.1543e-05
954.6	1.2095e-05
954.8	1.2674e-05
955.0	1.3556e-05
955.2	1.4561e-05
955.4	1.5571e-05
955.6	1.6532e-05
955.8	1.7553e-05
956.0	1.8965e-05
956.2	2.0515e-05
956.4	2.2201e-05
956.6	2.4034e-05
956.8	2.6033e-05
957.0	2.8528e-05
957.2	3.1263e-05
957.4	3.4252e-05
957.6	3.7522e-05
957.8	4.1229e-05
958.0	4.6094e-05
958.2	5.1533e-05
958.4	5.8537e-05
958.6	6.6936e-05
958.8	7.6664e-05
959.0	8.8215e-05
959.2	1.0151e-04
959.4	1.1931e-04
959.6	1.4094e-04
959.8	1.6829e-04
960.0	2.0476e-04
960.2	2.3446e-04
960.4	2.6847e-04
960.6	3.1149e-04
960.8	3.7448e-04
961.0	4.3661e-04
961.2	4.5935e-04
961.4	4.7289e-04
961.6	4.4378e-04
961.8	4.1172e-04
962.0	3.5887e-04
962.2	3.1211e-04
962.4	2.668e-04
962.6	2.2812e-04
962.8	1.9546e-04
963.0	1.6753e-04
963.2	1.4478e-04
963.4	1.2512e-04
963.6	1.1043e-04
963.8	9.7471e-05
964.0	8.7281e-05
964.2	7.8204e-05
964.4	7.0811e-05
964.6	6.4176e-05
964.8	5.9016e-05
965.0	5.4374e-05
965.2	5.0091e-05
965.4	4.6144e-05
965.6	4.2908e-05
965.8	3.9986e-05
966.0	3.7973e-05
966.2	3.6264e-05
966.4	3.4449e-05
966.6	3.2661e-05
966.8	3.0976e-05
967.0	2.9383e-05
967.2	2.8153e-05
967.4	2.7114e-05
967.6	2.5973e-05
967.8	2.4799e-05
968.0	2.4009e-05
968.2	2.3476e-05
968.4	2.2828e-05
968.6	2.2095e-05
968.8	2.155e-05
969.0	2.1175e-05
969.2	2.0649e-05
969.4	1.9962e-05
969.6	1.9446e-05
969.8	1.9132e-05
970.0	1.8869e-05
970.2	1.8262e-05
970.4	1.7674e-05
970.6	1.7104e-05
970.8	1.6553e-05
971.0	1.602e-05
971.2	1.5607e-05
971.4	1.5738e-05
971.6	1.5871e-05
971.8	1.6005e-05
972.0	1.614e-05
972.2	1.6276e-05
972.4	1.6414e-05
972.6	1.6552e-05
972.8	1.6692e-05
973.0	1.6833e-05
973.2	1.6983e-05
973.4	1.7149e-05
973.6	1.7317e-05
973.8	1.7486e-05
974.0	1.7656e-05
974.2	1.7829e-05
974.4	1.8003e-05
974.6	1.8179e-05
974.8	1.8356e-05
975.0	1.8536e-05
975.2	1.8846e-05
975.4	1.9249e-05
975.6	1.9661e-05
975.8	2.0081e-05
976.0	2.051e-05
976.2	2.0948e-05
976.4	2.1396e-05
976.6	2.1853e-05
976.8	2.232e-05
977.0	2.2797e-05
977.2	2.3493e-05
977.4	2.4254e-05
977.6	2.504e-05
977.8	2.5852e-05
978.0	2.669e-05
978.2	2.7555e-05
978.4	2.8448e-05
978.6	2.937e-05
978.8	3.0322e-05
979.0	3.1332e-05
979.2	3.2826e-05
979.4	3.439e-05
979.6	3.6029e-05
979.8	3.7746e-05
980.0	3.9545e-05
980.2	4.143e-05
980.4	4.3405e-05
980.6	4.5473e-05
980.8	4.7641e-05
981.0	5.0025e-05
981.2	5.2729e-05
981.4	5.5579e-05
981.6	5.9454e-05
981.8	6.3664e-05
982.0	6.7865e-05
982.2	7.2004e-05
982.4	7.6422e-05
982.6	8.1706e-05
982.8	8.7356e-05
983.0	9.3277e-05
983.2	9.9516e-05
983.4	1.0632e-04
983.6	1.1445e-04
983.8	1.2319e-04
984.0	1.339e-04
984.2	1.4609e-04
984.4	1.592e-04
984.6	1.7295e-04
984.8	1.8788e-04
985.0	2.0527e-04
985.2	2.2452e-04
985.4	2.4534e-04
985.6	2.6772e-04
985.8	2.9214e-04
986.0	3.1867e-04
986.2	3.476e-04
986.4	3.761e-04
986.6	4.0376e-04
986.8	4.3277e-04
987.0	4.5432e-04
987.2	4.7695e-04
987.4	4.9247e-04
987.6	5.0347e-04
987.8	5.1187e-04
988.0	5.0787e-04
988.2	5.039e-04
988.4	4.8911e-04
988.6	4.712e-04
988.8	4.5231e-04
989.0	4.3062e-04
989.2	4.0998e-04
989.4	3.8524e-04
989.6	3.6125e-04
989.8	3.389e-04
990.0	3.181e-04
990.2	2.9829e-04
990.4	2.7972e-04
990.6	2.623e-04
990.8	2.4597e-04
991.0	2.3066e-04
991.2	2.1629e-04
991.4	2.0283e-04
991.6	1.9346e-04
991.8	1.8483e-04
992.0	1.7659e-04
992.2	1.6871e-04
992.4	1.6119e-04
992.6	1.54e-04
992.8	1.4713e-04
993.0	1.4144e-04
993.2	1.3656e-04
993.4	1.3185e-04
993.6	1.2731e-04
993.8	1.2292e-04
994.0	1.1868e-04
994.2	1.1458e-04
994.4	1.1098e-04
994.6	1.0844e-04
994.8	1.0596e-04
995.0	1.0353e-04
995.2	1.0116e-04
995.4	9.8841e-05
995.6	9.6577e-05
995.8	9.4365e-05
996.0	8.7865e-05
996.2	8.2583e-05
996.4	8.2951e-05
996.6	8.3319e-05
996.8	8.369e-05
997.0	8.4062e-05
997.2	8.4436e-05
997.4	8.3845e-05
997.6	8.2689e-05
997.8	8.1548e-05
998.0	8.0423e-05
998.2	7.9772e-05
998.4	7.9844e-05
998.6	7.9916e-05
998.8	7.9963e-05
999.0	7.9951e-05
999.2	7.9939e-05
999.4	7.9927e-05
999.6	7.9915e-05
999.8	7.9903e-05
1000.0	7.9891e-05
1000.2	8.0424e-05
1000.4	8.1085e-05
1000.6	8.1751e-05
1000.8	8.2422e-05
1001.0	8.31e-05
1001.2	8.3782e-05
1001.4	8.4471e-05
1001.6	8.5165e-05
1001.8	8.5864e-05
1002.0	8.657e-05
1002.2	8.8103e-05
1002.4	8.9778e-05
1002.6	9.1486e-05
1002.8	9.3225e-05
1003.0	9.4998e-05
1003.2	9.6804e-05
1003.4	9.8645e-05
1003.6	1.0052e-04
1003.8	1.0243e-04
1004.0	1.0476e-04
1004.2	1.0993e-04
1004.4	1.1536e-04
1004.6	1.2105e-04
1004.8	1.2703e-04
1005.0	1.333e-04
1005.2	1.3396e-04
1005.4	1.4117e-04
1005.6	1.4268e-04
1005.8	1.5209e-04
1006.0	1.5813e-04
1006.2	1.6754e-04
1006.4	1.6473e-04
1006.6	1.7391e-04
1006.8	1.851e-04
1007.0	1.8771e-04
1007.2	1.9628e-04
1007.4	2.0571e-04
1007.6	2.1083e-04
1007.8	2.2622e-04
1008.0	2.3826e-04
1008.2	2.4543e-04
1008.4	2.5894e-04
1008.6	2.7749e-04
1008.8	2.9221e-04
1009.0	3.0393e-04
1009.2	3.2503e-04
1009.4	3.4115e-04
1009.6	3.6624e-04
1009.8	3.8175e-04
1010.0	3.9983e-04
1010.2	4.2791e-04
1010.4	4.6088e-04
1010.6	4.9074e-04
1010.8	5.37e-04
1011.0	5.6544e-04
1011.2	6.0924e-04
1011.4	6.5669e-04
1011.6	6.9696e-04
1011.8	7.5402e-04
1012.0	8.0434e-04
1012.2	8.6605e-04
1012.4	9.5251e-04
1012.6	0.00103
1012.8	0.0011
1013.0	0.00119
1013.2	0.00127
1013.4	0.00138
1013.6	0.00147
1013.8	0.00158
1014.0	0.00165
1014.2	0.00175
1014.4	0.00183
1014.6	0.00191
1014.8	0.00196
1015.0	0.00201
1015.2	0.00204
1015.4	0.00203
1015.6	0.00202
1015.8	0.00198
1016.0	0.00196
1016.2	0.00188
1016.4	0.00182
1016.6	0.00175
1016.8	0.00169
1017.0	0.00161
1017.2	0.00153
1017.4	0.00146
1017.6	0.00138
1017.8	0.00132
1018.0	0.00127
1018.2	0.00118
1018.4	0.00112
1018.6	0.00108
1018.8	0.00104
1019.0	9.7902e-04
1019.2	9.3152e-04
1019.4	8.9725e-04
1019.6	8.7211e-04
1019.8	8.2993e-04
1020.0	7.9589e-04
1020.2	7.6292e-04
1020.4	7.25e-04
1020.6	7.1254e-04
1020.8	6.9001e-04
1021.0	6.6093e-04
1021.2	6.4512e-04
1021.4	6.1372e-04
1021.6	5.9918e-04
1021.8	5.7189e-04
1022.0	5.847e-04
1022.2	5.5892e-04
1022.4	5.418e-04
1022.6	5.2546e-04
1022.8	5.2091e-04
1023.0	5.2542e-04
1023.2	5.0743e-04
1023.4	5.0412e-04
1023.6	4.957e-04
1023.8	4.8643e-04
1024.0	4.843e-04
1024.2	4.5837e-04
1024.4	4.654e-04
1024.6	4.7745e-04
1024.8	4.6181e-04
1025.0	4.6012e-04
1025.2	4.4858e-04
1025.4	4.5708e-04
1025.6	4.5073e-04
1025.8	4.3534e-04
1026.0	4.5134e-04
1026.2	4.3231e-04
1026.4	4.4944e-04
1026.6	4.4877e-04
1026.8	4.5735e-04
1027.0	4.4387e-04
1027.2	4.4347e-04
1027.4	4.4544e-04
1027.6	4.5076e-04
1027.8	4.5183e-04
1028.0	4.5296e-04
1028.2	4.6742e-04
1028.4	4.8178e-04
1028.6	4.7158e-04
1028.8	4.8187e-04
1029.0	4.8226e-04
1029.2	4.8393e-04
1029.4	4.927e-04
1029.6	5.1064e-04
1029.8	5.0699e-04
1030.0	5.2067e-04
1030.2	5.1536e-04
1030.4	5.253e-04
1030.6	5.4389e-04
1030.8	5.4953e-04
1031.0	5.5452e-04
1031.2	5.8227e-04
1031.4	5.8791e-04
1031.6	6.1024e-04
1031.8	6.1444e-04
1032.0	6.2775e-04
1032.2	6.3818e-04
1032.4	6.692e-04
1032.6	6.9288e-04
1032.8	6.9597e-04
1033.0	7.1858e-04
1033.2	7.5435e-04
1033.4	7.6864e-04
1033.6	8.0885e-04
1033.8	8.3045e-04
1034.0	8.4083e-04
1034.2	8.794e-04
1034.4	9.0967e-04
1034.6	9.6179e-04
1034.8	9.9236e-04
1035.0	0.00104
1035.2	0.00109
1035.4	0.00112
1035.6	0.00117
1035.8	0.00123
1036.0	0.00131
1036.2	0.00137
1036.4	0.00144
1036.6	0.00152
1036.8	0.00159
1037.0	0.00169
1037.2	0.00181
1037.4	0.0019
1037.6	0.00202
1037.8	0.00214
1038.0	0.00233
1038.2	0.00247
1038.4	0.00265
1038.6	0.00284
1038.8	0.00308
1039.0	0.0033
1039.2	0.00356
1039.4	0.00387
1039.6	0.00417
1039.8	0.00458
1040.0	0.00498
1040.2	0.00544
1040.4	0.00598
1040.6	0.00655
1040.8	0.00725
1041.0	0.00798
1041.2	0.00884
1041.4	0.00975
1041.6	0.01076
1041.8	0.01209
1042.0	0.01329
1042.2	0.01459
1042.4	0.01602
1042.6	0.01752
1042.8	0.01889
1043.0	0.02012
1043.2	0.02135
1043.4	0.02206
1043.6	0.02258
1043.8	0.0227
1044.0	0.02249
1044.2	0.02203
1044.4	0.02113
1044.6	0.02008
1044.8	0.01902
1045.0	0.01742
1045.2	0.01588
1045.4	0.0147
1045.6	0.01377
1045.8	0.01263
1046.0	0.01167
1046.2	0.01085
1046.4	0.01014
1046.6	0.0094
1046.8	0.00877
1047.0	0.00816
1047.2	0.0077
1047.4	0.00725
1047.6	0.00672
1047.8	0.00646
1048.0	0.00605
1048.2	0.00579
1048.4	0.00542
1048.6	0.00525
1048.8	0.00499
1049.0	0.00471
1049.2	0.00459
1049.4	0.00439
1049.6	0.00428
1049.8	0.00414
1050.0	0.00394
1050.2	0.00382
1050.4	0.00373
1050.6	0.00363
1050.8	0.00352
1051.0	0.00346
1051.2	0.0034
1051.4	0.00331
1051.6	0.0032
1051.8	0.00313
1052.0	0.00309
1052.2	0.00305
1052.4	0.00297
1052.6	0.00296
1052.8	0.00291
1053.0	0.0029
1053.2	0.0029
1053.4	0.00291
1053.6	0.00281
1053.8	0.00287
1054.0	0.0028
1054.2	0.00288
1054.4	0.00277
1054.6	0.00279
1054.8	0.00282
1055.0	0.00283
1055.2	0.00282
1055.4	0.00277
1055.6	0.00278
1055.8	0.00285
1056.0	0.00284
1056.2	0.00284
1056.4	0.00288
1056.6	0.00291
1056.8	0.00298
1057.0	0.00296
1057.2	0.00302
1057.4	0.00308
1057.6	0.00305
1057.8	0.00313
1058.0	0.00324
1058.2	0.00328
1058.4	0.00325
1058.6	0.00339
1058.8	0.00349
1059.0	0.00351
1059.2	0.00367
1059.4	0.0037
1059.6	0.00379
1059.8	0.00387
1060.0	0.00396
1060.2	0.0041
1060.4	0.00423
1060.6	0.00441
1060.8	0.00461
1061.0	0.00464
1061.2	0.00483
1061.4	0.00506
1061.6	0.00533
1061.8	0.0055
1062.0	0.00567
1062.2	0.00591
1062.4	0.00624
1062.6	0.00646
1062.8	0.00677
1063.0	0.00724
1063.2	0.00768
1063.4	0.00795
1063.6	0.00856
1063.8	0.00906
1064.0	0.00952
1064.2	0.01022
1064.4	0.01093
1064.6	0.01158
1064.8	0.01251
1065.0	0.01331
1065.2	0.01439
1065.4	0.01555
1065.6	0.01693
1065.8	0.01842
1066.0	0.02031
1066.2	0.0223
1066.4	0.02458
1066.6	0.02733
1066.8	0.03063
1067.0	0.03423
1067.2	0.03888
1067.4	0.04387
1067.6	0.05018
1067.8	0.05768
1068.0	0.06681
1068.2	0.07821
1068.4	0.0928
1068.6	0.11167
1068.8	0.13644
1069.0	0.16932
1069.2	0.21315
1069.4	0.27276
1069.6	0.35041
1069.8	0.45205
1070.0	0.56911
1070.2	0.67471
1070.4	0.71581
1070.6	0.66876
1070.8	0.56235
1071.0	0.45034
1071.2	0.35386
1071.4	0.27871
1071.6	0.22178
1071.8	0.17937
1072.0	0.14772
1072.2	0.12246
1072.4	0.10373
1072.6	0.08876
1072.8	0.07717
1073.0	0.06737
1073.2	0.05969
1073.4	0.0529
1073.6	0.04745
1073.8	0.04267
1074.0	0.03859
1074.2	0.03507
1074.4	0.0321
1074.6	0.0293
1074.8	0.02725
1075.0	0.02496
1075.2	0.02335
1075.4	0.02188
1075.6	0.02058
1075.8	0.0193
1076.0	0.01824
1076.2	0.01717
1076.4	0.01636
1076.6	0.01552
1076.8	0.01483
1077.0	0.01415
1077.2	0.01355
1077.4	0.01306
1077.6	0.01253
1077.8	0.01198
1078.0	0.01158
1078.2	0.01119
1078.4	0.01088
1078.6	0.01055
1078.8	0.01029
1079.0	0.01
1079.2	0.00962
1079.4	0.00956
1079.6	0.00929
1079.8	0.00902
1080.0	0.00874
1080.2	0.00873
1080.4	0.00873
1080.6	0.00849
1080.8	0.00829
1081.0	0.00816
1081.2	0.00818
1081.4	0.00797
1081.6	0.0078
1081.8	0.00787
1082.0	0.00769
1082.2	0.00767
1082.4	0.00755
1082.6	0.00754
1082.8	0.00749
1083.0	0.00755
1083.2	0.00758
1083.4	0.00752
1083.6	0.00747
1083.8	0.00741
1084.0	0.00742
1084.2	0.00738
1084.4	0.00742
1084.6	0.00748
1084.8	0.00754
1085.0	0.00751
1085.2	0.00758
1085.4	0.0077
1085.6	0.00757
1085.8	0.00773
1086.0	0.00788
1086.2	0.00789
1086.4	0.00784
1086.6	0.00806
1086.8	0.00807
1087.0	0.00822
1087.2	0.00824
1087.4	0.00859
1087.6	0.00847
1087.8	0.00871
1088.0	0.00885
1088.2	0.00905
1088.4	0.00925
1088.6	0.00923
1088.8	0.00945
1089.0	0.0097
1089.2	0.00988
1089.4	0.01005
1089.6	0.01032
1089.8	0.01052
1090.0	0.0107
1090.2	0.01082
1090.4	0.01122
1090.6	0.01154
1090.8	0.01182
1091.0	0.01213
1091.2	0.01241
1091.4	0.01292
1091.6	0.01319
1091.8	0.01373
1092.0	0.01412
1092.2	0.01466
1092.4	0.01508
1092.6	0.01575
1092.8	0.01638
1093.0	0.01688
1093.2	0.01762
1093.4	0.0185
1093.6	0.01916
1093.8	0.01991
1094.0	0.02108
1094.2	0.02206
1094.4	0.02305
1094.6	0.02426
1094.8	0.02547
1095.0	0.02706
1095.2	0.02865
1095.4	0.03006
1095.6	0.03146
1095.8	0.03366
1096.0	0.03567
1096.2	0.03808
1096.4	0.04048
1096.6	0.04317
1096.8	0.04611
1097.0	0.04938
1097.2	0.05245
1097.4	0.05701
1097.6	0.06142
1097.8	0.06601
1098.0	0.07146
1098.2	0.0771
1098.4	0.0838
1098.6	0.09111
1098.8	0.09874
1099.0	0.10811
1099.2	0.11793
1099.4	0.12854
1099.6	0.14034
1099.8	0.1538
1100.0	0.167
1100.2	0.18236
1100.4	0.19812
1100.6	0.21453
1100.8	0.23095
1101.0	0.24735
1101.2	0.26222
1101.4	0.27733
1101.6	0.28727
1101.8	0.29514
1102.0	0.29916
1102.2	0.29941
1102.4	0.29712
1102.6	0.28942
1102.8	0.2807
1103.0	0.26971
1103.2	0.25691
1103.4	0.24239
1103.6	0.2282
1103.8	0.21406
1104.0	0.2006
1104.2	0.18763
1104.4	0.17629
1104.6	0.16456
1104.8	0.15339
1105.0	0.14458
1105.2	0.13482
1105.4	0.12698
1105.6	0.11879
1105.8	0.11281
1106.0	0.10607
1106.2	0.1005
1106.4	0.09536
1106.6	0.09098
1106.8	0.08637
1107.0	0.08255
1107.2	0.07878
1107.4	0.07516
1107.6	0.07235
1107.8	0.06933
1108.0	0.06674
1108.2	0.06405
1108.4	0.06217
1108.6	0.05951
1108.8	0.05794
1109.0	0.05598
1109.2	0.05485
1109.4	0.0534
1109.6	0.05152
1109.8	0.05094
1110.0	0.04963
1110.2	0.04843
1110.4	0.04721
1110.6	0.04651
1110.8	0.04495
1111.0	0.04481
1111.2	0.04406
1111.4	0.04366
1111.6	0.04258
1111.8	0.04244
1112.0	0.04213
1112.2	0.04138
1112.4	0.04053
1112.6	0.04088
1112.8	0.04069
1113.0	0.03994
1113.2	0.04013
1113.4	0.03962
1113.6	0.0395
1113.8	0.03981
1114.0	0.04005
1114.2	0.03945
1114.4	0.0399
1114.6	0.04005
1114.8	0.04011
1115.0	0.0395
1115.2	0.04023
1115.4	0.04026
1115.6	0.04046
1115.8	0.04118
1116.0	0.04122
1116.2	0.04159
1116.4	0.04197
1116.6	0.04263
1116.8	0.04271
1117.0	0.04356
1117.2	0.04396
1117.4	0.0448
1117.6	0.04559
1117.8	0.04716
1118.0	0.04723
1118.2	0.04815
1118.4	0.04928
1118.6	0.04962
1118.8	0.05147
1119.0	0.05268
1119.2	0.05342
1119.4	0.05521
1119.6	0.05691
1119.8	0.05789
1120.0	0.06014
1120.2	0.06111
1120.4	0.06348
1120.6	0.06549
1120.8	0.06806
1121.0	0.06605
1121.2	0.06855
1121.4	0.07114
1121.6	0.07383
1121.8	0.07662
1122.0	0.07953
1122.2	0.08304
1122.4	0.0867
1122.6	0.09053
1122.8	0.09453
1123.0	0.0987
1123.2	0.10378
1123.4	0.10912
1123.6	0.11474
1123.8	0.12064
1124.0	0.12688
1124.2	0.1346
1124.4	0.14278
1124.6	0.15146
1124.8	0.16067
1125.0	0.17045
1125.2	0.18201
1125.4	0.19435
1125.6	0.20753
1125.8	0.2216
1126.0	0.23671
1126.2	0.25518
1126.4	0.27508
1126.6	0.29654
1126.8	0.31967
1127.0	0.34463
1127.2	0.37268
1127.4	0.40301
1127.6	0.43581
1127.8	0.47128
1128.0	0.50937
1128.2	0.54345
1128.4	0.57981
1128.6	0.6186
1128.8	0.65999
1129.0	0.70355
1129.2	0.71938
1129.4	0.73556
1129.6	0.75211
1129.8	0.76903
1130.0	0.78467
1130.2	0.76099
1130.4	0.73801
1130.6	0.71574
1130.8	0.69413
1131.0	0.67264
1131.2	0.6318
1131.4	0.59344
1131.6	0.55741
1131.8	0.52357
1132.0	0.49175
1132.2	0.45908
1132.4	0.42857
1132.6	0.40009
1132.8	0.37351
1133.0	0.34874
1133.2	0.32699
1133.4	0.30659
1133.6	0.28746
1133.8	0.26953
1134.0	0.25276
1134.2	0.23908
1134.4	0.22615
1134.6	0.21392
1134.8	0.20235
1135.0	0.19147
1135.2	0.18261
1135.4	0.17417
1135.6	0.16611
1135.8	0.15843
1136.0	0.15116
1136.2	0.14591
1136.4	0.14085
1136.6	0.13597
1136.8	0.13125
1137.0	0.1267
1137.2	0.12272
1137.4	0.11886
1137.6	0.11513
1137.8	0.11151
1138.0	0.10803
1138.2	0.10518
1138.4	0.10241
1138.6	0.09971
1138.8	0.09708
1139.0	0.09454
1139.2	0.09272
1139.4	0.09094
1139.6	0.0892
1139.8	0.08748
1140.0	0.08583
1140.2	0.0846
1140.4	0.08339
1140.6	0.0822
1140.8	0.08103
1141.0	0.07988
1141.2	0.0789
1141.4	0.07793
1141.6	0.07697
1141.8	0.07603
1142.0	0.07511
1142.2	0.07456
1142.4	0.07401
1142.6	0.07346
1142.8	0.07292
1143.0	0.07239
1143.2	0.07227
1143.4	0.07215
1143.6	0.07202
1143.8	0.0719
1144.0	0.07179
1144.2	0.07185
1144.4	0.07192
1144.6	0.07198
1144.8	0.07205
1145.0	0.07211
1145.2	0.07231
1145.4	0.0725
1145.6	0.0727
1145.8	0.0729
1146.0	0.0731
1146.2	0.07366
1146.4	0.07422
1146.6	0.07479
1146.8	0.07536
1147.0	0.07594
1147.2	0.0768
1147.4	0.07767
1147.6	0.07855
1147.8	0.07944
1148.0	0.08034
1148.2	0.08136
1148.4	0.08239
1148.6	0.08343
1148.8	0.08448
1149.0	0.08556
1149.2	0.087
1149.4	0.08847
1149.6	0.08996
1149.8	0.09147
1150.0	0.09302
1150.2	0.09482
1150.4	0.09666
1150.6	0.09854
1150.8	0.10045
1151.0	0.1024
1151.2	0.10452
1151.4	0.10667
1151.6	0.10887
1151.8	0.11111
1152.0	0.11341
1152.2	0.11597
1152.4	0.11859
1152.6	0.12127
1152.8	0.12401
1153.0	0.12681
1153.2	0.12979
1153.4	0.13284
1153.6	0.13596
1153.8	0.13915
1154.0	0.14241
1154.2	0.14549
1154.4	0.14864
1154.6	0.15186
1154.8	0.15514
1155.0	0.15848
1155.2	0.16146
1155.4	0.1645
1155.6	0.1676
1155.8	0.17075
1156.0	0.17394
1156.2	0.17632
1156.4	0.17874
1156.6	0.18118
1156.8	0.18367
1157.0	0.18616
1157.2	0.18739
1157.4	0.18864
1157.6	0.18989
1157.8	0.19116
1158.0	0.19241
1158.2	0.19186
1158.4	0.19131
1158.6	0.19076
1158.8	0.19022
1159.0	0.18967
1159.2	0.18775
1159.4	0.18585
1159.6	0.18397
1159.8	0.18211
1160.0	0.18019
1160.2	0.17681
1160.4	0.1735
1160.6	0.17024
1160.8	0.16705
1161.0	0.16389
1161.2	0.16022
1161.4	0.15664
1161.6	0.15313
1161.8	0.14971
1162.0	0.14633
1162.2	0.14255
1162.4	0.13886
1162.6	0.13527
1162.8	0.13177
1163.0	0.12834
1163.2	0.12466
1163.4	0.12109
1163.6	0.11761
1163.8	0.11424
1164.0	0.11098
1164.2	0.10821
1164.4	0.10551
1164.6	0.10287
1164.8	0.1003
1165.0	0.09779
1165.2	0.09508
1165.4	0.09244
1165.6	0.08988
1165.8	0.08739
1166.0	0.08498
1166.2	0.08306
1166.4	0.08118
1166.6	0.07935
1166.8	0.07755
1167.0	0.07579
1167.2	0.07385
1167.4	0.07196
1167.6	0.07013
1167.8	0.06834
1168.0	0.06661
1168.2	0.06543
1168.4	0.06426
1168.6	0.06312
1168.8	0.062
1169.0	0.06088
1169.2	0.05959
1169.4	0.05832
1169.6	0.05708
1169.8	0.05587
1170.0	0.0547
1170.2	0.05394
1170.4	0.05318
1170.6	0.05244
1170.8	0.05171
1171.0	0.05099
1171.2	0.05011
1171.4	0.04925
1171.6	0.04841
1171.8	0.04758
1172.0	0.04677
1172.2	0.04629
1172.4	0.04582
1172.6	0.04535
1172.8	0.04489
1173.0	0.04443
1173.2	0.04383
1173.4	0.04324
1173.6	0.04265
1173.8	0.04208
1174.0	0.04152
1174.2	0.04126
1174.4	0.04101
1174.6	0.04076
1174.8	0.04051
1175.0	0.04025
1175.2	0.0399
1175.4	0.03955
1175.6	0.0392
1175.8	0.03885
1176.0	0.03851
1176.2	0.03833
1176.4	0.03815
1176.6	0.03797
1176.8	0.0378
1177.0	0.03762
1177.2	0.03743
1177.4	0.03725
1177.6	0.03707
1177.8	0.03688
1178.0	0.0367
1178.2	0.03661
1178.4	0.03652
1178.6	0.03642
1178.8	0.03633
1179.0	0.03624
1179.2	0.03619
1179.4	0.03615
1179.6	0.03611
1179.8	0.03606
1180.0	0.03602
1180.2	0.03596
1180.4	0.03591
1180.6	0.03585
1180.8	0.03579
1181.0	0.03574
1181.2	0.03583
1181.4	0.03591
1181.6	0.036
1181.8	0.03608
1182.0	0.03616
1182.2	0.03617
1182.4	0.03618
1182.6	0.03619
1182.8	0.0362
1183.0	0.03621
1183.2	0.03635
1183.4	0.0365
1183.6	0.03664
1183.8	0.03678
1184.0	0.03692
1184.2	0.03704
1184.4	0.03716
1184.6	0.03728
1184.8	0.0374
1185.0	0.03752
1185.2	0.03765
1185.4	0.03779
1185.6	0.03792
1185.8	0.03805
1186.0	0.03819
1186.2	0.0384
1186.4	0.03861
1186.6	0.03883
1186.8	0.03905
1187.0	0.03926
1187.2	0.03945
1187.4	0.03963
1187.6	0.03982
1187.8	0.04001
1188.0	0.0402
1188.2	0.04042
1188.4	0.04064
1188.6	0.04086
1188.8	0.04108
1189.0	0.04131
1189.2	0.04156
1189.4	0.04182
1189.6	0.04209
1189.8	0.04235
1190.0	0.04261
1190.2	0.04283
1190.4	0.04306
1190.6	0.04328
1190.8	0.04351
1191.0	0.04374
1191.2	0.04398
1191.4	0.04422
1191.6	0.04446
1191.8	0.04471
1192.0	0.04496
1192.2	0.04527
1192.4	0.04558
1192.6	0.04589
1192.8	0.04621
1193.0	0.04653
1193.2	0.04673
1193.4	0.04692
1193.6	0.04712
1193.8	0.04732
1194.0	0.04752
1194.2	0.0478
1194.4	0.04808
1194.6	0.04836
1194.8	0.04864
1195.0	0.04892
1195.2	0.04923
1195.4	0.04953
1195.6	0.04984
1195.8	0.05015
1196.0	0.05045
1196.2	0.0506
1196.4	0.05076
1196.6	0.05091
1196.8	0.05107
1197.0	0.05122
1197.2	0.05145
1197.4	0.05168
1197.6	0.0519
1197.8	0.05213
1198.0	0.05237
1198.2	0.05269
1198.4	0.05301
1198.6	0.05333
1198.8	0.05366
1199.0	0.05398
1199.2	0.05413
1199.4	0.05427
1199.6	0.05442
1199.8	0.05457
1200.0	0.05471
