Typical Measured Spectrum of Semrock FF01-698/70 Optical Filter	
For wavelengths between 320 and 1120 nm, values near or below 3e-7 (Optical Density 6.5) are measurement noise limited.
For wavelengths < 320 nm and > 1120 nm, values near or below 3e-6 (Optical Density 5.5) are measurement noise limited. 
Data format:  Wavelength (nm) <tab> Transmission (0 to 1)

190.0	1.0e-07
190.2	1.0e-07
190.4	1.0e-07
190.6	1.0e-07
190.8	1.0e-07
191.0	1.0e-07
191.2	1.0e-07
191.4	1.0e-07
191.6	1.0e-07
191.8	1.0e-07
192.0	1.0e-07
192.2	1.0e-07
192.4	1.0e-07
192.6	1.0e-07
192.8	1.0e-07
193.0	1.0e-07
193.2	1.0e-07
193.4	1.0e-07
193.6	1.0e-07
193.8	1.0e-07
194.0	1.0e-07
194.2	1.0e-07
194.4	1.0e-07
194.6	1.0e-07
194.8	1.0e-07
195.0	1.0e-07
195.2	1.0e-07
195.4	1.0e-07
195.6	1.0e-07
195.8	1.0e-07
196.0	1.0e-07
196.2	1.0e-07
196.4	1.0e-07
196.6	1.0e-07
196.8	1.0e-07
197.0	1.0e-07
197.2	1.0e-07
197.4	1.0e-07
197.6	1.0e-07
197.8	1.0e-07
198.0	1.0e-07
198.2	1.0e-07
198.4	1.0e-07
198.6	1.0e-07
198.8	1.0e-07
199.0	1.0e-07
199.2	1.0e-07
199.4	1.0e-07
199.6	1.0e-07
199.8	1.0e-07
200.0	1.0e-07
200.2	1.0e-07
200.4	1.0e-07
200.6	1.0e-07
200.8	1.0e-07
201.0	1.0e-07
201.2	1.0e-07
201.4	1.0e-07
201.6	1.0e-07
201.8	1.0e-07
202.0	1.0e-07
202.2	1.0e-07
202.4	1.0e-07
202.6	1.0e-07
202.8	1.0e-07
203.0	1.0e-07
203.2	1.0e-07
203.4	1.0e-07
203.6	1.0e-07
203.8	1.0e-07
204.0	1.0e-07
204.2	1.0e-07
204.4	1.0e-07
204.6	1.0e-07
204.8	1.0e-07
205.0	1.0e-07
205.2	1.0e-07
205.4	1.0e-07
205.6	1.0e-07
205.8	1.0e-07
206.0	1.0e-07
206.2	1.0e-07
206.4	1.0e-07
206.6	1.0e-07
206.8	1.0e-07
207.0	1.0e-07
207.2	1.0e-07
207.4	1.0e-07
207.6	1.0e-07
207.8	1.0e-07
208.0	1.0e-07
208.2	1.0e-07
208.4	1.0e-07
208.6	1.0e-07
208.8	1.0e-07
209.0	1.0e-07
209.2	1.0e-07
209.4	1.0e-07
209.6	1.0e-07
209.8	1.0e-07
210.0	1.0e-07
210.2	1.0e-07
210.4	1.0e-07
210.6	1.0e-07
210.8	1.0e-07
211.0	1.0e-07
211.2	1.0e-07
211.4	1.0e-07
211.6	1.0e-07
211.8	1.0e-07
212.0	1.0e-07
212.2	1.0e-07
212.4	1.0e-07
212.6	1.0e-07
212.8	1.0e-07
213.0	1.0e-07
213.2	1.0e-07
213.4	1.0e-07
213.6	1.0e-07
213.8	1.0e-07
214.0	1.0e-07
214.2	1.0e-07
214.4	1.0e-07
214.6	1.0e-07
214.8	1.0e-07
215.0	1.0e-07
215.2	1.0e-07
215.4	1.0e-07
215.6	1.0e-07
215.8	1.0e-07
216.0	1.0e-07
216.2	1.0e-07
216.4	1.0e-07
216.6	1.0e-07
216.8	1.0e-07
217.0	1.0e-07
217.2	1.0e-07
217.4	1.0e-07
217.6	1.0e-07
217.8	1.0e-07
218.0	1.0e-07
218.2	1.0e-07
218.4	1.0e-07
218.6	1.0e-07
218.8	1.0e-07
219.0	1.0e-07
219.2	1.0e-07
219.4	1.0e-07
219.6	1.0e-07
219.8	1.0e-07
220.0	1.0e-07
220.2	1.0e-07
220.4	1.0e-07
220.6	1.0e-07
220.8	1.0e-07
221.0	1.0e-07
221.2	1.0e-07
221.4	1.0e-07
221.6	1.0e-07
221.8	1.0e-07
222.0	1.0e-07
222.2	1.0e-07
222.4	1.0e-07
222.6	1.0e-07
222.8	1.0e-07
223.0	1.0e-07
223.2	1.0e-07
223.4	1.0e-07
223.6	1.0e-07
223.8	1.0e-07
224.0	1.0e-07
224.2	1.0e-07
224.4	1.0e-07
224.6	1.0e-07
224.8	1.0e-07
225.0	1.0e-07
225.2	1.0e-07
225.4	1.0e-07
225.6	1.0e-07
225.8	1.0e-07
226.0	1.0e-07
226.2	1.0e-07
226.4	1.0e-07
226.6	1.0e-07
226.8	1.0e-07
227.0	1.0e-07
227.2	1.0e-07
227.4	1.0e-07
227.6	1.0e-07
227.8	1.0e-07
228.0	1.0e-07
228.2	1.0e-07
228.4	1.0e-07
228.6	1.0e-07
228.8	1.0e-07
229.0	1.0e-07
229.2	1.0e-07
229.4	1.0e-07
229.6	1.0e-07
229.8	1.0e-07
230.0	1.0e-07
230.2	1.0e-07
230.4	1.0e-07
230.6	1.0e-07
230.8	1.0e-07
231.0	1.0e-07
231.2	1.0e-07
231.4	1.0e-07
231.6	1.0e-07
231.8	1.0e-07
232.0	1.0e-07
232.2	1.0e-07
232.4	1.0e-07
232.6	1.0e-07
232.8	1.0e-07
233.0	1.0e-07
233.2	1.0e-07
233.4	1.0e-07
233.6	1.0e-07
233.8	1.0e-07
234.0	1.0e-07
234.2	1.0e-07
234.4	1.0e-07
234.6	1.0e-07
234.8	1.0e-07
235.0	1.0e-07
235.2	1.0e-07
235.4	1.0e-07
235.6	1.0e-07
235.8	1.0e-07
236.0	1.0e-07
236.2	1.0e-07
236.4	1.0e-07
236.6	1.0e-07
236.8	1.0e-07
237.0	1.0e-07
237.2	1.0e-07
237.4	1.0e-07
237.6	1.0e-07
237.8	1.0e-07
238.0	1.0e-07
238.2	1.0e-07
238.4	1.0e-07
238.6	1.0e-07
238.8	1.0e-07
239.0	1.0e-07
239.2	1.0e-07
239.4	1.0e-07
239.6	1.0e-07
239.8	1.0e-07
240.0	1.0e-07
240.2	1.0e-07
240.4	1.0e-07
240.6	1.0e-07
240.8	1.0e-07
241.0	1.0e-07
241.2	1.0e-07
241.4	1.0e-07
241.6	1.0e-07
241.8	1.0e-07
242.0	1.0e-07
242.2	1.0e-07
242.4	1.0e-07
242.6	1.0e-07
242.8	1.0e-07
243.0	1.0e-07
243.2	1.0e-07
243.4	1.0e-07
243.6	1.0e-07
243.8	1.0e-07
244.0	1.0e-07
244.2	1.0e-07
244.4	1.0e-07
244.6	1.0e-07
244.8	1.0e-07
245.0	1.0e-07
245.2	1.0e-07
245.4	1.0e-07
245.6	1.0e-07
245.8	1.0e-07
246.0	1.0e-07
246.2	1.0e-07
246.4	1.0e-07
246.6	1.0e-07
246.8	1.0e-07
247.0	1.0e-07
247.2	1.0e-07
247.4	1.0e-07
247.6	1.0e-07
247.8	1.0e-07
248.0	1.0e-07
248.2	1.0e-07
248.4	1.0e-07
248.6	1.0e-07
248.8	1.0e-07
249.0	1.0e-07
249.2	1.0e-07
249.4	1.0e-07
249.6	1.0e-07
249.8	1.0e-07
250.0	1.0e-07
250.2	1.0e-07
250.4	1.0e-07
250.6	1.0e-07
250.8	1.0e-07
251.0	1.0e-07
251.2	1.0e-07
251.4	1.0e-07
251.6	1.0e-07
251.8	1.0e-07
252.0	1.0e-07
252.2	1.0e-07
252.4	1.0e-07
252.6	1.0e-07
252.8	1.0e-07
253.0	1.0e-07
253.2	1.0e-07
253.4	1.0e-07
253.6	1.0e-07
253.8	1.0e-07
254.0	1.0e-07
254.2	1.0e-07
254.4	1.0e-07
254.6	1.0e-07
254.8	1.0e-07
255.0	1.0e-07
255.2	1.0e-07
255.4	1.0e-07
255.6	1.0e-07
255.8	1.0e-07
256.0	1.0e-07
256.2	1.0e-07
256.4	1.0e-07
256.6	1.0e-07
256.8	1.0e-07
257.0	1.0e-07
257.2	1.0e-07
257.4	1.0e-07
257.6	1.0e-07
257.8	1.0e-07
258.0	1.0e-07
258.2	1.0e-07
258.4	1.0e-07
258.6	1.0e-07
258.8	1.0e-07
259.0	1.0e-07
259.2	1.0e-07
259.4	1.0e-07
259.6	1.0e-07
259.8	1.0e-07
260.0	1.0e-07
260.2	1.0e-07
260.4	1.0e-07
260.6	1.0e-07
260.8	1.0e-07
261.0	1.0e-07
261.2	1.0e-07
261.4	1.0e-07
261.6	1.0e-07
261.8	1.0e-07
262.0	1.0e-07
262.2	1.0e-07
262.4	1.0e-07
262.6	1.0e-07
262.8	1.0e-07
263.0	1.0e-07
263.2	1.0e-07
263.4	1.0e-07
263.6	1.0e-07
263.8	1.0e-07
264.0	1.0e-07
264.2	1.0e-07
264.4	1.0e-07
264.6	1.0e-07
264.8	1.0e-07
265.0	1.0e-07
265.2	1.0e-07
265.4	1.0e-07
265.6	1.0e-07
265.8	1.0e-07
266.0	1.0e-07
266.2	1.0e-07
266.4	1.0e-07
266.6	1.0e-07
266.8	1.0e-07
267.0	1.0e-07
267.2	1.0e-07
267.4	1.0e-07
267.6	1.0e-07
267.8	1.0e-07
268.0	1.0e-07
268.2	1.0e-07
268.4	1.0e-07
268.6	1.0e-07
268.8	1.0e-07
269.0	1.0e-07
269.2	1.0e-07
269.4	1.0e-07
269.6	1.0e-07
269.8	1.0e-07
270.0	1.0e-07
270.2	1.0e-07
270.4	1.0e-07
270.6	1.0e-07
270.8	1.0e-07
271.0	1.0e-07
271.2	1.0e-07
271.4	1.0e-07
271.6	1.0e-07
271.8	1.0e-07
272.0	1.0e-07
272.2	1.0e-07
272.4	1.0e-07
272.6	1.0e-07
272.8	1.0e-07
273.0	1.0e-07
273.2	1.0e-07
273.4	1.0e-07
273.6	1.0e-07
273.8	1.0e-07
274.0	1.0e-07
274.2	1.0e-07
274.4	1.0e-07
274.6	1.0e-07
274.8	1.0e-07
275.0	1.0e-07
275.2	1.0e-07
275.4	1.0e-07
275.6	1.0e-07
275.8	1.0e-07
276.0	1.0e-07
276.2	1.0e-07
276.4	1.0e-07
276.6	1.0e-07
276.8	1.0e-07
277.0	1.0e-07
277.2	1.0e-07
277.4	1.0e-07
277.6	1.0e-07
277.8	1.0e-07
278.0	1.0e-07
278.2	1.0e-07
278.4	1.0e-07
278.6	1.0e-07
278.8	1.0e-07
279.0	1.0e-07
279.2	1.0e-07
279.4	1.0e-07
279.6	1.0e-07
279.8	1.0e-07
280.0	1.0e-07
280.2	1.0e-07
280.4	1.0e-07
280.6	1.0e-07
280.8	1.0e-07
281.0	1.0e-07
281.2	1.0e-07
281.4	1.0e-07
281.6	1.0e-07
281.8	1.0e-07
282.0	1.0e-07
282.2	1.0e-07
282.4	1.0e-07
282.6	1.0e-07
282.8	1.0e-07
283.0	1.0e-07
283.2	1.0e-07
283.4	1.0e-07
283.6	1.0e-07
283.8	1.0e-07
284.0	1.0e-07
284.2	1.0e-07
284.4	1.0e-07
284.6	1.0e-07
284.8	1.0e-07
285.0	1.0e-07
285.2	1.0e-07
285.4	1.0e-07
285.6	1.0e-07
285.8	1.0e-07
286.0	1.0e-07
286.2	1.0e-07
286.4	1.0e-07
286.6	1.0e-07
286.8	1.0e-07
287.0	1.0e-07
287.2	1.0e-07
287.4	1.0e-07
287.6	1.0e-07
287.8	1.0e-07
288.0	1.0e-07
288.2	1.0e-07
288.4	1.0e-07
288.6	1.0e-07
288.8	1.0e-07
289.0	1.0e-07
289.2	1.0e-07
289.4	1.0e-07
289.6	1.0e-07
289.8	1.0e-07
290.0	1.0e-07
290.2	1.0e-07
290.4	1.0e-07
290.6	1.0e-07
290.8	1.0e-07
291.0	1.0e-07
291.2	1.0e-07
291.4	1.0e-07
291.6	1.0e-07
291.8	1.0e-07
292.0	1.0e-07
292.2	1.0e-07
292.4	1.0e-07
292.6	1.0e-07
292.8	1.0e-07
293.0	1.0e-07
293.2	1.0e-07
293.4	1.0e-07
293.6	1.0e-07
293.8	1.0e-07
294.0	1.0e-07
294.2	1.0e-07
294.4	1.0e-07
294.6	1.0e-07
294.8	1.0e-07
295.0	1.0e-07
295.2	1.0e-07
295.4	1.0e-07
295.6	1.0e-07
295.8	1.0e-07
296.0	1.0e-07
296.2	1.0e-07
296.4	1.0e-07
296.6	1.0e-07
296.8	1.0e-07
297.0	1.0e-07
297.2	1.0e-07
297.4	1.0e-07
297.6	1.0e-07
297.8	1.0e-07
298.0	1.0e-07
298.2	1.0e-07
298.4	1.0e-07
298.6	1.0e-07
298.8	1.0e-07
299.0	1.0e-07
299.2	1.0e-07
299.4	1.0e-07
299.6	1.0e-07
299.8	1.0e-07
300.0	1.0e-07
300.2	1.0e-07
300.4	1.0e-07
300.6	1.0e-07
300.8	1.0e-07
301.0	1.0e-07
301.2	1.0e-07
301.4	1.0e-07
301.6	1.0e-07
301.8	1.0e-07
302.0	1.0e-07
302.2	1.0e-07
302.4	1.0e-07
302.6	1.0e-07
302.8	1.0e-07
303.0	1.0e-07
303.2	1.0e-07
303.4	1.0e-07
303.6	1.0e-07
303.8	1.0e-07
304.0	1.0e-07
304.2	1.0e-07
304.4	1.0e-07
304.6	1.0e-07
304.8	1.0e-07
305.0	1.0e-07
305.2	1.0e-07
305.4	1.0e-07
305.6	1.0e-07
305.8	1.0e-07
306.0	1.0e-07
306.2	1.0e-07
306.4	1.0e-07
306.6	1.0e-07
306.8	1.0e-07
307.0	1.0e-07
307.2	1.0e-07
307.4	1.0e-07
307.6	1.0e-07
307.8	1.0e-07
308.0	1.0e-07
308.2	1.0e-07
308.4	1.0e-07
308.6	1.0e-07
308.8	1.0e-07
309.0	1.0e-07
309.2	1.0e-07
309.4	1.0e-07
309.6	1.0e-07
309.8	1.0e-07
310.0	1.0e-07
310.2	1.0e-07
310.4	1.0e-07
310.6	1.0e-07
310.8	1.0e-07
311.0	1.0e-07
311.2	1.0e-07
311.4	1.0e-07
311.6	1.0e-07
311.8	1.0e-07
312.0	1.0e-07
312.2	1.0e-07
312.4	1.0e-07
312.6	1.0e-07
312.8	1.0e-07
313.0	1.0e-07
313.2	1.0e-07
313.4	1.0e-07
313.6	1.0e-07
313.8	1.0e-07
314.0	1.0e-07
314.2	1.0e-07
314.4	1.0e-07
314.6	1.0e-07
314.8	1.0e-07
315.0	1.0e-07
315.2	1.0e-07
315.4	1.0e-07
315.6	1.0e-07
315.8	1.0e-07
316.0	1.0e-07
316.2	1.0e-07
316.4	1.0e-07
316.6	1.0e-07
316.8	1.0e-07
317.0	1.0e-07
317.2	1.0e-07
317.4	1.0e-07
317.6	1.0e-07
317.8	1.0e-07
318.0	1.0e-07
318.2	1.0e-07
318.4	1.0e-07
318.6	1.0e-07
318.8	1.0e-07
319.0	1.0e-07
319.2	1.0e-07
319.4	1.0e-07
319.6	1.0e-07
319.8	1.0e-07
320.0	1.0e-07
320.2	1.0e-07
320.4	1.0e-07
320.6	1.0e-07
320.8	1.0e-07
321.0	1.0e-07
321.2	1.0e-07
321.4	1.0e-07
321.6	1.0e-07
321.8	1.0e-07
322.0	1.0e-07
322.2	1.0e-07
322.4	1.0e-07
322.6	1.0e-07
322.8	1.0e-07
323.0	1.0e-07
323.2	1.0e-07
323.4	1.0e-07
323.6	1.0e-07
323.8	1.0e-07
324.0	1.0e-07
324.2	1.0e-07
324.4	1.0e-07
324.6	1.0e-07
324.8	1.0e-07
325.0	1.0e-07
325.2	1.0e-07
325.4	1.0e-07
325.6	1.0e-07
325.8	1.0e-07
326.0	1.0e-07
326.2	1.0e-07
326.4	1.0e-07
326.6	1.0e-07
326.8	1.0e-07
327.0	1.0e-07
327.2	1.0e-07
327.4	1.0e-07
327.6	1.0e-07
327.8	1.0e-07
328.0	1.0e-07
328.2	1.0e-07
328.4	1.0e-07
328.6	1.0e-07
328.8	1.0e-07
329.0	1.0e-07
329.2	1.0e-07
329.4	1.0e-07
329.6	1.0e-07
329.8	1.0e-07
330.0	1.0e-07
330.2	1.0e-07
330.4	1.0e-07
330.6	1.0e-07
330.8	1.0e-07
331.0	1.0e-07
331.2	1.0e-07
331.4	1.0e-07
331.6	1.0e-07
331.8	1.0e-07
332.0	1.0e-07
332.2	1.0e-07
332.4	1.0e-07
332.6	1.0e-07
332.8	1.0e-07
333.0	1.0e-07
333.2	1.0e-07
333.4	1.0e-07
333.6	1.0e-07
333.8	1.0e-07
334.0	1.0e-07
334.2	1.0e-07
334.4	1.0e-07
334.6	1.0e-07
334.8	1.0e-07
335.0	1.0e-07
335.2	1.0e-07
335.4	1.0e-07
335.6	1.0e-07
335.8	1.0e-07
336.0	1.0e-07
336.2	1.0e-07
336.4	1.0e-07
336.6	1.0e-07
336.8	1.0e-07
337.0	1.0e-07
337.2	1.0e-07
337.4	1.0e-07
337.6	1.0e-07
337.8	1.0e-07
338.0	1.0e-07
338.2	1.0e-07
338.4	1.0e-07
338.6	1.0e-07
338.8	1.0e-07
339.0	1.0e-07
339.2	1.0e-07
339.4	1.0e-07
339.6	1.0e-07
339.8	1.0e-07
340.0	1.0e-07
340.2	1.0e-07
340.4	1.0e-07
340.6	1.0e-07
340.8	1.0e-07
341.0	1.0e-07
341.2	1.0e-07
341.4	1.0e-07
341.6	1.0e-07
341.8	1.0e-07
342.0	1.0e-07
342.2	1.0e-07
342.4	1.0e-07
342.6	1.0e-07
342.8	1.0e-07
343.0	1.0e-07
343.2	1.0e-07
343.4	1.0e-07
343.6	1.0e-07
343.8	1.0e-07
344.0	1.0e-07
344.2	1.0e-07
344.4	1.0e-07
344.6	1.0e-07
344.8	1.0e-07
345.0	1.0e-07
345.2	1.0e-07
345.4	1.0e-07
345.6	1.0e-07
345.8	1.0e-07
346.0	1.0e-07
346.2	1.0e-07
346.4	1.0e-07
346.6	1.0e-07
346.8	1.0e-07
347.0	1.0e-07
347.2	1.0e-07
347.4	1.0e-07
347.6	1.0e-07
347.8	1.0e-07
348.0	1.0e-07
348.2	1.0e-07
348.4	1.0e-07
348.6	1.0e-07
348.8	1.0e-07
349.0	1.0e-07
349.2	1.0e-07
349.4	1.0e-07
349.6	1.0e-07
349.8	1.0e-07
350.0	1.0e-07
350.2	1.0e-07
350.4	1.0e-07
350.6	1.0e-07
350.8	1.0e-07
351.0	1.0e-07
351.2	1.0e-07
351.4	1.0e-07
351.6	1.0e-07
351.8	1.0e-07
352.0	1.0e-07
352.2	1.0e-07
352.4	1.0e-07
352.6	1.0e-07
352.8	1.0e-07
353.0	1.0e-07
353.2	1.0e-07
353.4	1.0e-07
353.6	1.0e-07
353.8	1.0e-07
354.0	1.0e-07
354.2	1.1586e-07
354.4	1.3423e-07
354.6	1.5551e-07
354.8	1.8017e-07
355.0	2.0874e-07
355.2	2.4184e-07
355.4	2.8018e-07
355.6	3.2461e-07
355.8	3.7608e-07
356.0	4.3571e-07
356.2	5.048e-07
356.4	5.8485e-07
356.6	6.7758e-07
356.8	7.8502e-07
357.0	9.095e-07
357.2	1.0537e-06
357.4	1.2208e-06
357.6	1.4144e-06
357.8	1.6386e-06
358.0	1.8985e-06
358.2	2.1995e-06
358.4	2.5483e-06
358.6	2.9523e-06
358.8	3.4205e-06
359.0	3.9628e-06
359.2	4.5912e-06
359.4	5.3192e-06
359.6	6.1626e-06
359.8	7.1398e-06
360.0	8.2719e-06
360.2	9.5835e-06
360.4	1.0322e-05
360.6	1.1079e-05
360.8	1.1892e-05
361.0	1.2764e-05
361.2	1.37e-05
361.4	1.4705e-05
361.6	1.5783e-05
361.8	1.6941e-05
362.0	1.8184e-05
362.2	1.9517e-05
362.4	2.0949e-05
362.6	2.2485e-05
362.8	2.4135e-05
363.0	2.5905e-05
363.2	2.7805e-05
363.4	2.9844e-05
363.6	3.2033e-05
363.8	3.4383e-05
364.0	3.6905e-05
364.2	3.9611e-05
364.4	4.2517e-05
364.6	4.5635e-05
364.8	4.8982e-05
365.0	4.6434e-05
365.2	3.5944e-05
365.4	2.7823e-05
365.6	2.1538e-05
365.8	1.6672e-05
366.0	1.2905e-05
366.2	9.9898e-06
366.4	7.7329e-06
366.6	5.9859e-06
366.8	4.6336e-06
367.0	3.5867e-06
367.2	2.7764e-06
367.4	2.1492e-06
367.6	1.6636e-06
367.8	1.2878e-06
368.0	9.9685e-07
368.2	7.7164e-07
368.4	6.2054e-07
368.6	6.5178e-07
368.8	6.8459e-07
369.0	7.1905e-07
369.2	7.5525e-07
369.4	7.9327e-07
369.6	8.332e-07
369.8	8.7514e-07
370.0	9.192e-07
370.2	9.6547e-07
370.4	1.0141e-06
370.6	1.0651e-06
370.8	1.1187e-06
371.0	1.1751e-06
371.2	1.2342e-06
371.4	1.2963e-06
371.6	1.3616e-06
371.8	1.4301e-06
372.0	1.5021e-06
372.2	1.5777e-06
372.4	1.6572e-06
372.6	1.7406e-06
372.8	1.8282e-06
373.0	1.9202e-06
373.2	1.7702e-06
373.4	1.6032e-06
373.6	1.4519e-06
373.8	1.3149e-06
374.0	1.1908e-06
374.2	1.0785e-06
374.4	9.767e-07
374.6	8.8454e-07
374.8	8.0107e-07
375.0	7.2548e-07
375.2	6.5702e-07
375.4	5.9502e-07
375.6	5.3888e-07
375.8	4.8803e-07
376.0	4.4198e-07
376.2	4.0027e-07
376.4	3.625e-07
376.6	3.2829e-07
376.8	2.9731e-07
377.0	2.6926e-07
377.2	2.4385e-07
377.4	2.2084e-07
377.6	2.0e-07
377.8	1.8965e-07
378.0	1.8435e-07
378.2	1.7919e-07
378.4	1.7418e-07
378.6	1.6931e-07
378.8	1.6458e-07
379.0	1.5998e-07
379.2	1.555e-07
379.4	1.5115e-07
379.6	1.4693e-07
379.8	1.4282e-07
380.0	1.3882e-07
380.2	1.3494e-07
380.4	1.3117e-07
380.6	1.275e-07
380.8	1.2393e-07
381.0	1.2047e-07
381.2	1.171e-07
381.4	1.1382e-07
381.6	1.1064e-07
381.8	1.0755e-07
382.0	1.0454e-07
382.2	1.0162e-07
382.4	1.0e-07
382.6	1.0e-07
382.8	1.0e-07
383.0	1.0e-07
383.2	1.0e-07
383.4	1.0e-07
383.6	1.0e-07
383.8	1.0e-07
384.0	1.0e-07
384.2	1.0e-07
384.4	1.0e-07
384.6	1.0e-07
384.8	1.0e-07
385.0	1.0e-07
385.2	1.0e-07
385.4	1.0e-07
385.6	1.0e-07
385.8	1.0e-07
386.0	1.0e-07
386.2	1.0e-07
386.4	1.0e-07
386.6	1.0e-07
386.8	1.0e-07
387.0	1.0e-07
387.2	1.0e-07
387.4	1.0e-07
387.6	1.0e-07
387.8	1.0e-07
388.0	1.0e-07
388.2	1.0e-07
388.4	1.0e-07
388.6	1.0e-07
388.8	1.0e-07
389.0	1.0e-07
389.2	1.0e-07
389.4	1.0e-07
389.6	1.0e-07
389.8	1.0e-07
390.0	1.0e-07
390.2	1.0e-07
390.4	1.0e-07
390.6	1.0e-07
390.8	1.0e-07
391.0	1.0e-07
391.2	1.0e-07
391.4	1.0e-07
391.6	1.0025e-07
391.8	1.0668e-07
392.0	1.1352e-07
392.2	1.1196e-07
392.4	1.1043e-07
392.6	1.0892e-07
392.8	1.0744e-07
393.0	1.0597e-07
393.2	1.0452e-07
393.4	1.0309e-07
393.6	1.0168e-07
393.8	1.0029e-07
394.0	1.0283e-07
394.2	1.0653e-07
394.4	1.1036e-07
394.6	1.1433e-07
394.8	1.1844e-07
395.0	1.227e-07
395.2	1.2712e-07
395.4	1.3169e-07
395.6	1.3643e-07
395.8	1.4133e-07
396.0	1.4642e-07
396.2	1.5168e-07
396.4	1.5714e-07
396.6	1.6279e-07
396.8	1.6865e-07
397.0	1.7472e-07
397.2	1.81e-07
397.4	1.8751e-07
397.6	1.9463e-07
397.8	2.0335e-07
398.0	2.1246e-07
398.2	2.2198e-07
398.4	2.3192e-07
398.6	2.4231e-07
398.8	2.5316e-07
399.0	2.645e-07
399.2	2.7635e-07
399.4	2.8872e-07
399.6	3.0165e-07
399.8	3.1517e-07
400.0	3.2928e-07
400.2	3.4403e-07
400.4	3.5944e-07
400.6	3.7554e-07
400.8	3.9236e-07
401.0	4.0993e-07
401.2	4.2829e-07
401.4	4.4291e-07
401.6	4.5587e-07
401.8	4.692e-07
402.0	4.8293e-07
402.2	4.9706e-07
402.4	5.116e-07
402.6	5.2657e-07
402.8	5.4198e-07
403.0	5.5783e-07
403.2	5.7415e-07
403.4	5.9095e-07
403.6	6.0824e-07
403.8	6.2603e-07
404.0	6.4435e-07
404.2	6.632e-07
404.4	6.826e-07
404.6	7.0257e-07
404.8	7.2313e-07
405.0	7.2965e-07
405.2	6.5489e-07
405.4	5.8779e-07
405.6	5.2756e-07
405.8	4.7351e-07
406.0	4.2499e-07
406.2	3.8145e-07
406.4	3.4236e-07
406.6	3.0729e-07
406.8	2.758e-07
407.0	2.4754e-07
407.2	2.2218e-07
407.4	1.9941e-07
407.6	1.7898e-07
407.8	1.6064e-07
408.0	1.4418e-07
408.2	1.2941e-07
408.4	1.1615e-07
408.6	1.0425e-07
408.8	1.0e-07
409.0	1.0e-07
409.2	1.0e-07
409.4	1.0e-07
409.6	1.0e-07
409.8	1.0e-07
410.0	1.0e-07
410.2	1.0e-07
410.4	1.0e-07
410.6	1.0e-07
410.8	1.0e-07
411.0	1.0e-07
411.2	1.0e-07
411.4	1.0e-07
411.6	1.0e-07
411.8	1.0e-07
412.0	1.0e-07
412.2	1.0e-07
412.4	1.0e-07
412.6	1.0e-07
412.8	1.0e-07
413.0	1.0e-07
413.2	1.0e-07
413.4	1.0e-07
413.6	1.0e-07
413.8	1.0e-07
414.0	1.0e-07
414.2	1.0e-07
414.4	1.0e-07
414.6	1.0e-07
414.8	1.0e-07
415.0	1.0e-07
415.2	1.0e-07
415.4	1.0e-07
415.6	1.0e-07
415.8	1.0e-07
416.0	1.0e-07
416.2	1.0e-07
416.4	1.0e-07
416.6	1.0e-07
416.8	1.0e-07
417.0	1.0e-07
417.2	1.0e-07
417.4	1.0e-07
417.6	1.0e-07
417.8	1.0e-07
418.0	1.0e-07
418.2	1.0e-07
418.4	1.0e-07
418.6	1.0e-07
418.8	1.0e-07
419.0	1.0e-07
419.2	1.0e-07
419.4	1.0e-07
419.6	1.0e-07
419.8	1.0e-07
420.0	1.0e-07
420.2	1.0e-07
420.4	1.0e-07
420.6	1.0e-07
420.8	1.0e-07
421.0	1.0e-07
421.2	1.0e-07
421.4	1.0e-07
421.6	1.0e-07
421.8	1.0e-07
422.0	1.0e-07
422.2	1.0e-07
422.4	1.0e-07
422.6	1.0e-07
422.8	1.0e-07
423.0	1.0e-07
423.2	1.0e-07
423.4	1.0e-07
423.6	1.0e-07
423.8	1.0e-07
424.0	1.0e-07
424.2	1.0e-07
424.4	1.0e-07
424.6	1.0e-07
424.8	1.0e-07
425.0	1.0e-07
425.2	1.0e-07
425.4	1.0e-07
425.6	1.0e-07
425.8	1.0e-07
426.0	1.0e-07
426.2	1.0e-07
426.4	1.0e-07
426.6	1.0e-07
426.8	1.0e-07
427.0	1.0e-07
427.2	1.0e-07
427.4	1.0e-07
427.6	1.0e-07
427.8	1.0e-07
428.0	1.0e-07
428.2	1.0e-07
428.4	1.0e-07
428.6	1.0e-07
428.8	1.0e-07
429.0	1.0e-07
429.2	1.0e-07
429.4	1.0e-07
429.6	1.0e-07
429.8	1.0e-07
430.0	1.0e-07
430.2	1.0e-07
430.4	1.0e-07
430.6	1.0e-07
430.8	1.0e-07
431.0	1.0e-07
431.2	1.0e-07
431.4	1.0e-07
431.6	1.0e-07
431.8	1.0e-07
432.0	1.0e-07
432.2	1.0e-07
432.4	1.0e-07
432.6	1.0e-07
432.8	1.0e-07
433.0	1.0e-07
433.2	1.0e-07
433.4	1.0e-07
433.6	1.0e-07
433.8	1.0e-07
434.0	1.0e-07
434.2	1.0e-07
434.4	1.0e-07
434.6	1.0e-07
434.8	1.0e-07
435.0	1.0e-07
435.2	1.0e-07
435.4	1.0e-07
435.6	1.0e-07
435.8	1.0e-07
436.0	1.0e-07
436.2	1.0e-07
436.4	1.0e-07
436.6	1.0e-07
436.8	1.0e-07
437.0	1.0e-07
437.2	1.0e-07
437.4	1.0e-07
437.6	1.0e-07
437.8	1.0e-07
438.0	1.0e-07
438.2	1.0e-07
438.4	1.0e-07
438.6	1.0e-07
438.8	1.0e-07
439.0	1.0e-07
439.2	1.0e-07
439.4	1.0e-07
439.6	1.0e-07
439.8	1.0e-07
440.0	1.0e-07
440.2	1.0e-07
440.4	1.0e-07
440.6	1.0e-07
440.8	1.0e-07
441.0	1.0e-07
441.2	1.0e-07
441.4	1.0e-07
441.6	1.0e-07
441.8	1.0e-07
442.0	1.0e-07
442.2	1.0e-07
442.4	1.0484e-07
442.6	1.1143e-07
442.8	1.1843e-07
443.0	1.2587e-07
443.2	1.3378e-07
443.4	1.4219e-07
443.6	1.5113e-07
443.8	1.6062e-07
444.0	1.7072e-07
444.2	1.8145e-07
444.4	1.9285e-07
444.6	2.0497e-07
444.8	2.1785e-07
445.0	2.3154e-07
445.2	2.4609e-07
445.4	2.6156e-07
445.6	2.78e-07
445.8	2.9547e-07
446.0	3.0573e-07
446.2	2.9528e-07
446.4	2.8519e-07
446.6	2.7544e-07
446.8	2.6602e-07
447.0	2.5693e-07
447.2	2.4815e-07
447.4	2.3966e-07
447.6	2.3147e-07
447.8	2.2356e-07
448.0	2.1592e-07
448.2	2.0853e-07
448.4	2.0141e-07
448.6	1.9452e-07
448.8	1.8787e-07
449.0	1.8145e-07
449.2	1.7525e-07
449.4	1.6926e-07
449.6	1.6347e-07
449.8	1.7709e-07
450.0	1.976e-07
450.2	2.2049e-07
450.4	2.4603e-07
450.6	2.7453e-07
450.8	3.0633e-07
451.0	3.4182e-07
451.2	3.8141e-07
451.4	4.256e-07
451.6	4.749e-07
451.8	5.2991e-07
452.0	5.9129e-07
452.2	6.5978e-07
452.4	7.3621e-07
452.6	8.2149e-07
452.8	9.1666e-07
453.0	1.0228e-06
453.2	1.1413e-06
453.4	1.1759e-06
453.6	1.0265e-06
453.8	8.9609e-07
454.0	7.8225e-07
454.2	6.8287e-07
454.4	5.9612e-07
454.6	5.2039e-07
454.8	4.5428e-07
455.0	3.9657e-07
455.2	3.4619e-07
455.4	3.0221e-07
455.6	2.6382e-07
455.8	2.303e-07
456.0	2.0104e-07
456.2	1.755e-07
456.4	1.5321e-07
456.6	1.3374e-07
456.8	1.1675e-07
457.0	1.0192e-07
457.2	1.0e-07
457.4	1.0e-07
457.6	1.0e-07
457.8	1.0e-07
458.0	1.0e-07
458.2	1.0e-07
458.4	1.0e-07
458.6	1.0e-07
458.8	1.0e-07
459.0	1.0e-07
459.2	1.0e-07
459.4	1.0e-07
459.6	1.0e-07
459.8	1.0e-07
460.0	1.0e-07
460.2	1.0e-07
460.4	1.0e-07
460.6	1.0e-07
460.8	1.0e-07
461.0	1.0e-07
461.2	1.0e-07
461.4	1.0e-07
461.6	1.0e-07
461.8	1.0e-07
462.0	1.0e-07
462.2	1.0e-07
462.4	1.0e-07
462.6	1.0e-07
462.8	1.0e-07
463.0	1.0e-07
463.2	1.0e-07
463.4	1.0e-07
463.6	1.0e-07
463.8	1.0e-07
464.0	1.0e-07
464.2	1.0e-07
464.4	1.0e-07
464.6	1.0e-07
464.8	1.0e-07
465.0	1.0e-07
465.2	1.0e-07
465.4	1.0e-07
465.6	1.0e-07
465.8	1.0e-07
466.0	1.0e-07
466.2	1.0e-07
466.4	1.0e-07
466.6	1.0e-07
466.8	1.0e-07
467.0	1.0e-07
467.2	1.0e-07
467.4	1.0e-07
467.6	1.0e-07
467.8	1.0e-07
468.0	1.0e-07
468.2	1.0e-07
468.4	1.0e-07
468.6	1.0e-07
468.8	1.0e-07
469.0	1.0e-07
469.2	1.0e-07
469.4	1.0e-07
469.6	1.0e-07
469.8	1.0e-07
470.0	1.0e-07
470.2	1.0e-07
470.4	1.0e-07
470.6	1.0e-07
470.8	1.0e-07
471.0	1.0e-07
471.2	1.0e-07
471.4	1.0e-07
471.6	1.0e-07
471.8	1.0e-07
472.0	1.0e-07
472.2	1.0e-07
472.4	1.0e-07
472.6	1.0e-07
472.8	1.0e-07
473.0	1.0e-07
473.2	1.0e-07
473.4	1.0e-07
473.6	1.0e-07
473.8	1.0e-07
474.0	1.0e-07
474.2	1.0e-07
474.4	1.0e-07
474.6	1.0e-07
474.8	1.0e-07
475.0	1.0e-07
475.2	1.0e-07
475.4	1.0e-07
475.6	1.0e-07
475.8	1.0e-07
476.0	1.0e-07
476.2	1.0e-07
476.4	1.0e-07
476.6	1.0e-07
476.8	1.0e-07
477.0	1.0e-07
477.2	1.0e-07
477.4	1.0e-07
477.6	1.0e-07
477.8	1.0e-07
478.0	1.0e-07
478.2	1.0e-07
478.4	1.0e-07
478.6	1.0e-07
478.8	1.0e-07
479.0	1.0e-07
479.2	1.0e-07
479.4	1.0e-07
479.6	1.0e-07
479.8	1.0e-07
480.0	1.0e-07
480.2	1.0e-07
480.4	1.0e-07
480.6	1.0e-07
480.8	1.0e-07
481.0	1.0e-07
481.2	1.0e-07
481.4	1.0e-07
481.6	1.0e-07
481.8	1.0e-07
482.0	1.0e-07
482.2	1.0e-07
482.4	1.0e-07
482.6	1.0e-07
482.8	1.0e-07
483.0	1.0e-07
483.2	1.0e-07
483.4	1.0e-07
483.6	1.0e-07
483.8	1.0e-07
484.0	1.0e-07
484.2	1.0e-07
484.4	1.0e-07
484.6	1.0e-07
484.8	1.0e-07
485.0	1.0e-07
485.2	1.0e-07
485.4	1.0e-07
485.6	1.0e-07
485.8	1.0e-07
486.0	1.0e-07
486.2	1.0e-07
486.4	1.0e-07
486.6	1.0e-07
486.8	1.0e-07
487.0	1.0e-07
487.2	1.0e-07
487.4	1.0e-07
487.6	1.0e-07
487.8	1.0e-07
488.0	1.0e-07
488.2	1.0e-07
488.4	1.0e-07
488.6	1.0e-07
488.8	1.0e-07
489.0	1.0e-07
489.2	1.0e-07
489.4	1.0e-07
489.6	1.0e-07
489.8	1.0e-07
490.0	1.0e-07
490.2	1.0e-07
490.4	1.0e-07
490.6	1.0e-07
490.8	1.0e-07
491.0	1.0e-07
491.2	1.0e-07
491.4	1.0e-07
491.6	1.0e-07
491.8	1.0e-07
492.0	1.0e-07
492.2	1.0e-07
492.4	1.0e-07
492.6	1.0e-07
492.8	1.0e-07
493.0	1.0e-07
493.2	1.0e-07
493.4	1.0e-07
493.6	1.0e-07
493.8	1.0e-07
494.0	1.0e-07
494.2	1.0e-07
494.4	1.0e-07
494.6	1.0e-07
494.8	1.0e-07
495.0	1.0e-07
495.2	1.0e-07
495.4	1.0e-07
495.6	1.0e-07
495.8	1.0e-07
496.0	1.0e-07
496.2	1.0e-07
496.4	1.0e-07
496.6	1.0e-07
496.8	1.0e-07
497.0	1.0e-07
497.2	1.0e-07
497.4	1.0e-07
497.6	1.0e-07
497.8	1.0e-07
498.0	1.0e-07
498.2	1.0e-07
498.4	1.0e-07
498.6	1.0e-07
498.8	1.0e-07
499.0	1.0e-07
499.2	1.0e-07
499.4	1.0e-07
499.6	1.0e-07
499.8	1.0e-07
500.0	1.0e-07
500.2	1.0e-07
500.4	1.0e-07
500.6	1.0e-07
500.8	1.0e-07
501.0	1.0e-07
501.2	1.0e-07
501.4	1.0e-07
501.6	1.0e-07
501.8	1.0e-07
502.0	1.0e-07
502.2	1.0e-07
502.4	1.0e-07
502.6	1.0e-07
502.8	1.0e-07
503.0	1.0e-07
503.2	1.0e-07
503.4	1.0e-07
503.6	1.0e-07
503.8	1.0e-07
504.0	1.0e-07
504.2	1.0e-07
504.4	1.0e-07
504.6	1.0e-07
504.8	1.0e-07
505.0	1.0e-07
505.2	1.0e-07
505.4	1.0e-07
505.6	1.0e-07
505.8	1.0e-07
506.0	1.0e-07
506.2	1.0e-07
506.4	1.0e-07
506.6	1.0e-07
506.8	1.0e-07
507.0	1.0e-07
507.2	1.0e-07
507.4	1.0e-07
507.6	1.0e-07
507.8	1.0e-07
508.0	1.0e-07
508.2	1.0e-07
508.4	1.0e-07
508.6	1.0e-07
508.8	1.0e-07
509.0	1.0e-07
509.2	1.0e-07
509.4	1.0e-07
509.6	1.0e-07
509.8	1.0e-07
510.0	1.0e-07
510.2	1.0e-07
510.4	1.0e-07
510.6	1.0e-07
510.8	1.0e-07
511.0	1.0e-07
511.2	1.0e-07
511.4	1.0e-07
511.6	1.0e-07
511.8	1.0e-07
512.0	1.0e-07
512.2	1.0e-07
512.4	1.0e-07
512.6	1.0e-07
512.8	1.0e-07
513.0	1.0e-07
513.2	1.0e-07
513.4	1.0e-07
513.6	1.0e-07
513.8	1.0e-07
514.0	1.0e-07
514.2	1.0e-07
514.4	1.0e-07
514.6	1.0e-07
514.8	1.0e-07
515.0	1.0e-07
515.2	1.0e-07
515.4	1.0e-07
515.6	1.0e-07
515.8	1.0e-07
516.0	1.0e-07
516.2	1.0e-07
516.4	1.0e-07
516.6	1.0e-07
516.8	1.0e-07
517.0	1.0e-07
517.2	1.0e-07
517.4	1.0e-07
517.6	1.0e-07
517.8	1.0e-07
518.0	1.0e-07
518.2	1.0e-07
518.4	1.0e-07
518.6	1.0e-07
518.8	1.0e-07
519.0	1.0e-07
519.2	1.0e-07
519.4	1.0e-07
519.6	1.0e-07
519.8	1.0e-07
520.0	1.0e-07
520.2	1.0e-07
520.4	1.0e-07
520.6	1.0e-07
520.8	1.0e-07
521.0	1.0e-07
521.2	1.0e-07
521.4	1.0e-07
521.6	1.0e-07
521.8	1.0e-07
522.0	1.0e-07
522.2	1.0e-07
522.4	1.0e-07
522.6	1.0e-07
522.8	1.0e-07
523.0	1.0e-07
523.2	1.0e-07
523.4	1.0e-07
523.6	1.0e-07
523.8	1.0e-07
524.0	1.0e-07
524.2	1.0e-07
524.4	1.0e-07
524.6	1.0e-07
524.8	1.0e-07
525.0	1.0e-07
525.2	1.0e-07
525.4	1.0e-07
525.6	1.0e-07
525.8	1.0e-07
526.0	1.0e-07
526.2	1.0e-07
526.4	1.0e-07
526.6	1.0e-07
526.8	1.0e-07
527.0	1.0e-07
527.2	1.0e-07
527.4	1.0e-07
527.6	1.0e-07
527.8	1.0e-07
528.0	1.0e-07
528.2	1.0e-07
528.4	1.0e-07
528.6	1.0e-07
528.8	1.0e-07
529.0	1.0e-07
529.2	1.0e-07
529.4	1.0e-07
529.6	1.0e-07
529.8	1.0e-07
530.0	1.0e-07
530.2	1.0e-07
530.4	1.0e-07
530.6	1.0e-07
530.8	1.0e-07
531.0	1.0e-07
531.2	1.0e-07
531.4	1.0e-07
531.6	1.0e-07
531.8	1.0e-07
532.0	1.0e-07
532.2	1.0e-07
532.4	1.0e-07
532.6	1.0e-07
532.8	1.0e-07
533.0	1.0e-07
533.2	1.0e-07
533.4	1.0e-07
533.6	1.0e-07
533.8	1.0e-07
534.0	1.0e-07
534.2	1.0e-07
534.4	1.0e-07
534.6	1.0e-07
534.8	1.0e-07
535.0	1.0e-07
535.2	1.0e-07
535.4	1.0e-07
535.6	1.0e-07
535.8	1.0e-07
536.0	1.0e-07
536.2	1.0e-07
536.4	1.0e-07
536.6	1.0e-07
536.8	1.0e-07
537.0	1.0e-07
537.2	1.0e-07
537.4	1.0e-07
537.6	1.0e-07
537.8	1.0e-07
538.0	1.0e-07
538.2	1.0e-07
538.4	1.0e-07
538.6	1.0e-07
538.8	1.0e-07
539.0	1.0e-07
539.2	1.0e-07
539.4	1.0e-07
539.6	1.0e-07
539.8	1.0e-07
540.0	1.0e-07
540.2	1.0e-07
540.4	1.0e-07
540.6	1.0e-07
540.8	1.0e-07
541.0	1.0e-07
541.2	1.0e-07
541.4	1.0e-07
541.6	1.0e-07
541.8	1.0e-07
542.0	1.0e-07
542.2	1.0e-07
542.4	1.0e-07
542.6	1.0e-07
542.8	1.0e-07
543.0	1.0e-07
543.2	1.0e-07
543.4	1.0e-07
543.6	1.0e-07
543.8	1.0e-07
544.0	1.0e-07
544.2	1.0e-07
544.4	1.0e-07
544.6	1.0e-07
544.8	1.0e-07
545.0	1.0e-07
545.2	1.0e-07
545.4	1.0e-07
545.6	1.0e-07
545.8	1.0e-07
546.0	1.0e-07
546.2	1.0e-07
546.4	1.0e-07
546.6	1.0e-07
546.8	1.0e-07
547.0	1.0e-07
547.2	1.0e-07
547.4	1.0e-07
547.6	1.0e-07
547.8	1.0e-07
548.0	1.0e-07
548.2	1.0e-07
548.4	1.0e-07
548.6	1.0e-07
548.8	1.0e-07
549.0	1.0e-07
549.2	1.0e-07
549.4	1.0e-07
549.6	1.0e-07
549.8	1.0e-07
550.0	1.0e-07
550.2	1.0e-07
550.4	1.0e-07
550.6	1.0e-07
550.8	1.0e-07
551.0	1.0e-07
551.2	1.0e-07
551.4	1.0e-07
551.6	1.0e-07
551.8	1.0e-07
552.0	1.0e-07
552.2	1.0e-07
552.4	1.0e-07
552.6	1.0e-07
552.8	1.0e-07
553.0	1.0e-07
553.2	1.0e-07
553.4	1.0e-07
553.6	1.0e-07
553.8	1.0e-07
554.0	1.0e-07
554.2	1.0e-07
554.4	1.0e-07
554.6	1.0e-07
554.8	1.0e-07
555.0	1.0e-07
555.2	1.0e-07
555.4	1.0e-07
555.6	1.0e-07
555.8	1.0e-07
556.0	1.0e-07
556.2	1.0e-07
556.4	1.0e-07
556.6	1.0e-07
556.8	1.0e-07
557.0	1.0e-07
557.2	1.0e-07
557.4	1.0e-07
557.6	1.0e-07
557.8	1.0e-07
558.0	1.0e-07
558.2	1.0e-07
558.4	1.0e-07
558.6	1.0e-07
558.8	1.0e-07
559.0	1.0e-07
559.2	1.0e-07
559.4	1.0e-07
559.6	1.0e-07
559.8	1.0e-07
560.0	1.0e-07
560.2	1.0e-07
560.4	1.0e-07
560.6	1.0e-07
560.8	1.0e-07
561.0	1.0e-07
561.2	1.0e-07
561.4	1.0e-07
561.6	1.0e-07
561.8	1.0e-07
562.0	1.0e-07
562.2	1.0e-07
562.4	1.0e-07
562.6	1.0e-07
562.8	1.0e-07
563.0	1.0e-07
563.2	1.0e-07
563.4	1.0e-07
563.6	1.0e-07
563.8	1.0e-07
564.0	1.0e-07
564.2	1.0e-07
564.4	1.0e-07
564.6	1.0e-07
564.8	1.0e-07
565.0	1.0e-07
565.2	1.0e-07
565.4	1.0e-07
565.6	1.0e-07
565.8	1.0e-07
566.0	1.0e-07
566.2	1.0e-07
566.4	1.0e-07
566.6	1.0e-07
566.8	1.0e-07
567.0	1.0e-07
567.2	1.0e-07
567.4	1.0e-07
567.6	1.0e-07
567.8	1.0e-07
568.0	1.0e-07
568.2	1.0e-07
568.4	1.0e-07
568.6	1.0e-07
568.8	1.0e-07
569.0	1.0e-07
569.2	1.0e-07
569.4	1.0e-07
569.6	1.0e-07
569.8	1.0e-07
570.0	1.0e-07
570.2	1.0e-07
570.4	1.0e-07
570.6	1.0e-07
570.8	1.0e-07
571.0	1.0e-07
571.2	1.0e-07
571.4	1.0e-07
571.6	1.0e-07
571.8	1.0e-07
572.0	1.0e-07
572.2	1.0e-07
572.4	1.0e-07
572.6	1.0e-07
572.8	1.0e-07
573.0	1.0e-07
573.2	1.0e-07
573.4	1.0e-07
573.6	1.0e-07
573.8	1.0e-07
574.0	1.0e-07
574.2	1.0e-07
574.4	1.0e-07
574.6	1.0e-07
574.8	1.0e-07
575.0	1.0e-07
575.2	1.0e-07
575.4	1.0e-07
575.6	1.0e-07
575.8	1.0e-07
576.0	1.0e-07
576.2	1.0e-07
576.4	1.0e-07
576.6	1.0e-07
576.8	1.0e-07
577.0	1.0e-07
577.2	1.0e-07
577.4	1.0e-07
577.6	1.0e-07
577.8	1.0e-07
578.0	1.0e-07
578.2	1.0e-07
578.4	1.0e-07
578.6	1.0e-07
578.8	1.0e-07
579.0	1.0e-07
579.2	1.0e-07
579.4	1.0e-07
579.6	1.0e-07
579.8	1.0e-07
580.0	1.0e-07
580.2	1.0e-07
580.4	1.0e-07
580.6	1.0e-07
580.8	1.0e-07
581.0	1.0e-07
581.2	1.0e-07
581.4	1.0e-07
581.6	1.0e-07
581.8	1.0e-07
582.0	1.0e-07
582.2	1.0e-07
582.4	1.0e-07
582.6	1.0e-07
582.8	1.0e-07
583.0	1.0e-07
583.2	1.0e-07
583.4	1.0e-07
583.6	1.0e-07
583.8	1.0e-07
584.0	1.0e-07
584.2	1.0e-07
584.4	1.0e-07
584.6	1.0e-07
584.8	1.0e-07
585.0	1.0e-07
585.2	1.0e-07
585.4	1.0e-07
585.6	1.0e-07
585.8	1.0e-07
586.0	1.0e-07
586.2	1.0e-07
586.4	1.0e-07
586.6	1.0e-07
586.8	1.0e-07
587.0	1.0e-07
587.2	1.0e-07
587.4	1.0e-07
587.6	1.0e-07
587.8	1.0e-07
588.0	1.0e-07
588.2	1.0e-07
588.4	1.0e-07
588.6	1.0e-07
588.8	1.0e-07
589.0	1.0e-07
589.2	1.0e-07
589.4	1.0e-07
589.6	1.0e-07
589.8	1.0e-07
590.0	1.0e-07
590.2	1.0e-07
590.4	1.0e-07
590.6	1.0e-07
590.8	1.0e-07
591.0	1.0e-07
591.2	1.0e-07
591.4	1.0e-07
591.6	1.0e-07
591.8	1.0e-07
592.0	1.0e-07
592.2	1.0e-07
592.4	1.0e-07
592.6	1.0e-07
592.8	1.0e-07
593.0	1.0e-07
593.2	1.0e-07
593.4	1.0e-07
593.6	1.0e-07
593.8	1.0e-07
594.0	1.0e-07
594.2	1.0e-07
594.4	1.0e-07
594.6	1.0e-07
594.8	1.0e-07
595.0	1.0e-07
595.2	1.0e-07
595.4	1.0e-07
595.6	1.0e-07
595.8	1.0e-07
596.0	1.0e-07
596.2	1.0e-07
596.4	1.0e-07
596.6	1.0e-07
596.8	1.0e-07
597.0	1.0e-07
597.2	1.0e-07
597.4	1.0e-07
597.6	1.0e-07
597.8	1.0e-07
598.0	1.0e-07
598.2	1.0e-07
598.4	1.0e-07
598.6	1.0e-07
598.8	1.0e-07
599.0	1.0e-07
599.2	1.0e-07
599.4	1.0e-07
599.6	1.0e-07
599.8	1.0e-07
600.0	1.0e-07
600.2	1.0e-07
600.4	1.0e-07
600.6	1.0e-07
600.8	1.0e-07
601.0	1.0e-07
601.2	1.0e-07
601.4	1.0e-07
601.6	1.0e-07
601.8	1.0e-07
602.0	1.0e-07
602.2	1.0014e-07
602.4	1.0031e-07
602.6	1.0048e-07
602.8	1.0066e-07
603.0	1.0083e-07
603.2	1.01e-07
603.4	1.0117e-07
603.6	1.0134e-07
603.8	1.0152e-07
604.0	1.0169e-07
604.2	1.0186e-07
604.4	1.0204e-07
604.6	1.0221e-07
604.8	1.0239e-07
605.0	1.0256e-07
605.2	1.0273e-07
605.4	1.0291e-07
605.6	1.0309e-07
605.8	1.0326e-07
606.0	1.0344e-07
606.2	1.0361e-07
606.4	1.0379e-07
606.6	1.0397e-07
606.8	1.0414e-07
607.0	1.0458e-07
607.2	1.0783e-07
607.4	1.1119e-07
607.6	1.1465e-07
607.8	1.1821e-07
608.0	1.2189e-07
608.2	1.2568e-07
608.4	1.2959e-07
608.6	1.3363e-07
608.8	1.3778e-07
609.0	1.4207e-07
609.2	1.4649e-07
609.4	1.5105e-07
609.6	1.5575e-07
609.8	1.6059e-07
610.0	1.6559e-07
610.2	1.7074e-07
610.4	1.7605e-07
610.6	1.8153e-07
610.8	1.8717e-07
611.0	1.93e-07
611.2	1.99e-07
611.4	2.0519e-07
611.6	2.1158e-07
611.8	2.1816e-07
612.0	2.2291e-07
612.2	2.2379e-07
612.4	2.2467e-07
612.6	2.2555e-07
612.8	2.2644e-07
613.0	2.2733e-07
613.2	2.2822e-07
613.4	2.2912e-07
613.6	2.3002e-07
613.8	2.3093e-07
614.0	2.3183e-07
614.2	2.3274e-07
614.4	2.3366e-07
614.6	2.3458e-07
614.8	2.355e-07
615.0	2.3643e-07
615.2	2.3736e-07
615.4	2.3829e-07
615.6	2.3923e-07
615.8	2.4017e-07
616.0	2.4111e-07
616.2	2.4206e-07
616.4	2.4301e-07
616.6	2.4397e-07
616.8	2.4493e-07
617.0	2.4496e-07
617.2	2.4433e-07
617.4	2.4371e-07
617.6	2.4308e-07
617.8	2.4246e-07
618.0	2.4184e-07
618.2	2.4122e-07
618.4	2.406e-07
618.6	2.3999e-07
618.8	2.3937e-07
619.0	2.3876e-07
619.2	2.3815e-07
619.4	2.3754e-07
619.6	2.3693e-07
619.8	2.3632e-07
620.0	2.3572e-07
620.2	2.3511e-07
620.4	2.3451e-07
620.6	2.3391e-07
620.8	2.3331e-07
621.0	2.3271e-07
621.2	2.3212e-07
621.4	2.3152e-07
621.6	2.3093e-07
621.8	2.3034e-07
622.0	2.3194e-07
622.2	2.34e-07
622.4	2.3607e-07
622.6	2.3816e-07
622.8	2.4027e-07
623.0	2.424e-07
623.2	2.4455e-07
623.4	2.4671e-07
623.6	2.489e-07
623.8	2.511e-07
624.0	2.5332e-07
624.2	2.5557e-07
624.4	2.5783e-07
624.6	2.6011e-07
624.8	2.6242e-07
625.0	2.6474e-07
625.2	2.6709e-07
625.4	2.6945e-07
625.6	2.7184e-07
625.8	2.7424e-07
626.0	2.7667e-07
626.2	2.7912e-07
626.4	2.816e-07
626.6	2.8409e-07
626.8	2.8624e-07
627.0	2.8419e-07
627.2	2.8217e-07
627.4	2.8015e-07
627.6	2.7815e-07
627.8	2.7616e-07
628.0	2.7419e-07
628.2	2.7224e-07
628.4	2.7029e-07
628.6	2.6836e-07
628.8	2.6645e-07
629.0	2.6454e-07
629.2	2.6265e-07
629.4	2.6078e-07
629.6	2.5892e-07
629.8	2.5707e-07
630.0	2.5523e-07
630.2	2.5341e-07
630.4	2.5364e-07
630.6	2.5815e-07
630.8	2.6274e-07
631.0	2.6741e-07
631.2	2.7217e-07
631.4	2.7701e-07
631.6	2.8193e-07
631.8	2.8695e-07
632.0	2.9205e-07
632.2	2.9724e-07
632.4	3.0253e-07
632.6	3.0791e-07
632.8	3.1338e-07
633.0	3.1896e-07
633.2	3.2463e-07
633.4	3.304e-07
633.6	3.3628e-07
633.8	3.4226e-07
634.0	3.4588e-07
634.2	3.4913e-07
634.4	3.524e-07
634.6	3.5571e-07
634.8	3.5904e-07
635.0	3.6241e-07
635.2	3.6581e-07
635.4	3.6924e-07
635.6	3.727e-07
635.8	3.762e-07
636.0	3.538e-07
636.2	2.9575e-07
636.4	2.4722e-07
636.6	2.0665e-07
636.8	1.7275e-07
637.0	1.444e-07
637.2	1.2071e-07
637.4	1.009e-07
637.6	2.5933e-07
637.8	1.7237e-07
638.0	1.0e-07
638.2	1.0e-07
638.4	1.0e-07
638.6	1.0e-07
638.8	1.3639e-07
639.0	1.4892e-07
639.2	1.3449e-07
639.4	2.8936e-07
639.6	1.1725e-07
639.8	1.0e-07
640.0	1.0029e-07
640.2	1.271e-07
640.4	1.6078e-07
640.6	2.2174e-07
640.8	1.4813e-07
641.0	1.177e-07
641.2	1.6145e-07
641.4	2.6536e-07
641.6	2.9308e-07
641.8	1.0782e-07
642.0	1.2535e-07
642.2	1.0e-07
642.4	1.0e-07
642.6	2.4705e-07
642.8	2.5211e-07
643.0	1.1614e-07
643.2	1.0e-07
643.4	1.0e-07
643.6	1.1776e-07
643.8	1.588e-07
644.0	1.0e-07
644.2	1.0e-07
644.4	1.0e-07
644.6	1.0e-07
644.8	1.0e-07
645.0	1.3607e-07
645.2	1.011e-07
645.4	1.888e-07
645.6	1.1809e-07
645.8	2.2466e-07
646.0	1.0393e-07
646.2	1.0e-07
646.4	1.1222e-07
646.6	3.096e-07
646.8	3.6501e-07
647.0	1.3621e-07
647.2	1.0e-07
647.4	1.0e-07
647.6	1.0e-07
647.8	1.0e-07
648.0	1.0e-07
648.2	1.0e-07
648.4	1.0e-07
648.6	2.7883e-07
648.8	1.3401e-07
649.0	1.0264e-07
649.2	3.2355e-07
649.4	3.5994e-07
649.6	1.425e-07
649.8	1.8559e-07
650.0	1.5527e-07
650.2	1.0e-07
650.4	1.1413e-07
650.6	4.4087e-07
650.8	2.4233e-07
651.0	3.7018e-07
651.2	2.8968e-07
651.4	2.3622e-07
651.6	1.9892e-07
651.8	3.446e-07
652.0	4.2847e-07
652.2	6.8918e-07
652.4	5.7792e-07
652.6	7.3763e-07
652.8	1.1484e-06
653.0	1.3494e-06
653.2	1.6571e-06
653.4	2.8247e-06
653.6	3.4402e-06
653.8	4.5562e-06
654.0	6.5677e-06
654.2	8.9915e-06
654.4	1.4243e-05
654.6	1.8686e-05
654.8	2.6673e-05
655.0	3.8502e-05
655.2	5.7542e-05
655.4	8.759e-05
655.6	1.4692e-04
655.8	2.2513e-04
656.0	3.3966e-04
656.2	5.2882e-04
656.4	8.3983e-04
656.6	0.00141
656.8	0.00263
657.0	0.00558
657.2	0.00936
657.4	0.01631
657.6	0.03033
657.8	0.06001
658.0	0.12665
658.2	0.25126
658.4	0.46882
658.6	0.72082
658.8	0.90319
659.0	0.9748
659.2	0.97862
659.4	0.97602
659.6	0.97791
659.8	0.98381
660.0	0.98784
660.2	0.9931
660.4	0.99035
660.6	0.98317
660.8	0.9782
661.0	0.97684
661.2	0.9758
661.4	0.97673
661.6	0.98077
661.8	0.9818
662.0	0.98551
662.2	0.98971
662.4	0.99218
662.6	0.9932
662.8	0.99336
663.0	0.99015
663.2	0.98778
663.4	0.98577
663.6	0.98391
663.8	0.98454
664.0	0.98293
664.2	0.98098
664.4	0.98028
664.6	0.98297
664.8	0.98527
665.0	0.98742
665.2	0.98759
665.4	0.98569
665.6	0.98699
665.8	0.99041
666.0	0.9925
666.2	0.99108
666.4	0.98828
666.6	0.9889
666.8	0.9852
667.0	0.98629
667.2	0.98181
667.4	0.97821
667.6	0.97859
667.8	0.97786
668.0	0.97838
668.2	0.98114
668.4	0.98246
668.6	0.98265
668.8	0.98582
669.0	0.98827
669.2	0.99077
669.4	0.99126
669.6	0.99308
669.8	0.9926
670.0	0.9911
670.2	0.99078
670.4	0.99231
670.6	0.99056
670.8	0.98995
671.0	0.98739
671.2	0.98446
671.4	0.98582
671.6	0.98968
671.8	0.98554
672.0	0.98507
672.2	0.98363
672.4	0.98382
672.6	0.98607
672.8	0.98673
673.0	0.98442
673.2	0.98525
673.4	0.98768
673.6	0.99142
673.8	0.99428
674.0	0.99292
674.2	0.99163
674.4	0.99108
674.6	0.99445
674.8	0.99445
675.0	0.99418
675.2	0.9948
675.4	0.99602
675.6	0.99381
675.8	0.99424
676.0	0.99361
676.2	0.98977
676.4	0.98735
676.6	0.98624
676.8	0.98613
677.0	0.98385
677.2	0.98642
677.4	0.98693
677.6	0.98689
677.8	0.98673
678.0	0.98791
678.2	0.98904
678.4	0.99151
678.6	0.99005
678.8	0.99029
679.0	0.98973
679.2	0.99238
679.4	0.99083
679.6	0.99193
679.8	0.99357
680.0	0.99418
680.2	0.99052
680.4	0.98968
680.6	0.99137
680.8	0.992
681.0	0.99048
681.2	0.98843
681.4	0.9881
681.6	0.9858
681.8	0.98629
682.0	0.98942
682.2	0.98687
682.4	0.98571
682.6	0.98559
682.8	0.98479
683.0	0.98504
683.2	0.98989
683.4	0.98916
683.6	0.99091
683.8	0.9903
684.0	0.99096
684.2	0.98956
684.4	0.99415
684.6	0.99342
684.8	0.99205
685.0	0.99159
685.2	0.99054
685.4	0.9922
685.6	0.99281
685.8	0.99433
686.0	0.99457
686.2	0.99302
686.4	0.99086
686.6	0.99101
686.8	0.98715
687.0	0.98457
687.2	0.98244
687.4	0.98179
687.6	0.97909
687.8	0.97917
688.0	0.97635
688.2	0.98006
688.4	0.97858
688.6	0.97711
688.8	0.97839
689.0	0.98023
689.2	0.98012
689.4	0.97945
689.6	0.98038
689.8	0.98148
690.0	0.98112
690.2	0.98318
690.4	0.98622
690.6	0.98807
690.8	0.98841
691.0	0.98806
691.2	0.98996
691.4	0.99202
691.6	0.99332
691.8	0.99427
692.0	0.99413
692.2	0.99378
692.4	0.99349
692.6	0.99319
692.8	0.99317
693.0	0.99116
693.2	0.98904
693.4	0.98773
693.6	0.98586
693.8	0.9876
694.0	0.98515
694.2	0.98338
694.4	0.98189
694.6	0.98009
694.8	0.98086
695.0	0.98173
695.2	0.98251
695.4	0.98272
695.6	0.98325
695.8	0.98174
696.0	0.9847
696.2	0.98564
696.4	0.98347
696.6	0.9864
696.8	0.99137
697.0	0.99094
697.2	0.99061
697.4	0.99286
697.6	0.99278
697.8	0.98891
698.0	0.99261
698.2	0.99378
698.4	0.99382
698.6	0.99328
698.8	0.99484
699.0	0.99723
699.2	0.99643
699.4	0.9919
699.6	0.99307
699.8	0.99269
700.0	0.99174
700.2	0.98777
700.4	0.98928
700.6	0.99127
700.8	0.98829
701.0	0.98629
701.2	0.98387
701.4	0.98396
701.6	0.98247
701.8	0.98324
702.0	0.98672
702.2	0.98399
702.4	0.98604
702.6	0.98714
702.8	0.98908
703.0	0.98717
703.2	0.98463
703.4	0.98566
703.6	0.98877
703.8	0.98874
704.0	0.99026
704.2	0.99048
704.4	0.99166
704.6	0.99152
704.8	0.99268
705.0	0.99332
705.2	0.99346
705.4	0.99636
705.6	0.99303
705.8	0.99254
706.0	0.99566
706.2	0.99577
706.4	0.99168
706.6	0.99143
706.8	0.99123
707.0	0.99189
707.2	0.99035
707.4	0.9912
707.6	0.99353
707.8	0.99163
708.0	0.98914
708.2	0.98914
708.4	0.98599
708.6	0.99019
708.8	0.9912
709.0	0.99001
709.2	0.98795
709.4	0.98925
709.6	0.98974
709.8	0.98879
710.0	0.98904
710.2	0.99346
710.4	0.99497
710.6	0.99285
710.8	0.99081
711.0	0.98913
711.2	0.98812
711.4	0.98717
711.6	0.9871
711.8	0.98935
712.0	0.98864
712.2	0.98651
712.4	0.98411
712.6	0.98439
712.8	0.98519
713.0	0.98594
713.2	0.98146
713.4	0.98113
713.6	0.98157
713.8	0.97829
714.0	0.98035
714.2	0.98339
714.4	0.98249
714.6	0.98387
714.8	0.98378
715.0	0.98308
715.2	0.98244
715.4	0.98358
715.6	0.98509
715.8	0.98732
716.0	0.98602
716.2	0.98473
716.4	0.98484
716.6	0.98659
716.8	0.98543
717.0	0.98055
717.2	0.98219
717.4	0.98194
717.6	0.98283
717.8	0.98519
718.0	0.98505
718.2	0.98271
718.4	0.98329
718.6	0.98295
718.8	0.97904
719.0	0.97935
719.2	0.98009
719.4	0.98292
719.6	0.98486
719.8	0.98209
720.0	0.98236
720.2	0.98451
720.4	0.98576
720.6	0.98569
720.8	0.98565
721.0	0.98438
721.2	0.98868
721.4	0.99454
721.6	0.99416
721.8	0.98897
722.0	0.99131
722.2	0.99146
722.4	0.99046
722.6	0.995
722.8	0.99153
723.0	0.99103
723.2	0.98955
723.4	0.98673
723.6	0.98552
723.8	0.98776
724.0	0.9856
724.2	0.98644
724.4	0.98445
724.6	0.98216
724.8	0.98123
725.0	0.98094
725.2	0.98192
725.4	0.98291
725.6	0.98282
725.8	0.98385
726.0	0.98294
726.2	0.98492
726.4	0.98543
726.6	0.98627
726.8	0.98771
727.0	0.98999
727.2	0.99207
727.4	0.9967
727.6	0.99493
727.8	0.99264
728.0	0.99546
728.2	0.99701
728.4	0.99684
728.6	0.99973
728.8	0.99782
729.0	0.99455
729.2	0.99363
729.4	0.99171
729.6	0.99182
729.8	0.99119
730.0	0.99103
730.2	0.99144
730.4	0.98701
730.6	0.98783
730.8	0.9874
731.0	0.98323
731.2	0.98518
731.4	0.98532
731.6	0.98645
731.8	0.98566
732.0	0.9813
732.2	0.97495
732.4	0.97339
732.6	0.96734
732.8	0.9658
733.0	0.96744
733.2	0.97431
733.4	0.98202
733.6	0.98689
733.8	0.9877
734.0	0.97614
734.2	0.94233
734.4	0.86995
734.6	0.75818
734.8	0.61971
735.0	0.48613
735.2	0.35844
735.4	0.25173
735.6	0.1724
735.8	0.1159
736.0	0.07865
736.2	0.05403
736.4	0.03764
736.6	0.02655
736.8	0.01902
737.0	0.01368
737.2	0.01
737.4	0.00738
737.6	0.00548
737.8	0.00411
738.0	0.00311
738.2	0.00236
738.4	0.00181
738.6	0.0014
738.8	0.00109
739.0	8.532e-04
739.2	6.6724e-04
739.4	5.2422e-04
739.6	4.1927e-04
739.8	3.363e-04
740.0	2.7222e-04
740.2	2.1814e-04
740.4	1.7786e-04
740.6	1.4481e-04
740.8	1.178e-04
741.0	9.5968e-05
741.2	8.1933e-05
741.4	6.6241e-05
741.6	5.3934e-05
741.8	4.6477e-05
742.0	3.8309e-05
742.2	3.1729e-05
742.4	2.7569e-05
742.6	2.2235e-05
742.8	1.9182e-05
743.0	1.6641e-05
743.2	1.4043e-05
743.4	1.2223e-05
743.6	1.0916e-05
743.8	8.544e-06
744.0	7.1951e-06
744.2	6.3344e-06
744.4	5.6268e-06
744.6	4.417e-06
744.8	4.0839e-06
745.0	3.3514e-06
745.2	2.8912e-06
745.4	2.6917e-06
745.6	1.7258e-06
745.8	1.0393e-06
746.0	1.3645e-06
746.2	1.2174e-06
746.4	1.2547e-06
746.6	8.9572e-07
746.8	8.6171e-07
747.0	6.6745e-07
747.2	5.6902e-07
747.4	6.5769e-07
747.6	9.4335e-07
747.8	5.1432e-07
748.0	1.0e-07
748.2	1.2451e-07
748.4	1.3269e-07
748.6	1.0e-07
748.8	1.0e-07
749.0	1.6839e-07
749.2	1.0112e-07
749.4	1.602e-07
749.6	1.8948e-07
749.8	1.1332e-07
750.0	1.9062e-07
750.2	3.3584e-07
750.4	1.3033e-07
750.6	3.2342e-07
750.8	2.1909e-07
751.0	1.5292e-07
751.2	1.169e-07
751.4	1.1151e-07
751.6	1.8971e-07
751.8	1.5696e-07
752.0	1.0986e-07
752.2	1.8771e-07
752.4	1.0e-07
752.6	1.0e-07
752.8	1.4887e-07
753.0	1.1387e-07
753.2	1.7747e-07
753.4	1.4132e-07
753.6	1.1254e-07
753.8	1.0e-07
754.0	1.0e-07
754.2	1.0e-07
754.4	1.3446e-07
754.6	1.1062e-07
754.8	1.0103e-07
755.0	1.0166e-07
755.2	1.0215e-07
755.4	1.0267e-07
755.6	1.0293e-07
755.8	1.0009e-07
756.0	1.0e-07
756.2	1.0e-07
756.4	1.0201e-07
756.6	1.0e-07
756.8	1.0029e-07
757.0	1.0214e-07
757.2	1.028e-07
757.4	1.0466e-07
757.6	1.0485e-07
757.8	1.0417e-07
758.0	1.035e-07
758.2	1.0284e-07
758.4	1.0218e-07
758.6	1.0152e-07
758.8	1.0087e-07
759.0	1.0022e-07
759.2	1.0e-07
759.4	1.0e-07
759.6	1.0e-07
759.8	1.0e-07
760.0	1.0e-07
760.2	1.0e-07
760.4	1.0e-07
760.6	1.0e-07
760.8	1.0e-07
761.0	1.0e-07
761.2	1.0e-07
761.4	1.0e-07
761.6	1.0e-07
761.8	1.0e-07
762.0	1.0e-07
762.2	1.0e-07
762.4	1.0e-07
762.6	1.0e-07
762.8	1.0e-07
763.0	1.0e-07
763.2	1.0e-07
763.4	1.0e-07
763.6	1.0e-07
763.8	1.0e-07
764.0	1.0e-07
764.2	1.0e-07
764.4	1.0e-07
764.6	1.0e-07
764.8	1.0e-07
765.0	1.0e-07
765.2	1.0e-07
765.4	1.0e-07
765.6	1.0e-07
765.8	1.0e-07
766.0	1.0e-07
766.2	1.0e-07
766.4	1.0e-07
766.6	1.0e-07
766.8	1.0e-07
767.0	1.0e-07
767.2	1.0e-07
767.4	1.0e-07
767.6	1.0e-07
767.8	1.0e-07
768.0	1.0e-07
768.2	1.0e-07
768.4	1.0e-07
768.6	1.0e-07
768.8	1.0e-07
769.0	1.0e-07
769.2	1.0e-07
769.4	1.0e-07
769.6	1.0e-07
769.8	1.0e-07
770.0	1.0e-07
770.2	1.0e-07
770.4	1.0e-07
770.6	1.0e-07
770.8	1.0e-07
771.0	1.0e-07
771.2	1.0e-07
771.4	1.0e-07
771.6	1.0e-07
771.8	1.0e-07
772.0	1.0e-07
772.2	1.0e-07
772.4	1.0e-07
772.6	1.0e-07
772.8	1.0e-07
773.0	1.0e-07
773.2	1.0e-07
773.4	1.0e-07
773.6	1.0e-07
773.8	1.0e-07
774.0	1.0e-07
774.2	1.0e-07
774.4	1.0e-07
774.6	1.0e-07
774.8	1.0e-07
775.0	1.0e-07
775.2	1.0e-07
775.4	1.0e-07
775.6	1.0e-07
775.8	1.0e-07
776.0	1.0e-07
776.2	1.0e-07
776.4	1.0e-07
776.6	1.0e-07
776.8	1.0e-07
777.0	1.0e-07
777.2	1.0e-07
777.4	1.0e-07
777.6	1.0e-07
777.8	1.0e-07
778.0	1.0e-07
778.2	1.0e-07
778.4	1.0e-07
778.6	1.0e-07
778.8	1.0e-07
779.0	1.0e-07
779.2	1.0e-07
779.4	1.0e-07
779.6	1.0e-07
779.8	1.0e-07
780.0	1.0e-07
780.2	1.0e-07
780.4	1.0e-07
780.6	1.0e-07
780.8	1.0e-07
781.0	1.0e-07
781.2	1.0e-07
781.4	1.0e-07
781.6	1.0e-07
781.8	1.0e-07
782.0	1.0e-07
782.2	1.0e-07
782.4	1.0e-07
782.6	1.0e-07
782.8	1.0e-07
783.0	1.0e-07
783.2	1.0e-07
783.4	1.0e-07
783.6	1.0e-07
783.8	1.0e-07
784.0	1.0e-07
784.2	1.0e-07
784.4	1.0e-07
784.6	1.0e-07
784.8	1.0e-07
785.0	1.0e-07
785.2	1.0e-07
785.4	1.0e-07
785.6	1.0e-07
785.8	1.0e-07
786.0	1.0e-07
786.2	1.0e-07
786.4	1.0e-07
786.6	1.0e-07
786.8	1.0e-07
787.0	1.0e-07
787.2	1.0e-07
787.4	1.0e-07
787.6	1.0e-07
787.8	1.0e-07
788.0	1.0e-07
788.2	1.0e-07
788.4	1.0e-07
788.6	1.0e-07
788.8	1.0e-07
789.0	1.0e-07
789.2	1.0e-07
789.4	1.0e-07
789.6	1.0e-07
789.8	1.0e-07
790.0	1.0e-07
790.2	1.0e-07
790.4	1.0e-07
790.6	1.0e-07
790.8	1.0e-07
791.0	1.0e-07
791.2	1.0e-07
791.4	1.0e-07
791.6	1.0e-07
791.8	1.0e-07
792.0	1.0e-07
792.2	1.0e-07
792.4	1.0e-07
792.6	1.0e-07
792.8	1.0e-07
793.0	1.0e-07
793.2	1.0e-07
793.4	1.0e-07
793.6	1.0e-07
793.8	1.0e-07
794.0	1.0e-07
794.2	1.0e-07
794.4	1.0e-07
794.6	1.0e-07
794.8	1.0e-07
795.0	1.0e-07
795.2	1.0e-07
795.4	1.0e-07
795.6	1.0e-07
795.8	1.0e-07
796.0	1.0e-07
796.2	1.0e-07
796.4	1.0e-07
796.6	1.0e-07
796.8	1.0e-07
797.0	1.0005e-07
797.2	1.0063e-07
797.4	1.0122e-07
797.6	1.0182e-07
797.8	1.0241e-07
798.0	1.0301e-07
798.2	1.0361e-07
798.4	1.0422e-07
798.6	1.0483e-07
798.8	1.0545e-07
799.0	1.0606e-07
799.2	1.0669e-07
799.4	1.0731e-07
799.6	1.0794e-07
799.8	1.0857e-07
800.0	1.0921e-07
800.2	1.0985e-07
800.4	1.1049e-07
800.6	1.1114e-07
800.8	1.1179e-07
801.0	1.1244e-07
801.2	1.131e-07
801.4	1.1376e-07
801.6	1.1443e-07
801.8	1.151e-07
802.0	1.1498e-07
802.2	1.1431e-07
802.4	1.1365e-07
802.6	1.1299e-07
802.8	1.1233e-07
803.0	1.1168e-07
803.2	1.1103e-07
803.4	1.1038e-07
803.6	1.0974e-07
803.8	1.091e-07
804.0	1.0846e-07
804.2	1.0783e-07
804.4	1.0721e-07
804.6	1.0658e-07
804.8	1.0596e-07
805.0	1.0535e-07
805.2	1.0473e-07
805.4	1.0412e-07
805.6	1.0352e-07
805.8	1.0292e-07
806.0	1.0232e-07
806.2	1.0172e-07
806.4	1.0113e-07
806.6	1.0054e-07
806.8	1.0e-07
807.0	1.0e-07
807.2	1.0e-07
807.4	1.0e-07
807.6	1.0e-07
807.8	1.0e-07
808.0	1.0e-07
808.2	1.0e-07
808.4	1.0e-07
808.6	1.0e-07
808.8	1.0e-07
809.0	1.0e-07
809.2	1.0e-07
809.4	1.0e-07
809.6	1.0e-07
809.8	1.0e-07
810.0	1.0e-07
810.2	1.0e-07
810.4	1.0e-07
810.6	1.0e-07
810.8	1.0e-07
811.0	1.0e-07
811.2	1.0e-07
811.4	1.0e-07
811.6	1.0e-07
811.8	1.0e-07
812.0	1.0e-07
812.2	1.0e-07
812.4	1.0e-07
812.6	1.0e-07
812.8	1.0e-07
813.0	1.0e-07
813.2	1.0e-07
813.4	1.0e-07
813.6	1.0e-07
813.8	1.0e-07
814.0	1.0e-07
814.2	1.0e-07
814.4	1.0e-07
814.6	1.0e-07
814.8	1.0e-07
815.0	1.0e-07
815.2	1.0e-07
815.4	1.0e-07
815.6	1.0e-07
815.8	1.0e-07
816.0	1.0e-07
816.2	1.0e-07
816.4	1.0e-07
816.6	1.0e-07
816.8	1.0e-07
817.0	1.0e-07
817.2	1.0e-07
817.4	1.0e-07
817.6	1.0e-07
817.8	1.0e-07
818.0	1.0e-07
818.2	1.0e-07
818.4	1.0e-07
818.6	1.0e-07
818.8	1.0e-07
819.0	1.0e-07
819.2	1.0e-07
819.4	1.0e-07
819.6	1.0e-07
819.8	1.0e-07
820.0	1.0e-07
820.2	1.0e-07
820.4	1.0e-07
820.6	1.0e-07
820.8	1.0e-07
821.0	1.0e-07
821.2	1.0e-07
821.4	1.0e-07
821.6	1.0e-07
821.8	1.0e-07
822.0	1.0e-07
822.2	1.0e-07
822.4	1.0e-07
822.6	1.0e-07
822.8	1.0e-07
823.0	1.0e-07
823.2	1.0e-07
823.4	1.0e-07
823.6	1.0e-07
823.8	1.0e-07
824.0	1.0e-07
824.2	1.0e-07
824.4	1.0e-07
824.6	1.0e-07
824.8	1.0e-07
825.0	1.0e-07
825.2	1.0e-07
825.4	1.0e-07
825.6	1.0e-07
825.8	1.0e-07
826.0	1.0e-07
826.2	1.0415e-07
826.4	1.1852e-07
826.6	1.3487e-07
826.8	1.5348e-07
827.0	1.7465e-07
827.2	1.9875e-07
827.4	2.2616e-07
827.6	2.5736e-07
827.8	2.9287e-07
828.0	3.3327e-07
828.2	3.7925e-07
828.4	4.3156e-07
828.6	4.911e-07
828.8	5.5885e-07
829.0	6.3594e-07
829.2	7.2367e-07
829.4	8.235e-07
829.6	9.3711e-07
829.8	9.5523e-07
830.0	9.6316e-07
830.2	9.7115e-07
830.4	9.7922e-07
830.6	9.8734e-07
830.8	9.9554e-07
831.0	1.0038e-06
831.2	1.0121e-06
831.4	1.0205e-06
831.6	1.029e-06
831.8	1.0376e-06
832.0	1.0462e-06
832.2	1.0549e-06
832.4	1.0636e-06
832.6	1.0724e-06
832.8	1.0813e-06
833.0	1.0903e-06
833.2	1.0994e-06
833.4	1.0741e-06
833.6	1.0431e-06
833.8	1.013e-06
834.0	9.8371e-07
834.2	9.5532e-07
834.4	9.2774e-07
834.6	9.0096e-07
834.8	8.7496e-07
835.0	8.497e-07
835.2	8.2517e-07
835.4	8.0135e-07
835.6	7.7822e-07
835.8	7.5576e-07
836.0	7.3394e-07
836.2	7.1276e-07
836.4	6.9218e-07
836.6	6.722e-07
836.8	6.528e-07
837.0	6.4531e-07
837.2	6.4112e-07
837.4	6.3695e-07
837.6	6.3281e-07
837.8	6.287e-07
838.0	6.2461e-07
838.2	6.2055e-07
838.4	6.1652e-07
838.6	6.1251e-07
838.8	6.0853e-07
839.0	6.0457e-07
839.2	6.0064e-07
839.4	5.9674e-07
839.6	5.9286e-07
839.8	5.89e-07
840.0	5.8518e-07
840.2	5.8137e-07
840.4	5.7759e-07
840.6	5.7574e-07
840.8	5.746e-07
841.0	5.7345e-07
841.2	5.7231e-07
841.4	5.7118e-07
841.6	5.7004e-07
841.8	5.6891e-07
842.0	5.6778e-07
842.2	5.6665e-07
842.4	5.6552e-07
842.6	5.644e-07
842.8	5.6328e-07
843.0	5.6216e-07
843.2	5.6104e-07
843.4	5.5993e-07
843.6	5.5881e-07
843.8	5.577e-07
844.0	5.5659e-07
844.2	5.5483e-07
844.4	5.5279e-07
844.6	5.5076e-07
844.8	5.4874e-07
845.0	5.4672e-07
845.2	5.4471e-07
845.4	5.4271e-07
845.6	5.4071e-07
845.8	5.3872e-07
846.0	5.3674e-07
846.2	5.3477e-07
846.4	5.328e-07
846.6	5.3084e-07
846.8	5.2889e-07
847.0	5.2694e-07
847.2	5.2501e-07
847.4	5.2308e-07
847.6	5.2115e-07
847.8	5.32e-07
848.0	5.4975e-07
848.2	5.681e-07
848.4	5.8706e-07
848.6	6.0665e-07
848.8	6.269e-07
849.0	6.4782e-07
849.2	6.6944e-07
849.4	6.9178e-07
849.6	7.1487e-07
849.8	7.3873e-07
850.0	7.6338e-07
850.2	7.8886e-07
850.4	8.1519e-07
850.6	8.4239e-07
850.8	8.705e-07
851.0	8.9956e-07
851.2	9.2958e-07
851.4	9.2076e-07
851.6	8.9056e-07
851.8	8.6134e-07
852.0	8.3309e-07
852.2	8.0576e-07
852.4	7.7933e-07
852.6	7.5376e-07
852.8	7.2903e-07
853.0	7.0512e-07
853.2	6.8199e-07
853.4	6.5962e-07
853.6	6.3798e-07
853.8	6.1705e-07
854.0	5.9681e-07
854.2	5.7723e-07
854.4	5.5829e-07
854.6	5.3998e-07
854.8	5.2227e-07
855.0	5.1471e-07
855.2	5.129e-07
855.4	5.1109e-07
855.6	5.0929e-07
855.8	5.075e-07
856.0	5.0571e-07
856.2	5.0393e-07
856.4	5.0215e-07
856.6	5.0038e-07
856.8	4.9862e-07
857.0	4.9686e-07
857.2	4.9511e-07
857.4	4.9337e-07
857.6	4.9163e-07
857.8	4.899e-07
858.0	4.8817e-07
858.2	4.8645e-07
858.4	4.8474e-07
858.6	4.8713e-07
858.8	4.9196e-07
859.0	4.9685e-07
859.2	5.0179e-07
859.4	5.0677e-07
859.6	5.118e-07
859.8	5.1688e-07
860.0	5.2202e-07
860.2	5.272e-07
860.4	5.3244e-07
860.6	5.3773e-07
860.8	5.4307e-07
861.0	5.4846e-07
861.2	5.5391e-07
861.4	5.5941e-07
861.6	5.6497e-07
861.8	5.7058e-07
862.0	5.7624e-07
862.2	5.7671e-07
862.4	5.7423e-07
862.6	5.7176e-07
862.8	5.6931e-07
863.0	5.6686e-07
863.2	5.6443e-07
863.4	5.62e-07
863.6	5.5959e-07
863.8	5.5719e-07
864.0	5.5479e-07
864.2	5.5241e-07
864.4	5.5004e-07
864.6	5.4768e-07
864.8	5.4532e-07
865.0	5.4298e-07
865.2	5.2007e-07
865.4	4.9812e-07
865.6	4.771e-07
865.8	4.5696e-07
866.0	4.3768e-07
866.2	4.192e-07
866.4	4.0151e-07
866.6	3.8457e-07
866.8	3.6834e-07
867.0	3.5279e-07
867.2	3.379e-07
867.4	3.2364e-07
867.6	3.0998e-07
867.8	2.969e-07
868.0	2.8437e-07
868.2	2.7237e-07
868.4	2.6088e-07
868.6	2.4744e-07
868.8	2.3466e-07
869.0	2.2253e-07
869.2	2.1103e-07
869.4	2.0012e-07
869.6	1.8978e-07
869.8	1.7997e-07
870.0	1.7067e-07
870.2	1.6185e-07
870.4	1.5349e-07
870.6	1.4556e-07
870.8	1.3804e-07
871.0	1.309e-07
871.2	1.2414e-07
871.4	1.1772e-07
871.6	1.1164e-07
871.8	1.0587e-07
872.0	1.004e-07
872.2	1.0095e-07
872.4	1.0198e-07
872.6	1.0302e-07
872.8	1.0407e-07
873.0	1.0514e-07
873.2	1.0621e-07
873.4	1.073e-07
873.6	1.0839e-07
873.8	1.095e-07
874.0	1.1062e-07
874.2	1.1175e-07
874.4	1.1289e-07
874.6	1.1405e-07
874.8	1.1521e-07
875.0	1.1639e-07
875.2	1.1758e-07
875.4	1.1878e-07
875.6	1.2e-07
875.8	1.2682e-07
876.0	1.3489e-07
876.2	1.4348e-07
876.4	1.5261e-07
876.6	1.6233e-07
876.8	1.7266e-07
877.0	1.8366e-07
877.2	1.9535e-07
877.4	2.0778e-07
877.6	2.2101e-07
877.8	2.3508e-07
878.0	2.5005e-07
878.2	2.6597e-07
878.4	2.829e-07
878.6	3.0091e-07
878.8	3.2007e-07
879.0	3.4044e-07
879.2	3.6212e-07
879.4	3.9289e-07
879.6	4.279e-07
879.8	4.6603e-07
880.0	5.0756e-07
880.2	5.5278e-07
880.4	6.0203e-07
880.6	6.5568e-07
880.8	7.141e-07
881.0	7.7773e-07
881.2	8.4703e-07
881.4	9.225e-07
881.6	1.0047e-06
881.8	1.0942e-06
882.0	1.1917e-06
882.2	1.2979e-06
882.4	1.4136e-06
882.6	1.5395e-06
882.8	1.6767e-06
883.0	1.6952e-06
883.2	1.6853e-06
883.4	1.6754e-06
883.6	1.6656e-06
883.8	1.6559e-06
884.0	1.6461e-06
884.2	1.6365e-06
884.4	1.6269e-06
884.6	1.6174e-06
884.8	1.6079e-06
885.0	1.5985e-06
885.2	1.5891e-06
885.4	1.5798e-06
885.6	1.5705e-06
885.8	1.5613e-06
886.0	1.5522e-06
886.2	1.5431e-06
886.4	1.5341e-06
886.6	1.5362e-06
886.8	1.5411e-06
887.0	1.5462e-06
887.2	1.5512e-06
887.4	1.5562e-06
887.6	1.5613e-06
887.8	1.5663e-06
888.0	1.5714e-06
888.2	1.5765e-06
888.4	1.5816e-06
888.6	1.5868e-06
888.8	1.5919e-06
889.0	1.5971e-06
889.2	1.6023e-06
889.4	1.6075e-06
889.6	1.6127e-06
889.8	1.6179e-06
890.0	1.6232e-06
890.2	1.6658e-06
890.4	1.7199e-06
890.6	1.7757e-06
890.8	1.8333e-06
891.0	1.8928e-06
891.2	1.9543e-06
891.4	2.0177e-06
891.6	2.0832e-06
891.8	2.1508e-06
892.0	2.2206e-06
892.2	2.2927e-06
892.4	2.3671e-06
892.6	2.444e-06
892.8	2.5233e-06
893.0	2.6052e-06
893.2	2.6898e-06
893.4	2.7771e-06
893.6	2.8672e-06
893.8	2.9135e-06
894.0	2.9479e-06
894.2	2.9828e-06
894.4	3.0181e-06
894.6	3.0538e-06
894.8	3.0899e-06
895.0	3.1265e-06
895.2	3.1635e-06
895.4	3.2009e-06
895.6	3.2387e-06
895.8	3.2771e-06
896.0	3.3158e-06
896.2	3.355e-06
896.4	3.3947e-06
896.6	3.4349e-06
896.8	3.4755e-06
897.0	3.5166e-06
897.2	3.5582e-06
897.4	3.4824e-06
897.6	3.3807e-06
897.8	3.282e-06
898.0	3.1862e-06
898.2	3.0932e-06
898.4	3.0029e-06
898.6	2.9152e-06
898.8	2.8301e-06
899.0	2.7475e-06
899.2	2.6673e-06
899.4	2.5894e-06
899.6	2.5138e-06
899.8	2.4404e-06
900.0	2.3692e-06
900.2	2.3e-06
900.4	2.2329e-06
900.6	2.1677e-06
900.8	2.1044e-06
901.0	2.0445e-06
901.2	1.9867e-06
901.4	1.9305e-06
901.6	1.8759e-06
901.8	1.8228e-06
902.0	1.7712e-06
902.2	1.7211e-06
902.4	1.6724e-06
902.6	1.6251e-06
902.8	1.5791e-06
903.0	1.5344e-06
903.2	1.491e-06
903.4	1.4488e-06
903.6	1.4078e-06
903.8	1.368e-06
904.0	1.3293e-06
904.2	1.2917e-06
904.4	1.2551e-06
904.6	1.2453e-06
904.8	1.24e-06
905.0	1.2347e-06
905.2	1.2294e-06
905.4	1.2242e-06
905.6	1.219e-06
905.8	1.2138e-06
906.0	1.2086e-06
906.2	1.2034e-06
906.4	1.1983e-06
906.6	1.1931e-06
906.8	1.188e-06
907.0	1.183e-06
907.2	1.1779e-06
907.4	1.1729e-06
907.6	1.1679e-06
907.8	1.1629e-06
908.0	1.1579e-06
908.2	1.1501e-06
908.4	1.1419e-06
908.6	1.1339e-06
908.8	1.1259e-06
909.0	1.1179e-06
909.2	1.11e-06
909.4	1.1022e-06
909.6	1.0944e-06
909.8	1.0866e-06
910.0	1.079e-06
910.2	1.0713e-06
910.4	1.0638e-06
910.6	1.0562e-06
910.8	1.0488e-06
911.0	1.0414e-06
911.2	1.034e-06
911.4	1.0267e-06
911.6	1.0194e-06
911.8	1.0111e-06
912.0	1.0028e-06
912.2	9.9462e-07
912.4	9.8646e-07
912.6	9.7837e-07
912.8	9.7035e-07
913.0	9.6239e-07
913.2	9.545e-07
913.4	9.4667e-07
913.6	9.389e-07
913.8	9.312e-07
914.0	9.2357e-07
914.2	9.1599e-07
914.4	9.0848e-07
914.6	9.0103e-07
914.8	8.9364e-07
915.0	8.8631e-07
915.2	8.7904e-07
915.4	8.4546e-07
915.6	8.1316e-07
915.8	7.8209e-07
916.0	7.5221e-07
916.2	7.2348e-07
916.4	6.9584e-07
916.6	6.6925e-07
916.8	6.4369e-07
917.0	6.1909e-07
917.2	5.9544e-07
917.4	5.727e-07
917.6	5.5082e-07
917.8	5.2977e-07
918.0	5.0953e-07
918.2	4.9007e-07
918.4	4.7135e-07
918.6	4.5334e-07
918.8	4.371e-07
919.0	4.3549e-07
919.2	4.3389e-07
919.4	4.3229e-07
919.6	4.307e-07
919.8	4.2911e-07
920.0	4.2753e-07
920.2	4.2596e-07
920.4	4.2439e-07
920.6	4.2283e-07
920.8	4.2127e-07
921.0	4.1972e-07
921.2	4.1818e-07
921.4	4.1664e-07
921.6	4.1511e-07
921.8	4.1358e-07
922.0	4.1206e-07
922.2	4.1054e-07
922.4	4.0955e-07
922.6	4.1164e-07
922.8	4.1374e-07
923.0	4.1585e-07
923.2	4.1798e-07
923.4	4.2011e-07
923.6	4.2225e-07
923.8	4.2441e-07
924.0	4.2658e-07
924.2	4.2875e-07
924.4	4.3094e-07
924.6	4.3314e-07
924.8	4.3535e-07
925.0	4.3758e-07
925.2	4.3981e-07
925.4	4.4205e-07
925.6	4.4431e-07
925.8	4.4658e-07
926.0	4.4944e-07
926.2	4.5425e-07
926.4	4.591e-07
926.6	4.6401e-07
926.8	4.6897e-07
927.0	4.7398e-07
927.2	4.7905e-07
927.4	4.8417e-07
927.6	4.8934e-07
927.8	4.9457e-07
928.0	4.9986e-07
928.2	5.052e-07
928.4	5.106e-07
928.6	5.1606e-07
928.8	5.2158e-07
929.0	5.2715e-07
929.2	5.3278e-07
929.4	5.3848e-07
929.6	5.4837e-07
929.8	5.671e-07
930.0	5.8646e-07
930.2	6.0649e-07
930.4	6.272e-07
930.6	6.4862e-07
930.8	6.7076e-07
931.0	6.9367e-07
931.2	7.3225e-07
931.4	1.248e-07
931.6	6.1431e-07
931.8	5.0536e-07
932.0	5.1519e-07
932.2	4.393e-07
932.4	1.2006e-07
932.6	7.2469e-07
932.8	3.2601e-07
933.0	5.4069e-07
933.2	4.835e-07
933.4	9.8418e-07
933.6	8.5843e-07
933.8	7.8328e-07
934.0	1.3451e-06
934.2	5.1487e-07
934.4	8.8329e-07
934.6	7.5521e-07
934.8	1.1674e-06
935.0	4.1303e-07
935.2	3.5879e-07
935.4	1.0481e-06
935.6	6.1524e-07
935.8	1.1524e-06
936.0	7.6116e-07
936.2	1.845e-07
936.4	3.8206e-07
936.6	2.0875e-07
936.8	1.6291e-07
937.0	8.4554e-07
937.2	7.1998e-07
937.4	5.9704e-07
937.6	4.7767e-07
937.8	4.6574e-07
938.0	5.1225e-07
938.2	8.0466e-07
938.4	9.1962e-07
938.6	7.8818e-07
938.8	1.1522e-06
939.0	1.3603e-06
939.2	7.095e-07
939.4	7.9564e-07
939.6	1.4264e-06
939.8	1.9466e-06
940.0	2.5074e-06
940.2	2.9229e-06
940.4	2.4667e-06
940.6	1.7171e-06
940.8	5.8109e-07
941.0	6.2926e-07
941.2	2.7446e-06
941.4	1.082e-06
941.6	3.8637e-07
941.8	9.1144e-07
942.0	1.8884e-06
942.2	3.5257e-06
942.4	3.5503e-06
942.6	2.2993e-06
942.8	5.6298e-07
943.0	4.5576e-07
943.2	7.0278e-07
943.4	2.2044e-06
943.6	3.9724e-06
943.8	2.9531e-06
944.0	1.7478e-06
944.2	1.0971e-06
944.4	1.825e-06
944.6	1.9941e-06
944.8	1.4068e-06
945.0	1.4998e-06
945.2	1.7734e-06
945.4	2.3532e-06
945.6	2.3654e-06
945.8	1.9603e-06
946.0	1.2871e-06
946.2	1.1949e-06
946.4	2.3237e-06
946.6	1.1116e-06
946.8	3.3042e-07
947.0	8.7616e-07
947.2	1.5957e-06
947.4	1.7664e-06
947.6	7.4482e-07
947.8	2.9569e-07
948.0	2.9333e-07
948.2	5.7273e-07
948.4	2.0144e-06
948.6	2.5457e-06
948.8	2.4841e-06
949.0	1.6108e-06
949.2	7.2867e-07
949.4	2.7369e-07
949.6	5.3076e-07
949.8	8.9998e-07
950.0	1.2201e-06
950.2	8.6115e-07
950.4	5.6014e-07
950.6	1.0851e-06
950.8	1.3458e-06
951.0	1.0397e-06
951.2	9.9296e-07
951.4	9.4649e-07
951.6	7.8454e-07
951.8	1.2915e-06
952.0	3.4247e-06
952.2	3.2343e-06
952.4	2.3774e-06
952.6	1.1465e-06
952.8	1.4559e-06
953.0	2.649e-06
953.2	1.8865e-06
953.4	1.1113e-06
953.6	5.1161e-07
953.8	3.0955e-07
954.0	2.6572e-07
954.2	8.6835e-07
954.4	1.228e-06
954.6	8.6306e-07
954.8	1.2245e-06
955.0	1.6067e-06
955.2	1.4709e-06
955.4	1.0122e-06
955.6	6.2008e-07
955.8	1.4381e-06
956.0	2.3838e-06
956.2	2.3627e-06
956.4	2.0532e-06
956.6	1.8083e-06
956.8	2.2469e-06
957.0	2.2221e-06
957.2	1.757e-06
957.4	5.2051e-07
957.6	2.7759e-07
957.8	1.3957e-06
958.0	2.1949e-06
958.2	1.6673e-06
958.4	2.2534e-06
958.6	2.6627e-06
958.8	2.4259e-06
959.0	1.7839e-06
959.2	1.3137e-06
959.4	2.0005e-06
959.6	2.4395e-06
959.8	2.3156e-06
960.0	2.5461e-06
960.2	2.7812e-06
960.4	2.6673e-06
960.6	2.8967e-06
960.8	3.4359e-06
961.0	3.4554e-06
961.2	3.7404e-06
961.4	4.7942e-06
961.6	6.8141e-06
961.8	1.0162e-05
962.0	1.5701e-05
962.2	1.7045e-05
962.4	1.1806e-05
962.6	7.5582e-06
962.8	5.1951e-06
963.0	5.2986e-06
963.2	4.809e-06
963.4	3.9748e-06
963.6	3.2398e-06
963.8	3.0159e-06
964.0	3.8378e-06
964.2	3.0761e-06
964.4	2.029e-06
964.6	2.9406e-06
964.8	3.5161e-06
965.0	3.206e-06
965.2	3.2973e-06
965.4	3.4713e-06
965.6	3.4743e-06
965.8	3.2419e-06
966.0	2.8428e-06
966.2	3.1603e-06
966.4	3.4731e-06
966.6	3.468e-06
966.8	3.7735e-06
967.0	4.2847e-06
967.2	4.0697e-06
967.4	4.0179e-06
967.6	4.2087e-06
967.8	4.5536e-06
968.0	4.8206e-06
968.2	4.2003e-06
968.4	3.8769e-06
968.6	3.7779e-06
968.8	4.4959e-06
969.0	5.2366e-06
969.2	5.3288e-06
969.4	5.3648e-06
969.6	5.3658e-06
969.8	5.0538e-06
970.0	4.9444e-06
970.2	5.1466e-06
970.4	4.8881e-06
970.6	4.6522e-06
970.8	5.5315e-06
971.0	5.7102e-06
971.2	5.1179e-06
971.4	5.3794e-06
971.6	5.7048e-06
971.8	5.7969e-06
972.0	5.7922e-06
972.2	6.6477e-06
972.4	6.5703e-06
972.6	6.3635e-06
972.8	6.5e-06
973.0	6.4796e-06
973.2	6.9065e-06
973.4	7.3904e-06
973.6	7.7274e-06
973.8	8.0033e-06
974.0	7.6268e-06
974.2	8.5683e-06
974.4	8.1537e-06
974.6	9.0563e-06
974.8	8.2568e-06
975.0	8.4808e-06
975.2	9.3949e-06
975.4	9.6442e-06
975.6	9.4163e-06
975.8	9.8859e-06
976.0	1.0914e-05
976.2	9.4919e-06
976.4	1.1132e-05
976.6	1.1063e-05
976.8	1.1606e-05
977.0	1.0141e-05
977.2	1.0958e-05
977.4	1.2909e-05
977.6	1.3059e-05
977.8	1.3161e-05
978.0	1.3647e-05
978.2	1.3927e-05
978.4	1.4673e-05
978.6	1.4424e-05
978.8	1.4426e-05
979.0	1.578e-05
979.2	1.6509e-05
979.4	1.7279e-05
979.6	1.7843e-05
979.8	1.9243e-05
980.0	2.0268e-05
980.2	2.0724e-05
980.4	1.9726e-05
980.6	2.2025e-05
980.8	2.1791e-05
981.0	2.302e-05
981.2	2.194e-05
981.4	2.3804e-05
981.6	2.525e-05
981.8	2.5806e-05
982.0	2.6923e-05
982.2	2.7842e-05
982.4	2.8889e-05
982.6	3.0001e-05
982.8	3.1605e-05
983.0	3.3142e-05
983.2	3.412e-05
983.4	3.5565e-05
983.6	3.7393e-05
983.8	3.727e-05
984.0	4.1314e-05
984.2	4.2453e-05
984.4	4.3955e-05
984.6	4.5507e-05
984.8	4.7612e-05
985.0	4.9542e-05
985.2	5.336e-05
985.4	5.2283e-05
985.6	5.5969e-05
985.8	6.1524e-05
986.0	6.231e-05
986.2	6.5715e-05
986.4	6.739e-05
986.6	7.2027e-05
986.8	7.619e-05
987.0	8.0509e-05
987.2	8.6643e-05
987.4	8.9402e-05
987.6	9.3817e-05
987.8	1.0095e-04
988.0	1.0729e-04
988.2	1.0986e-04
988.4	1.1778e-04
988.6	1.2756e-04
988.8	1.3354e-04
989.0	1.404e-04
989.2	1.4932e-04
989.4	1.5983e-04
989.6	1.6785e-04
989.8	1.8273e-04
990.0	1.9356e-04
990.2	2.0584e-04
990.4	2.2497e-04
990.6	2.4165e-04
990.8	2.5473e-04
991.0	2.8304e-04
991.2	3.0734e-04
991.4	3.3131e-04
991.6	3.6039e-04
991.8	3.9572e-04
992.0	4.337e-04
992.2	4.747e-04
992.4	5.248e-04
992.6	5.7974e-04
992.8	6.3116e-04
993.0	7.0604e-04
993.2	7.8613e-04
993.4	8.7676e-04
993.6	9.9443e-04
993.8	0.0011
994.0	0.00125
994.2	0.00141
994.4	0.00159
994.6	0.00181
994.8	0.00206
995.0	0.00235
995.2	0.00262
995.4	0.00293
995.6	0.00325
995.8	0.00355
996.0	0.00375
996.2	0.00393
996.4	0.00399
996.6	0.00396
996.8	0.00386
997.0	0.00365
997.2	0.00342
997.4	0.00317
997.6	0.0029
997.8	0.00265
998.0	0.00239
998.2	0.00215
998.4	0.00195
998.6	0.0018
998.8	0.00164
999.0	0.0015
999.2	0.00138
999.4	0.00127
999.6	0.00116
999.8	0.00108
1000.0	0.00101
1000.2	9.3911e-04
1000.4	8.8392e-04
1000.6	8.2932e-04
1000.8	7.7731e-04
1001.0	7.3325e-04
1001.2	6.9638e-04
1001.4	6.6165e-04
1001.6	6.3037e-04
1001.8	5.9592e-04
1002.0	5.6965e-04
1002.2	5.529e-04
1002.4	5.2515e-04
1002.6	5.0192e-04
1002.8	4.7593e-04
1003.0	4.6566e-04
1003.2	4.4651e-04
1003.4	4.3202e-04
1003.6	4.2073e-04
1003.8	4.0658e-04
1004.0	3.954e-04
1004.2	3.9165e-04
1004.4	3.8576e-04
1004.6	3.6611e-04
1004.8	3.6293e-04
1005.0	3.5244e-04
1005.2	3.4501e-04
1005.4	3.3773e-04
1005.6	3.2982e-04
1005.8	3.2118e-04
1006.0	3.1276e-04
1006.2	3.0467e-04
1006.4	2.972e-04
1006.6	2.8991e-04
1006.8	2.828e-04
1007.0	2.7946e-04
1007.2	2.7632e-04
1007.4	2.7322e-04
1007.6	2.6925e-04
1007.8	2.6497e-04
1008.0	2.6076e-04
1008.2	2.5724e-04
1008.4	2.5452e-04
1008.6	2.5182e-04
1008.8	2.4953e-04
1009.0	2.4869e-04
1009.2	2.4786e-04
1009.4	2.4703e-04
1009.6	2.4475e-04
1009.8	2.4242e-04
1010.0	2.4012e-04
1010.2	2.3683e-04
1010.4	2.3317e-04
1010.6	2.2956e-04
1010.8	2.2866e-04
1011.0	2.3096e-04
1011.2	2.3329e-04
1011.4	2.3469e-04
1011.6	2.3246e-04
1011.8	2.3024e-04
1012.0	2.2805e-04
1012.2	2.2822e-04
1012.4	2.2848e-04
1012.6	2.2875e-04
1012.8	2.2825e-04
1013.0	2.2743e-04
1013.2	2.2662e-04
1013.4	2.264e-04
1013.6	2.2687e-04
1013.8	2.2735e-04
1014.0	2.2786e-04
1014.2	2.2847e-04
1014.4	2.2908e-04
1014.6	2.297e-04
1014.8	2.3178e-04
1015.0	2.3392e-04
1015.2	2.3608e-04
1015.4	2.3681e-04
1015.6	2.3696e-04
1015.8	2.3711e-04
1016.0	2.3781e-04
1016.2	2.391e-04
1016.4	2.404e-04
1016.6	2.4191e-04
1016.8	2.4411e-04
1017.0	2.4633e-04
1017.2	2.4857e-04
1017.4	2.4956e-04
1017.6	2.5054e-04
1017.8	2.5151e-04
1018.0	2.5477e-04
1018.2	2.589e-04
1018.4	2.631e-04
1018.6	2.6665e-04
1018.8	2.6948e-04
1019.0	2.7234e-04
1019.2	2.7529e-04
1019.4	2.7845e-04
1019.6	2.8164e-04
1019.8	2.8487e-04
1020.0	2.8885e-04
1020.2	2.9289e-04
1020.4	2.9698e-04
1020.6	3.0115e-04
1020.8	3.054e-04
1021.0	3.097e-04
1021.2	3.1491e-04
1021.4	3.2104e-04
1021.6	3.273e-04
1021.8	3.3338e-04
1022.0	3.3876e-04
1022.2	3.4423e-04
1022.4	3.499e-04
1022.6	3.6019e-04
1022.8	3.7079e-04
1023.0	3.817e-04
1023.2	3.9004e-04
1023.4	3.9773e-04
1023.6	4.0558e-04
1023.8	4.13e-04
1024.0	4.2007e-04
1024.2	4.2726e-04
1024.4	4.3632e-04
1024.6	4.4986e-04
1024.8	4.6382e-04
1025.0	4.7816e-04
1025.2	4.9179e-04
1025.4	5.0582e-04
1025.6	5.2024e-04
1025.8	5.3549e-04
1026.0	5.5128e-04
1026.2	5.6754e-04
1026.4	5.8332e-04
1026.6	5.9877e-04
1026.8	6.1464e-04
1027.0	6.3364e-04
1027.2	6.5894e-04
1027.4	6.8526e-04
1027.6	7.1186e-04
1027.8	7.3151e-04
1028.0	7.517e-04
1028.2	7.7245e-04
1028.4	8.0511e-04
1028.6	8.4135e-04
1028.8	8.7921e-04
1029.0	9.1607e-04
1029.2	9.5263e-04
1029.4	9.9065e-04
1029.6	0.00103
1029.8	0.00107
1030.0	0.00112
1030.2	0.00118
1030.4	0.00124
1030.6	0.0013
1030.8	0.00135
1031.0	0.00141
1031.2	0.00148
1031.4	0.00155
1031.6	0.00162
1031.8	0.0017
1032.0	0.00179
1032.2	0.00188
1032.4	0.00199
1032.6	0.0021
1032.8	0.00221
1033.0	0.00234
1033.2	0.00246
1033.4	0.0026
1033.6	0.00274
1033.8	0.00289
1034.0	0.00305
1034.2	0.00322
1034.4	0.0034
1034.6	0.00358
1034.8	0.00376
1035.0	0.00394
1035.2	0.00412
1035.4	0.00431
1035.6	0.0045
1035.8	0.00469
1036.0	0.00489
1036.2	0.00508
1036.4	0.00519
1036.6	0.00532
1036.8	0.00544
1037.0	0.00555
1037.2	0.00558
1037.4	0.0056
1037.6	0.00563
1037.8	0.00565
1038.0	0.00558
1038.2	0.00551
1038.4	0.00544
1038.6	0.00537
1038.8	0.00523
1039.0	0.00509
1039.2	0.00496
1039.4	0.00483
1039.6	0.00467
1039.8	0.00453
1040.0	0.00438
1040.2	0.00424
1040.4	0.00408
1040.6	0.00391
1040.8	0.00376
1041.0	0.00361
1041.2	0.00347
1041.4	0.00333
1041.6	0.0032
1041.8	0.00308
1042.0	0.00297
1042.2	0.00287
1042.4	0.00277
1042.6	0.00267
1042.8	0.00257
1043.0	0.00248
1043.2	0.00238
1043.4	0.00229
1043.6	0.00222
1043.8	0.00215
1044.0	0.00209
1044.2	0.00203
1044.4	0.00197
1044.6	0.00191
1044.8	0.00185
1045.0	0.00179
1045.2	0.00175
1045.4	0.00171
1045.6	0.00168
1045.8	0.00164
1046.0	0.0016
1046.2	0.00157
1046.4	0.00153
1046.6	0.0015
1046.8	0.00147
1047.0	0.00143
1047.2	0.0014
1047.4	0.00137
1047.6	0.00134
1047.8	0.00131
1048.0	0.00128
1048.2	0.00125
1048.4	0.00123
1048.6	0.00121
1048.8	0.0012
1049.0	0.00118
1049.2	0.00116
1049.4	0.00115
1049.6	0.00113
1049.8	0.00112
1050.0	0.0011
1050.2	0.00108
1050.4	0.00107
1050.6	0.00105
1050.8	0.00104
1051.0	0.00103
1051.2	0.00101
1051.4	9.9711e-04
1051.6	9.8488e-04
1051.8	9.7824e-04
1052.0	9.7165e-04
1052.2	9.651e-04
1052.4	9.586e-04
1052.6	9.5214e-04
1052.8	9.4572e-04
1053.0	9.3935e-04
1053.2	9.3302e-04
1053.4	9.2673e-04
1053.6	9.2048e-04
1053.8	9.1428e-04
1054.0	9.0812e-04
1054.2	9.02e-04
1054.4	8.9592e-04
1054.6	8.8988e-04
1054.8	8.8413e-04
1055.0	8.8438e-04
1055.2	8.8463e-04
1055.4	8.8488e-04
1055.6	8.8512e-04
1055.8	8.8537e-04
1056.0	8.8562e-04
1056.2	8.8587e-04
1056.4	8.8612e-04
1056.6	8.8637e-04
1056.8	8.8662e-04
1057.0	8.8687e-04
1057.2	8.8712e-04
1057.4	8.8737e-04
1057.6	8.8762e-04
1057.8	8.8787e-04
1058.0	8.8812e-04
1058.2	8.9302e-04
1058.4	8.9878e-04
1058.6	9.0458e-04
1058.8	9.1042e-04
1059.0	9.163e-04
1059.2	9.2221e-04
1059.4	9.2816e-04
1059.6	9.3415e-04
1059.8	9.4018e-04
1060.0	9.4625e-04
1060.2	9.5235e-04
1060.4	9.585e-04
1060.6	9.6468e-04
1060.8	9.7091e-04
1061.0	9.7717e-04
1061.2	9.8348e-04
1061.4	9.921e-04
1061.6	0.001
1061.8	0.00101
1062.0	0.00102
1062.2	0.00103
1062.4	0.00104
1062.6	0.00105
1062.8	0.00106
1063.0	0.00107
1063.2	0.00108
1063.4	0.00109
1063.6	0.00111
1063.8	0.00112
1064.0	0.00113
1064.2	0.00114
1064.4	0.00115
1064.6	0.00118
1064.8	0.00122
1065.0	0.00126
1065.2	0.00125
1065.4	0.00125
1065.6	0.00124
1065.8	0.00123
1066.0	0.00122
1066.2	0.00121
1066.4	0.00122
1066.6	0.00124
1066.8	0.00126
1067.0	0.00129
1067.2	0.00131
1067.4	0.00133
1067.6	0.00135
1067.8	0.00138
1068.0	0.0014
1068.2	0.00142
1068.4	0.00145
1068.6	0.00147
1068.8	0.0015
1069.0	0.00152
1069.2	0.00155
1069.4	0.00158
1069.6	0.0016
1069.8	0.00163
1070.0	0.00166
1070.2	0.00169
1070.4	0.00172
1070.6	0.00175
1070.8	0.00178
1071.0	0.00181
1071.2	0.00184
1071.4	0.00188
1071.6	0.00191
1071.8	0.00194
1072.0	0.00198
1072.2	0.00201
1072.4	0.00205
1072.6	0.00209
1072.8	0.00212
1073.0	0.00216
1073.2	0.0022
1073.4	0.00224
1073.6	0.00228
1073.8	0.00231
1074.0	0.00235
1074.2	0.00239
1074.4	0.00243
1074.6	0.00247
1074.8	0.00251
1075.0	0.00255
1075.2	0.0026
1075.4	0.00264
1075.6	0.00268
1075.8	0.00273
1076.0	0.00277
1076.2	0.00282
1076.4	0.00286
1076.6	0.00291
1076.8	0.00296
1077.0	0.00301
1077.2	0.00305
1077.4	0.00309
1077.6	0.00313
1077.8	0.00317
1078.0	0.00322
1078.2	0.00326
1078.4	0.0033
1078.6	0.00335
1078.8	0.00339
1079.0	0.00344
1079.2	0.00349
1079.4	0.00353
1079.6	0.00358
1079.8	0.00363
1080.0	0.00368
1080.2	0.00373
1080.4	0.00378
1080.6	0.00382
1080.8	0.00385
1081.0	0.00388
1081.2	0.00391
1081.4	0.00394
1081.6	0.00397
1081.8	0.004
1082.0	0.00403
1082.2	0.00406
1082.4	0.00409
1082.6	0.00412
1082.8	0.00415
1083.0	0.00418
1083.2	0.00421
1083.4	0.00424
1083.6	0.00428
1083.8	0.00431
1084.0	0.00434
1084.2	0.00435
1084.4	0.00435
1084.6	0.00435
1084.8	0.00435
1085.0	0.00435
1085.2	0.00435
1085.4	0.00435
1085.6	0.00435
1085.8	0.00435
1086.0	0.00436
1086.2	0.00436
1086.4	0.00436
1086.6	0.00436
1086.8	0.00436
1087.0	0.00436
1087.2	0.00436
1087.4	0.00436
1087.6	0.00436
1087.8	0.00437
1088.0	0.00438
1088.2	0.00439
1088.4	0.00441
1088.6	0.00442
1088.8	0.00443
1089.0	0.00445
1089.2	0.00446
1089.4	0.00447
1089.6	0.00448
1089.8	0.0045
1090.0	0.00451
1090.2	0.00441
1090.4	0.00432
1090.6	0.00423
1090.8	0.00414
1091.0	0.00406
1091.2	0.00397
1091.4	0.00391
1091.6	0.00391
1091.8	0.0039
1092.0	0.0039
1092.2	0.0039
1092.4	0.00389
1092.6	0.00389
1092.8	0.00389
1093.0	0.00388
1093.2	0.00388
1093.4	0.00388
1093.6	0.00387
1093.8	0.00387
1094.0	0.00387
1094.2	0.00386
1094.4	0.00386
1094.6	0.00386
1094.8	0.00385
1095.0	0.00385
1095.2	0.00385
1095.4	0.00386
1095.6	0.00386
1095.8	0.00386
1096.0	0.00387
1096.2	0.00387
1096.4	0.00387
1096.6	0.00388
1096.8	0.00388
1097.0	0.00388
1097.2	0.00389
1097.4	0.00389
1097.6	0.00389
1097.8	0.0039
1098.0	0.0039
1098.2	0.0039
1098.4	0.00391
1098.6	0.00391
1098.8	0.00392
1099.0	0.00393
1099.2	0.00394
1099.4	0.00395
1099.6	0.00396
1099.8	0.00397
1100.0	0.00398
1100.2	0.00399
1100.4	0.004
1100.6	0.00401
1100.8	0.00403
1101.0	0.00404
1101.2	0.00405
1101.4	0.00406
1101.6	0.00407
1101.8	0.00408
1102.0	0.00409
1102.2	0.00409
1102.4	0.00409
1102.6	0.0041
1102.8	0.0041
1103.0	0.0041
1103.2	0.0041
1103.4	0.00411
1103.6	0.00411
1103.8	0.00411
1104.0	0.00412
1104.2	0.00412
1104.4	0.00412
1104.6	0.00412
1104.8	0.00413
1105.0	0.00413
1105.2	0.00413
1105.4	0.00414
1105.6	0.00414
1105.8	0.00413
1106.0	0.00412
1106.2	0.00412
1106.4	0.00411
1106.6	0.0041
1106.8	0.0041
1107.0	0.00409
1107.2	0.00408
1107.4	0.00408
1107.6	0.00407
1107.8	0.00406
1108.0	0.00406
1108.2	0.00405
1108.4	0.00404
1108.6	0.00404
1108.8	0.00403
1109.0	0.00402
1109.2	0.00401
1109.4	0.004
1109.6	0.00399
1109.8	0.00397
1110.0	0.00396
