Typical Measured Spectrum of Semrock FF01-591/6 Optical Filter	
For wavelengths between 320 and 1120 nm, values near or below 3e-7 (Optical Density 6.5) are measurement noise limited.
For wavelengths < 320 nm and > 1120 nm, values near or below 3e-6 (Optical Density 5.5) are measurement noise limited. 
Data format:  Wavelength (nm) <tab> Transmission (0 to 1)
290.0	8.9948e-07
290.2	7.7677e-07
290.4	6.7079e-07
290.6	5.7927e-07
290.8	5.0024e-07
291.0	4.3199e-07
291.2	3.7306e-07
291.4	3.2216e-07
291.6	2.7821e-07
291.8	2.4025e-07
292.0	2.0747e-07
292.2	1.7917e-07
292.4	1.5472e-07
292.6	1.3361e-07
292.8	1.1539e-07
293.0	1.088e-07
293.2	1.1501e-07
293.4	1.2157e-07
293.6	1.2851e-07
293.8	1.3584e-07
294.0	1.4359e-07
294.2	1.5179e-07
294.4	1.6045e-07
294.6	1.696e-07
294.8	1.7928e-07
295.0	1.8951e-07
295.2	1.8434e-07
295.4	1.7931e-07
295.6	1.7442e-07
295.8	1.6967e-07
296.0	1.6504e-07
296.2	1.6054e-07
296.4	1.5617e-07
296.6	1.5191e-07
296.8	1.4777e-07
297.0	1.4374e-07
297.2	1.3982e-07
297.4	1.3601e-07
297.6	1.323e-07
297.8	1.2869e-07
298.0	1.3006e-07
298.2	1.4368e-07
298.4	1.5873e-07
298.6	1.7536e-07
298.8	1.9374e-07
299.0	2.1403e-07
299.2	2.3646e-07
299.4	2.6123e-07
299.6	2.886e-07
299.8	3.1884e-07
300.0	3.5224e-07
300.2	3.8915e-07
300.4	4.2992e-07
300.6	4.7496e-07
300.8	5.2472e-07
301.0	5.7969e-07
301.2	6.4042e-07
301.4	7.0752e-07
301.6	7.8165e-07
301.8	7.9827e-07
302.0	7.8429e-07
302.2	7.7056e-07
302.4	7.5706e-07
302.6	7.4381e-07
302.8	7.3078e-07
303.0	7.1798e-07
303.2	7.0541e-07
303.4	6.9306e-07
303.6	6.8092e-07
303.8	6.69e-07
304.0	6.5728e-07
304.2	6.4577e-07
304.4	6.3447e-07
304.6	6.2336e-07
304.8	6.1244e-07
305.0	6.0172e-07
305.2	7.7492e-07
305.4	9.9799e-07
305.6	1.1659e-06
305.8	1.0004e-06
306.0	8.5838e-07
306.2	7.3652e-07
306.4	6.3196e-07
306.6	5.4225e-07
306.8	4.6527e-07
307.0	3.9922e-07
307.2	3.4254e-07
307.4	2.9392e-07
307.6	2.5219e-07
307.8	2.1639e-07
308.0	1.8567e-07
308.2	1.5931e-07
308.4	1.367e-07
308.6	1.1729e-07
308.8	1.0064e-07
309.0	8.6352e-08
309.2	7.4093e-08
309.4	6.9416e-08
309.6	6.9044e-08
309.8	6.8673e-08
310.0	6.8305e-08
310.2	6.7939e-08
310.4	6.7574e-08
310.6	6.7212e-08
310.8	6.6852e-08
311.0	6.6493e-08
311.2	6.6136e-08
311.4	6.5782e-08
311.6	6.5429e-08
311.8	6.5078e-08
312.0	6.4729e-08
312.2	6.4382e-08
312.4	6.4037e-08
312.6	6.3693e-08
312.8	6.3352e-08
313.0	6.3012e-08
313.2	6.4926e-08
313.4	6.701e-08
313.6	6.916e-08
313.8	7.138e-08
314.0	7.367e-08
314.2	7.6035e-08
314.4	7.8475e-08
314.6	8.0993e-08
314.8	8.3592e-08
315.0	8.6275e-08
315.2	8.9044e-08
315.4	9.1902e-08
315.6	9.4851e-08
315.8	9.7895e-08
316.0	1.0104e-07
316.2	1.0428e-07
316.4	1.0763e-07
316.6	1.1108e-07
316.8	1.1195e-07
317.0	1.074e-07
317.2	1.0303e-07
317.4	9.8834e-08
317.6	9.4812e-08
317.8	9.0954e-08
318.0	8.7252e-08
318.2	8.3702e-08
318.4	8.0296e-08
318.6	7.7028e-08
318.8	7.3894e-08
319.0	7.0887e-08
319.2	6.8002e-08
319.4	6.5235e-08
319.6	6.2581e-08
319.8	6.0034e-08
320.0	5.7591e-08
320.2	5.5247e-08
320.4	5.2999e-08
320.6	5.2192e-08
320.8	5.1977e-08
321.0	5.1762e-08
321.2	5.1549e-08
321.4	5.1336e-08
321.6	5.1125e-08
321.8	5.0914e-08
322.0	5.0704e-08
322.2	5.0495e-08
322.4	5.0287e-08
322.6	5.008e-08
322.8	4.9873e-08
323.0	4.9668e-08
323.2	4.9463e-08
323.4	4.9259e-08
323.6	4.9056e-08
323.8	4.8854e-08
324.0	4.8652e-08
324.2	4.8661e-08
324.4	5.0977e-08
324.6	5.3403e-08
324.8	5.5944e-08
325.0	5.8607e-08
325.2	6.1396e-08
325.4	6.4319e-08
325.6	6.738e-08
325.8	7.0587e-08
326.0	7.3946e-08
326.2	7.7466e-08
326.4	8.1152e-08
326.6	8.5015e-08
326.8	8.9061e-08
327.0	9.33e-08
327.2	9.774e-08
327.4	1.0239e-07
327.6	1.0727e-07
327.8	1.1237e-07
328.0	1.113e-07
328.2	1.0375e-07
328.4	9.671e-08
328.6	9.0148e-08
328.8	8.403e-08
329.0	7.8328e-08
329.2	7.3013e-08
329.4	6.8059e-08
329.6	6.3441e-08
329.8	5.9136e-08
330.0	5.5123e-08
330.2	5.1383e-08
330.4	4.7896e-08
330.6	4.4646e-08
330.8	4.1616e-08
331.0	3.8792e-08
331.2	3.616e-08
331.4	3.3706e-08
331.6	3.1419e-08
331.8	3.3545e-08
332.0	3.6483e-08
332.2	3.9679e-08
332.4	4.3155e-08
332.6	4.6935e-08
332.8	5.1046e-08
333.0	5.5517e-08
333.2	6.038e-08
333.4	6.5669e-08
333.6	7.1422e-08
333.8	7.7678e-08
334.0	8.4482e-08
334.2	9.1883e-08
334.4	9.9931e-08
334.6	1.0868e-07
334.8	1.182e-07
335.0	1.2856e-07
335.2	1.4719e-07
335.4	1.6853e-07
335.6	1.8805e-07
335.8	1.9839e-07
336.0	2.093e-07
336.2	2.2081e-07
336.4	2.3295e-07
336.6	2.4576e-07
336.8	2.5928e-07
337.0	2.7354e-07
337.2	2.8858e-07
337.4	3.0445e-07
337.6	3.2119e-07
337.8	3.3886e-07
338.0	3.5749e-07
338.2	3.7715e-07
338.4	3.9789e-07
338.6	4.1977e-07
338.8	4.4286e-07
339.0	4.6721e-07
339.2	4.929e-07
339.4	4.4324e-07
339.6	3.716e-07
339.8	3.1153e-07
340.0	2.6118e-07
340.2	2.1897e-07
340.4	1.8357e-07
340.6	1.539e-07
340.8	1.2903e-07
341.0	1.0817e-07
341.2	9.0687e-08
341.4	7.6029e-08
341.6	6.374e-08
341.8	5.3438e-08
342.0	4.48e-08
342.2	3.7559e-08
342.4	3.1488e-08
342.6	2.6399e-08
342.8	2.2132e-08
343.0	1.8829e-08
343.2	1.876e-08
343.4	1.8691e-08
343.6	1.8623e-08
343.8	1.8555e-08
344.0	1.8487e-08
344.2	1.8419e-08
344.4	1.8352e-08
344.6	1.8284e-08
344.8	1.8217e-08
345.0	1.8151e-08
345.2	1.8084e-08
345.4	1.8018e-08
345.6	1.7952e-08
345.8	1.7886e-08
346.0	1.7821e-08
346.2	1.7756e-08
346.4	1.769e-08
346.6	1.7626e-08
346.8	1.7602e-08
347.0	1.7621e-08
347.2	1.7641e-08
347.4	1.766e-08
347.6	1.768e-08
347.8	1.77e-08
348.0	1.7719e-08
348.2	1.7739e-08
348.4	1.7758e-08
348.6	1.7778e-08
348.8	1.7798e-08
349.0	1.7818e-08
349.2	1.7837e-08
349.4	1.7857e-08
349.6	1.7877e-08
349.8	1.7897e-08
350.0	1.7916e-08
350.2	1.7936e-08
350.4	1.7956e-08
350.6	1.7958e-08
350.8	1.7958e-08
351.0	1.7958e-08
351.2	1.7958e-08
351.4	1.7958e-08
351.6	1.7958e-08
351.8	1.7958e-08
352.0	1.7958e-08
352.2	1.7958e-08
352.4	1.7958e-08
352.6	1.7958e-08
352.8	1.7958e-08
353.0	1.7958e-08
353.2	1.7958e-08
353.4	1.7957e-08
353.6	1.7957e-08
353.8	1.7957e-08
354.0	1.7957e-08
354.2	1.7958e-08
354.4	1.7959e-08
354.6	1.796e-08
354.8	1.7961e-08
355.0	1.7962e-08
355.2	1.7963e-08
355.4	1.7964e-08
355.6	1.7966e-08
355.8	1.7967e-08
356.0	1.7968e-08
356.2	1.7969e-08
356.4	1.797e-08
356.6	1.7971e-08
356.8	1.7972e-08
357.0	1.7974e-08
357.2	1.7975e-08
357.4	1.7976e-08
357.6	1.7977e-08
357.8	1.7978e-08
358.0	1.9875e-08
358.2	2.2825e-08
358.4	2.6212e-08
358.6	3.0102e-08
358.8	3.4569e-08
359.0	3.9698e-08
359.2	4.5589e-08
359.4	5.2355e-08
359.6	6.0124e-08
359.8	6.9046e-08
360.0	7.9292e-08
360.2	9.1059e-08
360.4	1.0457e-07
360.6	1.2009e-07
360.8	1.3791e-07
361.0	1.5837e-07
361.2	1.8188e-07
361.4	2.0887e-07
361.6	2.3233e-07
361.8	2.1717e-07
362.0	2.03e-07
362.2	1.8975e-07
362.4	1.7737e-07
362.6	1.658e-07
362.8	1.5498e-07
363.0	1.4487e-07
363.2	1.3542e-07
363.4	1.2658e-07
363.6	1.1832e-07
363.8	1.106e-07
364.0	1.0339e-07
364.2	9.664e-08
364.4	9.0334e-08
364.6	8.444e-08
364.8	7.893e-08
365.0	7.378e-08
365.2	7.1096e-08
365.4	6.8509e-08
365.6	6.6016e-08
365.8	6.3613e-08
366.0	6.1299e-08
366.2	5.9068e-08
366.4	5.6919e-08
366.6	5.4847e-08
366.8	5.2852e-08
367.0	5.2392e-08
367.2	5.4743e-08
367.4	5.72e-08
367.6	5.9767e-08
367.8	6.2449e-08
368.0	6.5251e-08
368.2	6.8179e-08
368.4	7.1238e-08
368.6	7.4435e-08
368.8	7.7775e-08
369.0	8.1266e-08
369.2	8.4912e-08
369.4	8.8723e-08
369.6	9.2704e-08
369.8	9.6864e-08
370.0	1.0121e-07
370.2	1.0575e-07
370.4	1.105e-07
370.6	1.1546e-07
370.8	1.078e-07
371.0	9.6856e-08
371.2	8.7021e-08
371.4	7.8184e-08
371.6	7.0245e-08
371.8	6.3112e-08
372.0	5.6703e-08
372.2	5.0945e-08
372.4	4.5772e-08
372.6	4.1124e-08
372.8	3.6948e-08
373.0	3.3196e-08
373.2	2.9825e-08
373.4	2.6796e-08
373.6	2.4075e-08
373.8	2.163e-08
374.0	1.9434e-08
374.2	1.746e-08
374.4	1.5927e-08
374.6	1.5889e-08
374.8	1.585e-08
375.0	1.5812e-08
375.2	1.5773e-08
375.4	1.5735e-08
375.6	1.5697e-08
375.8	1.5659e-08
376.0	1.5621e-08
376.2	1.5583e-08
376.4	1.5545e-08
376.6	1.5508e-08
376.8	1.547e-08
377.0	1.5432e-08
377.2	1.5395e-08
377.4	1.5358e-08
377.6	1.5321e-08
377.8	1.5283e-08
378.0	1.5246e-08
378.2	1.5196e-08
378.4	1.5135e-08
378.6	1.5075e-08
378.8	1.5015e-08
379.0	1.4955e-08
379.2	1.4895e-08
379.4	1.4835e-08
379.6	1.4776e-08
379.8	1.4717e-08
380.0	1.4658e-08
380.2	1.46e-08
380.4	1.4541e-08
380.6	1.4483e-08
380.8	1.4425e-08
381.0	1.4368e-08
381.2	1.431e-08
381.4	1.4253e-08
381.6	1.4196e-08
381.8	1.4139e-08
382.0	1.6013e-08
382.2	1.8219e-08
382.4	2.0729e-08
382.6	2.3585e-08
382.8	2.6834e-08
383.0	3.0532e-08
383.2	3.4738e-08
383.4	3.9524e-08
383.6	4.497e-08
383.8	5.1165e-08
384.0	5.8215e-08
384.2	6.6235e-08
384.4	7.5361e-08
384.6	8.5744e-08
384.8	9.7557e-08
385.0	1.11e-07
385.2	1.2629e-07
385.4	1.4369e-07
385.6	1.4725e-07
385.8	1.2812e-07
386.0	1.1147e-07
386.2	9.6986e-08
386.4	8.4384e-08
386.6	7.342e-08
386.8	6.388e-08
387.0	5.558e-08
387.2	4.8358e-08
387.4	4.2075e-08
387.6	3.6608e-08
387.8	3.1851e-08
388.0	2.7713e-08
388.2	2.4112e-08
388.4	2.0979e-08
388.6	1.8253e-08
388.8	1.5881e-08
389.0	1.3818e-08
389.2	1.2022e-08
389.4	1.2981e-08
389.6	1.4695e-08
389.8	1.6636e-08
390.0	1.8834e-08
390.2	2.1321e-08
390.4	2.4138e-08
390.6	2.7326e-08
390.8	3.0935e-08
391.0	3.5022e-08
391.2	3.9648e-08
391.4	4.4885e-08
391.6	5.0813e-08
391.8	5.7525e-08
392.0	6.5124e-08
392.2	6.6817e-08
392.4	6.8555e-08
392.6	7.0337e-08
392.8	7.2166e-08
393.0	7.3572e-08
393.2	7.4851e-08
393.4	7.6151e-08
393.6	7.7474e-08
393.8	7.8821e-08
394.0	8.019e-08
394.2	8.1584e-08
394.4	8.3001e-08
394.6	8.4444e-08
394.8	8.5911e-08
395.0	8.7404e-08
395.2	8.8923e-08
395.4	9.0468e-08
395.6	9.204e-08
395.8	9.3639e-08
396.0	9.5266e-08
396.2	9.6922e-08
396.4	9.8606e-08
396.6	1.0e-07
396.8	1.0e-07
397.0	1.0e-07
397.2	1.0e-07
397.4	1.0e-07
397.6	1.0e-07
397.8	1.0e-07
398.0	1.0e-07
398.2	1.0e-07
398.4	1.0e-07
398.6	1.0e-07
398.8	1.0e-07
399.0	1.0e-07
399.2	1.0e-07
399.4	1.0e-07
399.6	1.0e-07
399.8	1.0e-07
400.0	1.0e-07
400.2	1.0e-07
400.4	9.7102e-08
400.6	9.2673e-08
400.8	8.8446e-08
401.0	8.4412e-08
401.2	8.0561e-08
401.4	7.6887e-08
401.6	7.338e-08
401.8	7.0033e-08
402.0	6.6839e-08
402.2	6.379e-08
402.4	6.0881e-08
402.6	5.8104e-08
402.8	5.5453e-08
403.0	5.2924e-08
403.2	5.051e-08
403.4	4.8206e-08
403.6	4.6008e-08
403.8	4.3909e-08
404.0	4.2221e-08
404.2	4.424e-08
404.4	4.6356e-08
404.6	4.8573e-08
404.8	5.0897e-08
405.0	5.3331e-08
405.2	5.5882e-08
405.4	5.8555e-08
405.6	6.1356e-08
405.8	6.429e-08
406.0	6.7365e-08
406.2	7.0588e-08
406.4	7.3964e-08
406.6	7.7502e-08
406.8	8.1209e-08
407.0	8.5093e-08
407.2	8.9163e-08
407.4	9.3428e-08
407.6	9.7897e-08
407.8	1.0398e-07
408.0	1.1169e-07
408.2	1.1998e-07
408.4	1.2889e-07
408.6	1.3845e-07
408.8	1.4873e-07
409.0	1.5977e-07
409.2	1.7162e-07
409.4	1.8436e-07
409.6	1.9804e-07
409.8	2.1274e-07
410.0	2.2852e-07
410.2	2.4548e-07
410.4	2.637e-07
410.6	2.8327e-07
410.8	3.0429e-07
411.0	3.2687e-07
411.2	3.5113e-07
411.4	3.7638e-07
411.6	3.5036e-07
411.8	3.2613e-07
412.0	3.0358e-07
412.2	2.826e-07
412.4	2.6306e-07
412.6	2.4487e-07
412.8	2.2794e-07
413.0	2.1218e-07
413.2	1.9751e-07
413.4	1.8386e-07
413.6	1.7114e-07
413.8	1.5931e-07
414.0	1.483e-07
414.2	1.3804e-07
414.4	1.285e-07
414.6	1.1962e-07
414.8	1.1135e-07
415.0	1.0365e-07
415.2	1.0e-07
415.4	1.0e-07
415.6	1.0e-07
415.8	1.0e-07
416.0	1.0e-07
416.2	1.0e-07
416.4	1.0e-07
416.6	1.0e-07
416.8	1.0e-07
417.0	1.0e-07
417.2	1.0e-07
417.4	1.0e-07
417.6	1.0e-07
417.8	1.0e-07
418.0	1.0e-07
418.2	1.0e-07
418.4	1.0e-07
418.6	1.0e-07
418.8	1.0e-07
419.0	1.1305e-07
419.2	1.2787e-07
419.4	1.4464e-07
419.6	1.6362e-07
419.8	1.8507e-07
420.0	2.0935e-07
420.2	2.3681e-07
420.4	2.6786e-07
420.6	3.03e-07
420.8	3.4274e-07
421.0	3.8769e-07
421.2	4.3854e-07
421.4	4.9606e-07
421.6	5.6112e-07
421.8	6.3471e-07
422.0	7.1796e-07
422.2	8.1212e-07
422.4	9.1864e-07
422.6	9.7943e-07
422.8	9.8308e-07
423.0	9.8674e-07
423.2	9.9042e-07
423.4	9.9411e-07
423.6	9.9782e-07
423.8	1.0015e-06
424.0	1.0053e-06
424.2	1.009e-06
424.4	1.0128e-06
424.6	1.0166e-06
424.8	1.0203e-06
425.0	1.0241e-06
425.2	1.028e-06
425.4	1.0318e-06
425.6	1.0356e-06
425.8	1.0395e-06
426.0	1.0434e-06
426.2	1.0475e-06
426.4	1.0746e-06
426.6	1.1025e-06
426.8	1.131e-06
427.0	1.1603e-06
427.2	9.1315e-07
427.4	7.1865e-07
427.6	5.6558e-07
427.8	4.4511e-07
428.0	3.503e-07
428.2	2.7569e-07
428.4	2.1696e-07
428.6	1.7075e-07
428.8	1.3438e-07
429.0	1.0576e-07
429.2	8.3231e-08
429.4	6.5503e-08
429.6	5.1551e-08
429.8	4.057e-08
430.0	3.1929e-08
430.2	2.762e-08
430.4	2.964e-08
430.6	3.1806e-08
430.8	3.4132e-08
431.0	3.6627e-08
431.2	3.9305e-08
431.4	4.2178e-08
431.6	4.5262e-08
431.8	4.857e-08
432.0	5.2121e-08
432.2	5.5932e-08
432.4	6.0021e-08
432.6	6.4408e-08
432.8	6.9117e-08
433.0	7.417e-08
433.2	7.9592e-08
433.4	8.5411e-08
433.6	9.1655e-08
433.8	9.8356e-08
434.0	1.0e-07
434.2	1.0e-07
434.4	1.0e-07
434.6	1.0e-07
434.8	1.0e-07
435.0	1.0e-07
435.2	1.0e-07
435.4	1.0e-07
435.6	1.0e-07
435.8	1.0e-07
436.0	1.0e-07
436.2	1.0e-07
436.4	1.0e-07
436.6	1.0e-07
436.8	1.0e-07
437.0	1.0e-07
437.2	1.0e-07
437.4	1.0e-07
437.6	9.815e-08
437.8	9.0801e-08
438.0	8.4003e-08
438.2	7.7714e-08
438.4	7.1895e-08
438.6	6.6513e-08
438.8	6.1533e-08
439.0	5.6926e-08
439.2	5.2664e-08
439.4	4.8721e-08
439.6	4.5073e-08
439.8	4.1699e-08
440.0	3.8577e-08
440.2	3.5688e-08
440.4	3.3016e-08
440.6	3.0545e-08
440.8	2.8258e-08
441.0	2.6142e-08
441.2	2.4185e-08
441.4	2.3757e-08
441.6	2.3873e-08
441.8	2.399e-08
442.0	2.4107e-08
442.2	2.4225e-08
442.4	2.4344e-08
442.6	2.4463e-08
442.8	2.4583e-08
443.0	2.4703e-08
443.2	2.4824e-08
443.4	2.4945e-08
443.6	2.5068e-08
443.8	2.519e-08
444.0	2.5314e-08
444.2	2.5437e-08
444.4	2.5562e-08
444.6	2.5687e-08
444.8	2.5813e-08
445.0	2.5892e-08
445.2	2.5806e-08
445.4	2.5721e-08
445.6	2.5635e-08
445.8	2.555e-08
446.0	2.5466e-08
446.2	2.5381e-08
446.4	2.5297e-08
446.6	2.5213e-08
446.8	2.5129e-08
447.0	2.5046e-08
447.2	2.4963e-08
447.4	2.488e-08
447.6	2.4797e-08
447.8	2.4715e-08
448.0	2.4633e-08
448.2	2.4551e-08
448.4	2.447e-08
448.6	2.4389e-08
448.8	2.5764e-08
449.0	2.7809e-08
449.2	3.0016e-08
449.4	3.2399e-08
449.6	3.4971e-08
449.8	3.7747e-08
450.0	4.0743e-08
450.2	4.3977e-08
450.4	4.7468e-08
450.6	5.1235e-08
450.8	5.5302e-08
451.0	5.9692e-08
451.2	6.443e-08
451.4	6.9544e-08
451.6	7.5065e-08
451.8	8.1023e-08
452.0	8.7454e-08
452.2	9.4396e-08
452.4	9.8222e-08
452.6	9.1286e-08
452.8	8.4841e-08
453.0	7.885e-08
453.2	7.3282e-08
453.4	6.8108e-08
453.6	6.3299e-08
453.8	5.8829e-08
454.0	5.4675e-08
454.2	5.0814e-08
454.4	4.7226e-08
454.6	4.3892e-08
454.8	4.0793e-08
455.0	3.7912e-08
455.2	3.5235e-08
455.4	3.2747e-08
455.6	3.0435e-08
455.8	2.8286e-08
456.0	2.6289e-08
456.2	2.6725e-08
456.4	2.7906e-08
456.6	2.9139e-08
456.8	3.0426e-08
457.0	3.1771e-08
457.2	3.3175e-08
457.4	3.4641e-08
457.6	3.6172e-08
457.8	3.777e-08
458.0	3.9439e-08
458.2	4.1182e-08
458.4	4.3002e-08
458.6	4.4902e-08
458.8	4.6886e-08
459.0	4.8958e-08
459.2	5.1122e-08
459.4	5.3381e-08
459.6	5.574e-08
459.8	5.7943e-08
460.0	5.9625e-08
460.2	6.1355e-08
460.4	6.3135e-08
460.6	6.4967e-08
460.8	6.6852e-08
461.0	6.8792e-08
461.2	7.0788e-08
461.4	7.2842e-08
461.6	7.4955e-08
461.8	7.713e-08
462.0	7.9368e-08
462.2	8.1671e-08
462.4	8.4041e-08
462.6	8.648e-08
462.8	8.8989e-08
463.0	9.1571e-08
463.2	9.4228e-08
463.4	9.6962e-08
463.6	1.0074e-07
463.8	1.0483e-07
464.0	1.0909e-07
464.2	1.1353e-07
464.4	1.1814e-07
464.6	1.2294e-07
464.8	1.2794e-07
465.0	1.3313e-07
465.2	1.3854e-07
465.4	1.4417e-07
465.6	1.5003e-07
465.8	1.5613e-07
466.0	1.6247e-07
466.2	1.6908e-07
466.4	1.7595e-07
466.6	1.831e-07
466.8	1.9054e-07
467.0	1.9828e-07
467.2	2.0652e-07
467.4	2.1539e-07
467.6	2.2464e-07
467.8	2.3429e-07
468.0	2.4435e-07
468.2	2.4031e-07
468.4	2.3634e-07
468.6	2.3244e-07
468.8	2.286e-07
469.0	2.2483e-07
469.2	2.2112e-07
469.4	2.1746e-07
469.6	2.1387e-07
469.8	2.1034e-07
470.0	2.0687e-07
470.2	2.0345e-07
470.4	2.0009e-07
470.6	1.9728e-07
470.8	1.9556e-07
471.0	1.9385e-07
471.2	1.9216e-07
471.4	1.9049e-07
471.6	1.8882e-07
471.8	1.8718e-07
472.0	1.8554e-07
472.2	1.8393e-07
472.4	1.8232e-07
472.6	1.8073e-07
472.8	1.7916e-07
473.0	1.7759e-07
473.2	1.7604e-07
473.4	1.7451e-07
473.6	1.7299e-07
473.8	1.7148e-07
474.0	1.6998e-07
474.2	1.685e-07
474.4	1.6896e-07
474.6	1.698e-07
474.8	1.7065e-07
475.0	1.715e-07
475.2	1.7236e-07
475.4	1.7322e-07
475.6	1.7409e-07
475.8	1.7496e-07
476.0	1.7583e-07
476.2	1.7671e-07
476.4	1.7759e-07
476.6	1.7848e-07
476.8	1.7937e-07
477.0	1.8027e-07
477.2	1.8117e-07
477.4	1.8207e-07
477.6	1.8298e-07
477.8	1.839e-07
478.0	1.8566e-07
478.2	1.8893e-07
478.4	1.9225e-07
478.6	1.9563e-07
478.8	1.9907e-07
479.0	2.0257e-07
479.2	2.0614e-07
479.4	2.0976e-07
479.6	2.1345e-07
479.8	2.172e-07
480.0	2.2103e-07
480.2	2.2491e-07
480.4	2.2887e-07
480.6	2.3289e-07
480.8	2.3699e-07
481.0	2.4116e-07
481.2	2.454e-07
481.4	2.4972e-07
481.6	2.5411e-07
481.8	2.5629e-07
482.0	2.5825e-07
482.2	2.6022e-07
482.4	2.6221e-07
482.6	2.6421e-07
482.8	2.6623e-07
483.0	2.6826e-07
483.2	2.7031e-07
483.4	2.7238e-07
483.6	2.7446e-07
483.8	2.7655e-07
484.0	2.7867e-07
484.2	2.808e-07
484.4	2.8294e-07
484.6	2.851e-07
484.8	2.8728e-07
485.0	2.8947e-07
485.2	2.9169e-07
485.4	2.9409e-07
485.6	2.9671e-07
485.8	2.9936e-07
486.0	3.0204e-07
486.2	3.0474e-07
486.4	3.0746e-07
486.6	3.1021e-07
486.8	3.1298e-07
487.0	3.1577e-07
487.2	3.1859e-07
487.4	3.2144e-07
487.6	3.2431e-07
487.8	3.2721e-07
488.0	3.3013e-07
488.2	3.3308e-07
488.4	3.3606e-07
488.6	3.3906e-07
488.8	3.4209e-07
489.0	3.4516e-07
489.2	3.4957e-07
489.4	3.5403e-07
489.6	3.5855e-07
489.8	3.6312e-07
490.0	3.6776e-07
490.2	3.7245e-07
490.4	3.772e-07
490.6	3.8202e-07
490.8	3.8689e-07
491.0	3.9183e-07
491.2	3.9683e-07
491.4	4.019e-07
491.6	4.0703e-07
491.8	4.1222e-07
492.0	4.1748e-07
492.2	4.2281e-07
492.4	4.282e-07
492.6	4.3367e-07
492.8	4.3939e-07
493.0	4.4531e-07
493.2	4.5131e-07
493.4	4.5739e-07
493.6	4.6355e-07
493.8	4.698e-07
494.0	4.7613e-07
494.2	4.8255e-07
494.4	4.8905e-07
494.6	4.9564e-07
494.8	5.0232e-07
495.0	5.0909e-07
495.2	5.1595e-07
495.4	5.229e-07
495.6	5.2994e-07
495.8	5.3708e-07
496.0	5.4432e-07
496.2	5.5166e-07
496.4	5.562e-07
496.6	5.4674e-07
496.8	5.3744e-07
497.0	5.283e-07
497.2	5.1932e-07
497.4	5.1049e-07
497.6	5.0181e-07
497.8	4.9327e-07
498.0	4.8489e-07
498.2	4.7664e-07
498.4	4.6854e-07
498.6	4.6057e-07
498.8	4.5274e-07
499.0	4.4504e-07
499.2	4.3747e-07
499.4	4.3003e-07
499.6	4.2272e-07
499.8	4.1553e-07
500.0	4.0847e-07
500.2	3.0952e-07
500.4	2.3455e-07
500.6	1.7773e-07
500.8	1.433e-07
501.0	1.4926e-07
501.2	1.5546e-07
501.4	1.6192e-07
501.6	1.6866e-07
501.8	1.7567e-07
502.0	1.8297e-07
502.2	1.9058e-07
502.4	1.985e-07
502.6	2.0675e-07
502.8	2.1534e-07
503.0	2.243e-07
503.2	2.3362e-07
503.4	2.4333e-07
503.6	2.5345e-07
503.8	2.6399e-07
504.0	2.7496e-07
504.2	2.8639e-07
504.4	2.983e-07
504.6	2.8286e-07
504.8	2.5861e-07
505.0	2.3644e-07
505.2	2.1616e-07
505.4	1.9763e-07
505.6	1.8069e-07
505.8	1.6519e-07
506.0	1.5103e-07
506.2	1.3808e-07
506.4	1.2624e-07
506.6	1.1542e-07
506.8	1.0552e-07
507.0	9.6477e-08
507.2	8.8205e-08
507.4	8.0643e-08
507.6	7.3729e-08
507.8	6.7407e-08
508.0	6.1628e-08
508.2	5.6344e-08
508.4	5.1513e-08
508.6	4.7097e-08
508.8	4.3059e-08
509.0	3.9367e-08
509.2	3.5992e-08
509.4	3.3442e-08
509.6	3.3823e-08
509.8	3.4208e-08
510.0	3.4598e-08
510.2	3.4992e-08
510.4	3.5391e-08
510.6	3.5794e-08
510.8	3.6202e-08
511.0	3.6615e-08
511.2	3.7032e-08
511.4	3.7454e-08
511.6	3.7881e-08
511.8	3.8312e-08
512.0	3.8749e-08
512.2	3.919e-08
512.4	3.9637e-08
512.6	4.0088e-08
512.8	4.0545e-08
513.0	4.1113e-08
513.2	4.178e-08
513.4	4.2457e-08
513.6	4.3146e-08
513.8	4.3845e-08
514.0	4.4556e-08
514.2	4.5278e-08
514.4	4.6012e-08
514.6	4.6758e-08
514.8	4.7516e-08
515.0	4.8286e-08
515.2	4.9069e-08
515.4	4.9865e-08
515.6	5.0673e-08
515.8	5.1494e-08
516.0	5.2329e-08
516.2	5.3178e-08
516.4	5.404e-08
516.6	5.4916e-08
516.8	5.5806e-08
517.0	5.6711e-08
517.2	5.763e-08
517.4	5.8564e-08
517.6	5.9514e-08
517.8	6.0376e-08
518.0	5.8463e-08
518.2	5.6611e-08
518.4	5.4817e-08
518.6	5.3081e-08
518.8	5.1399e-08
519.0	4.977e-08
519.2	4.8193e-08
519.4	4.6666e-08
519.6	4.5188e-08
519.8	4.3756e-08
520.0	4.237e-08
520.2	4.1027e-08
520.4	3.9727e-08
520.6	3.8469e-08
520.8	3.725e-08
521.0	3.607e-08
521.2	3.4927e-08
521.4	3.382e-08
521.6	3.2749e-08
521.8	3.1711e-08
522.0	3.0706e-08
522.2	2.9733e-08
522.4	2.8791e-08
522.6	2.7879e-08
522.8	2.736e-08
523.0	2.7186e-08
523.2	2.7013e-08
523.4	2.6842e-08
523.6	2.6671e-08
523.8	2.6501e-08
524.0	2.6332e-08
524.2	2.6165e-08
524.4	2.5998e-08
524.6	2.5833e-08
524.8	2.5669e-08
525.0	2.5505e-08
525.2	2.5343e-08
525.4	2.5182e-08
525.6	2.5021e-08
525.8	2.4862e-08
526.0	2.4704e-08
526.2	2.4547e-08
526.4	2.4391e-08
526.6	2.4235e-08
526.8	2.4081e-08
527.0	2.3928e-08
527.2	2.3776e-08
527.4	2.3625e-08
527.6	2.3513e-08
527.8	2.5365e-08
528.0	2.7364e-08
528.2	2.9519e-08
528.4	3.1845e-08
528.6	3.4354e-08
528.8	3.706e-08
529.0	3.998e-08
529.2	4.3129e-08
529.4	4.6527e-08
529.6	5.0193e-08
529.8	5.4147e-08
530.0	5.8413e-08
530.2	6.3015e-08
530.4	6.7979e-08
530.6	7.3335e-08
530.8	7.9112e-08
531.0	8.5345e-08
531.2	9.2069e-08
531.4	9.9322e-08
531.6	1.0715e-07
531.8	1.1559e-07
532.0	1.2469e-07
532.2	1.3452e-07
532.4	1.4512e-07
532.6	1.4593e-07
532.8	1.3754e-07
533.0	1.2963e-07
533.2	1.2218e-07
533.4	1.1515e-07
533.6	1.0853e-07
533.8	1.0229e-07
534.0	9.6404e-08
534.2	9.0861e-08
534.4	8.5636e-08
534.6	8.0711e-08
534.8	7.607e-08
535.0	7.1695e-08
535.2	6.7572e-08
535.4	6.3687e-08
535.6	6.0024e-08
535.8	5.6573e-08
536.0	5.3319e-08
536.2	5.0253e-08
536.4	4.7363e-08
536.6	4.464e-08
536.8	4.2073e-08
537.0	3.9653e-08
537.2	3.7373e-08
537.4	3.5255e-08
537.6	3.5246e-08
537.8	3.5236e-08
538.0	3.5227e-08
538.2	3.5218e-08
538.4	3.5208e-08
538.6	3.5199e-08
538.8	3.519e-08
539.0	3.518e-08
539.2	3.5171e-08
539.4	3.5162e-08
539.6	3.5152e-08
539.8	3.5143e-08
540.0	3.5134e-08
540.2	3.5124e-08
540.4	3.5115e-08
540.6	3.5106e-08
540.8	3.5097e-08
541.0	3.5087e-08
541.2	3.5078e-08
541.4	3.5069e-08
541.6	3.5059e-08
541.8	3.505e-08
542.0	3.5041e-08
542.2	3.5032e-08
542.4	3.5224e-08
542.6	3.561e-08
542.8	3.6e-08
543.0	3.6394e-08
543.2	3.6792e-08
543.4	3.7195e-08
543.6	3.7602e-08
543.8	3.8014e-08
544.0	3.843e-08
544.2	3.8851e-08
544.4	3.9277e-08
544.6	3.9707e-08
544.8	4.0142e-08
545.0	4.0581e-08
545.2	4.1025e-08
545.4	4.1475e-08
545.6	4.1929e-08
545.8	4.2388e-08
546.0	4.2852e-08
546.2	4.3321e-08
546.4	4.3796e-08
546.6	4.4275e-08
546.8	4.476e-08
547.0	4.525e-08
547.2	4.5741e-08
547.4	4.5923e-08
547.6	4.6106e-08
547.8	4.6289e-08
548.0	4.6474e-08
548.2	4.6659e-08
548.4	4.6845e-08
548.6	4.7031e-08
548.8	4.7218e-08
549.0	4.7406e-08
549.2	4.7595e-08
549.4	4.7785e-08
549.6	4.7975e-08
549.8	4.8166e-08
550.0	4.8358e-08
550.2	4.855e-08
550.4	4.8744e-08
550.6	4.8938e-08
550.8	4.9133e-08
551.0	4.9328e-08
551.2	4.9525e-08
551.4	4.9722e-08
551.6	4.992e-08
551.8	5.0119e-08
552.0	5.0318e-08
552.2	5.0479e-08
552.4	5.0605e-08
552.6	5.073e-08
552.8	5.0856e-08
553.0	5.0982e-08
553.2	5.1109e-08
553.4	5.1235e-08
553.6	5.1363e-08
553.8	5.149e-08
554.0	5.1618e-08
554.2	5.1746e-08
554.4	5.1874e-08
554.6	5.2003e-08
554.8	5.2132e-08
555.0	5.2261e-08
555.2	5.2391e-08
555.4	5.2521e-08
555.6	5.2651e-08
555.8	5.2782e-08
556.0	5.2913e-08
556.2	5.3044e-08
556.4	5.3175e-08
556.6	5.3307e-08
556.8	5.344e-08
557.0	5.357e-08
557.2	5.3629e-08
557.4	5.3688e-08
557.6	5.3746e-08
557.8	5.3805e-08
558.0	5.3864e-08
558.2	5.3923e-08
558.4	5.3982e-08
558.6	5.4041e-08
558.8	5.41e-08
559.0	5.4159e-08
559.2	5.4218e-08
559.4	5.4277e-08
559.6	5.4337e-08
559.8	5.4396e-08
560.0	5.4456e-08
560.2	5.4515e-08
560.4	5.4575e-08
560.6	5.4634e-08
560.8	5.4921e-08
561.0	5.5731e-08
561.2	5.6554e-08
561.4	5.7389e-08
561.6	5.8236e-08
561.8	5.9095e-08
562.0	5.9968e-08
562.2	6.0853e-08
562.4	6.1751e-08
562.6	6.2662e-08
562.8	6.3587e-08
563.0	6.4526e-08
563.2	6.5478e-08
563.4	6.6445e-08
563.6	6.7426e-08
563.8	6.8421e-08
564.0	6.9431e-08
564.2	7.0456e-08
564.4	7.0813e-08
564.6	7.094e-08
564.8	7.1067e-08
565.0	7.1194e-08
565.2	7.1322e-08
565.4	7.1449e-08
565.6	7.1577e-08
565.8	7.1705e-08
566.0	7.1833e-08
566.2	7.1962e-08
566.4	7.209e-08
566.6	7.2219e-08
566.8	6.4276e-08
567.0	5.6889e-08
567.2	5.035e-08
567.4	4.4563e-08
567.6	3.9442e-08
567.8	3.4908e-08
568.0	3.0896e-08
568.2	5.0984e-08
568.4	2.353e-08
568.6	2.0313e-08
568.8	6.8532e-08
569.0	2.2711e-08
569.2	1.2382e-08
569.4	3.047e-08
569.6	1.2727e-08
569.8	5.3375e-08
570.0	1.7047e-08
570.2	1.0275e-08
570.4	1.0284e-08
570.6	1.0294e-08
570.8	3.3818e-08
571.0	3.8997e-08
571.2	2.6854e-08
571.4	2.4132e-08
571.6	6.5342e-08
571.8	1.7341e-08
572.0	2.0031e-08
572.2	7.2269e-08
572.4	3.301e-08
572.6	2.278e-08
572.8	3.2546e-08
573.0	3.0543e-08
573.2	4.1963e-08
573.4	9.5764e-08
573.6	5.271e-08
573.8	2.6407e-08
574.0	2.2239e-08
574.2	3.8662e-08
574.4	4.7723e-08
574.6	5.3702e-08
574.8	3.2533e-08
575.0	4.8819e-08
575.2	2.6123e-08
575.4	2.5068e-08
575.6	4.7385e-08
575.8	6.537e-08
576.0	4.7772e-08
576.2	5.0973e-08
576.4	3.844e-08
576.6	2.2939e-08
576.8	5.5006e-08
577.0	7.4772e-08
577.2	8.5115e-08
577.4	1.209e-07
577.6	1.1268e-07
577.8	9.673e-08
578.0	1.1911e-07
578.2	1.5528e-07
578.4	1.5031e-07
578.6	2.3272e-07
578.8	2.9886e-07
579.0	3.5485e-07
579.2	4.799e-07
579.4	6.0168e-07
579.6	7.742e-07
579.8	9.6523e-07
580.0	1.1672e-06
580.2	1.6236e-06
580.4	2.064e-06
580.6	2.7069e-06
580.8	3.6609e-06
581.0	4.9946e-06
581.2	6.9423e-06
581.4	9.5375e-06
581.6	1.3184e-05
581.8	1.8664e-05
582.0	2.6193e-05
582.2	3.8248e-05
582.4	5.4848e-05
582.6	8.1829e-05
582.8	1.2347e-04
583.0	1.8691e-04
583.2	2.9177e-04
583.4	4.675e-04
583.6	7.8555e-04
583.8	0.00133
584.0	0.00222
584.2	0.00381
584.4	0.00678
584.6	0.0126
584.8	0.02419
585.0	0.04895
585.2	0.09841
585.4	0.19715
585.6	0.36892
585.8	0.59089
586.0	0.78788
586.2	0.90057
586.4	0.95011
586.6	0.96564
586.8	0.97276
587.0	0.97583
587.2	0.97607
587.4	0.97486
587.6	0.9737
587.8	0.97409
588.0	0.9755
588.2	0.97784
588.4	0.98037
588.6	0.98204
588.8	0.98287
589.0	0.98225
589.2	0.98118
589.4	0.97993
589.6	0.9791
589.8	0.97872
590.0	0.97884
590.2	0.97995
590.4	0.9809
590.6	0.98179
590.8	0.98278
591.0	0.98237
591.2	0.98239
591.4	0.98249
591.6	0.98277
591.8	0.98231
592.0	0.98264
592.2	0.98356
592.4	0.98419
592.6	0.98499
592.8	0.98479
593.0	0.98457
593.2	0.98363
593.4	0.98259
593.6	0.98134
593.8	0.98013
594.0	0.97878
594.2	0.97593
594.4	0.97141
594.6	0.96648
594.8	0.96108
595.0	0.95117
595.2	0.92546
595.4	0.85414
595.6	0.70174
595.8	0.49061
596.0	0.29159
596.2	0.15783
596.4	0.09959
596.6	0.05053
596.8	0.02636
597.0	0.01426
597.2	0.00804
597.4	0.00473
597.6	0.00284
597.8	0.00168
598.0	0.00104
598.2	6.5866e-04
598.4	4.2507e-04
598.6	2.8274e-04
598.8	1.9042e-04
599.0	1.3079e-04
599.2	9.0607e-05
599.4	6.2999e-05
599.6	4.4286e-05
599.8	3.2002e-05
600.0	2.3126e-05
600.2	1.6558e-05
600.4	1.1971e-05
600.6	8.9134e-06
600.8	6.6364e-06
601.0	5.0419e-06
601.2	3.8504e-06
601.4	2.9481e-06
601.6	2.2714e-06
601.8	1.7814e-06
602.0	1.4033e-06
602.2	1.1148e-06
602.4	9.0379e-07
602.6	7.3271e-07
602.8	5.6304e-07
603.0	4.3914e-07
603.2	3.7164e-07
603.4	3.1451e-07
603.6	2.7584e-07
603.8	2.4474e-07
604.0	2.1508e-07
604.2	1.838e-07
604.4	1.5485e-07
604.6	1.2989e-07
604.8	1.1105e-07
605.0	1.0011e-07
605.2	9.0255e-08
605.4	1.0483e-07
605.6	1.1743e-07
605.8	9.4475e-08
606.0	7.6005e-08
606.2	7.5111e-08
606.4	7.9209e-08
606.6	7.8286e-08
606.8	6.4337e-08
607.0	6.4916e-08
607.2	6.8948e-08
607.4	6.8203e-08
607.6	5.7153e-08
607.8	4.7893e-08
608.0	4.6304e-08
608.2	4.4176e-08
608.4	3.7585e-08
608.6	3.1978e-08
608.8	2.7207e-08
609.0	2.3148e-08
609.2	2.3746e-08
609.4	3.7691e-08
609.6	3.0335e-08
609.8	2.0493e-08
610.0	1.936e-08
610.2	4.0767e-08
610.4	8.5843e-08
610.6	5.4126e-08
610.8	3.2348e-08
611.0	3.6303e-08
611.2	4.0742e-08
611.4	3.5982e-08
611.6	2.9817e-08
611.8	1.9702e-08
612.0	2.1896e-08
612.2	3.3989e-08
612.4	5.0874e-08
612.6	6.8837e-08
612.8	9.3141e-08
613.0	9.7384e-08
613.2	9.4067e-08
613.4	9.0864e-08
613.6	8.7769e-08
613.8	8.478e-08
614.0	8.1892e-08
614.2	7.9103e-08
614.4	7.6416e-08
614.6	7.4499e-08
614.8	7.2629e-08
615.0	7.0806e-08
615.2	6.903e-08
615.4	6.7297e-08
615.6	6.5608e-08
615.8	6.3962e-08
616.0	6.2357e-08
616.2	6.0792e-08
616.4	5.9266e-08
616.6	5.7779e-08
616.8	5.6329e-08
617.0	5.4916e-08
617.2	5.3537e-08
617.4	5.2194e-08
617.6	5.0884e-08
617.8	4.9607e-08
618.0	4.8943e-08
618.2	4.8856e-08
618.4	4.877e-08
618.6	4.8683e-08
618.8	4.8597e-08
619.0	4.8511e-08
619.2	4.8425e-08
619.4	4.8339e-08
619.6	4.8253e-08
619.8	4.8167e-08
620.0	4.8082e-08
620.2	4.7997e-08
620.4	4.7911e-08
620.6	4.7826e-08
620.8	4.7742e-08
621.0	4.7657e-08
621.2	4.7572e-08
621.4	4.7488e-08
621.6	4.7404e-08
621.8	4.732e-08
622.0	4.7236e-08
622.2	4.7152e-08
622.4	4.7068e-08
622.6	4.6985e-08
622.8	4.689e-08
623.0	4.6228e-08
623.2	4.5575e-08
623.4	4.4931e-08
623.6	4.4297e-08
623.8	4.3671e-08
624.0	4.3054e-08
624.2	4.2446e-08
624.4	4.1847e-08
624.6	4.1256e-08
624.8	4.0673e-08
625.0	4.0099e-08
625.2	3.9533e-08
625.4	3.8974e-08
625.6	3.8424e-08
625.8	3.7881e-08
626.0	3.7346e-08
626.2	3.6819e-08
626.4	3.6299e-08
626.6	3.5786e-08
626.8	3.5281e-08
627.0	3.4783e-08
627.2	3.4292e-08
627.4	3.3807e-08
627.6	3.333e-08
627.8	3.3133e-08
628.0	3.3176e-08
628.2	3.3219e-08
628.4	3.3262e-08
628.6	3.3305e-08
628.8	3.3348e-08
629.0	3.3391e-08
629.2	3.3434e-08
629.4	3.3477e-08
629.6	3.352e-08
629.8	3.3563e-08
630.0	3.3607e-08
630.2	3.365e-08
630.4	3.3694e-08
630.6	3.3737e-08
630.8	3.3781e-08
631.0	3.3824e-08
631.2	3.3868e-08
631.4	3.3912e-08
631.6	3.3955e-08
631.8	3.3999e-08
632.0	3.4043e-08
632.2	3.4087e-08
632.4	3.4131e-08
632.6	3.4169e-08
632.8	3.4051e-08
633.0	3.3933e-08
633.2	3.3815e-08
633.4	3.3698e-08
633.6	3.3581e-08
633.8	3.3464e-08
634.0	3.3348e-08
634.2	3.3232e-08
634.4	3.3117e-08
634.6	3.3002e-08
634.8	3.2888e-08
635.0	3.2773e-08
635.2	3.266e-08
635.4	3.2546e-08
635.6	3.2433e-08
635.8	3.2321e-08
636.0	3.2209e-08
636.2	3.2097e-08
636.4	3.1986e-08
636.6	3.1875e-08
636.8	3.1764e-08
637.0	3.1654e-08
637.2	3.1544e-08
637.4	3.1435e-08
637.6	3.1171e-08
637.8	3.078e-08
638.0	3.0394e-08
638.2	3.0013e-08
638.4	2.9637e-08
638.6	2.9265e-08
638.8	2.8898e-08
639.0	2.8535e-08
639.2	2.8178e-08
639.4	2.7824e-08
639.6	2.7475e-08
639.8	2.7131e-08
640.0	2.679e-08
640.2	2.6454e-08
640.4	2.6123e-08
640.6	2.5795e-08
640.8	2.5472e-08
641.0	2.5152e-08
641.2	2.4837e-08
641.4	2.4525e-08
641.6	2.4218e-08
641.8	2.3914e-08
642.0	2.3614e-08
642.2	2.3318e-08
642.4	2.3039e-08
642.6	2.3076e-08
642.8	2.3114e-08
643.0	2.3152e-08
643.2	2.3189e-08
643.4	2.3227e-08
643.6	2.3265e-08
643.8	2.3303e-08
644.0	2.3341e-08
644.2	2.3379e-08
644.4	2.3418e-08
644.6	2.3456e-08
644.8	2.3494e-08
645.0	2.3533e-08
645.2	2.3571e-08
645.4	2.361e-08
645.6	2.3648e-08
645.8	2.3687e-08
646.0	2.3725e-08
646.2	2.3764e-08
646.4	2.3803e-08
646.6	2.3842e-08
646.8	2.3881e-08
647.0	2.392e-08
647.2	2.3959e-08
647.4	2.3928e-08
647.6	2.3837e-08
647.8	2.3747e-08
648.0	2.3657e-08
648.2	2.3567e-08
648.4	2.3478e-08
648.6	2.3389e-08
648.8	2.33e-08
649.0	2.3212e-08
649.2	2.3124e-08
649.4	2.3037e-08
649.6	2.2949e-08
649.8	2.2862e-08
650.0	2.2776e-08
650.2	2.2689e-08
650.4	2.2603e-08
650.6	2.2518e-08
650.8	2.2432e-08
651.0	2.2347e-08
651.2	2.2263e-08
651.4	2.2178e-08
651.6	2.2094e-08
651.8	2.2011e-08
652.0	2.1927e-08
652.2	2.1848e-08
652.4	2.1902e-08
652.6	2.1955e-08
652.8	2.2008e-08
653.0	2.2062e-08
653.2	2.2116e-08
653.4	2.2169e-08
653.6	2.2223e-08
653.8	2.2277e-08
654.0	2.2332e-08
654.2	2.2386e-08
654.4	2.244e-08
654.6	2.2495e-08
654.8	2.255e-08
655.0	2.2605e-08
655.2	2.266e-08
655.4	2.2715e-08
655.6	2.277e-08
655.8	2.2826e-08
656.0	2.2881e-08
656.2	2.2937e-08
656.4	2.2993e-08
656.6	2.3049e-08
656.8	2.3105e-08
657.0	2.3161e-08
657.2	2.3417e-08
657.4	2.3858e-08
657.6	2.4309e-08
657.8	2.4768e-08
658.0	2.5235e-08
658.2	2.5711e-08
658.4	2.6197e-08
658.6	2.6691e-08
658.8	2.7195e-08
659.0	2.7708e-08
659.2	2.8231e-08
659.4	2.8764e-08
659.6	2.9307e-08
659.8	2.986e-08
660.0	3.0424e-08
660.2	3.0998e-08
660.4	3.1583e-08
660.6	3.218e-08
660.8	3.2787e-08
661.0	3.3406e-08
661.2	3.4036e-08
661.4	3.4679e-08
661.6	3.5333e-08
661.8	3.6e-08
662.0	3.6669e-08
662.2	3.6839e-08
662.4	3.701e-08
662.6	3.7181e-08
662.8	3.7354e-08
663.0	3.7527e-08
663.2	3.7701e-08
663.4	3.7875e-08
663.6	3.8051e-08
663.8	3.8227e-08
664.0	3.8404e-08
664.2	3.8582e-08
664.4	3.8761e-08
664.6	3.894e-08
664.8	3.9121e-08
665.0	3.9302e-08
665.2	3.9484e-08
665.4	3.9667e-08
665.6	3.985e-08
665.8	4.0035e-08
666.0	4.0221e-08
666.2	4.0407e-08
666.4	4.0594e-08
666.6	4.0782e-08
666.8	4.083e-08
667.0	4.0444e-08
667.2	4.0062e-08
667.4	3.9683e-08
667.6	3.9308e-08
667.8	3.8937e-08
668.0	3.8569e-08
668.2	3.8205e-08
668.4	3.7844e-08
668.6	3.7486e-08
668.8	3.7132e-08
669.0	3.6781e-08
669.2	3.6434e-08
669.4	3.609e-08
669.6	3.5749e-08
669.8	3.5411e-08
670.0	3.5076e-08
670.2	3.4745e-08
670.4	3.4899e-08
670.6	3.5172e-08
670.8	3.5448e-08
671.0	3.5725e-08
671.2	3.6005e-08
671.4	3.6287e-08
671.6	3.6571e-08
671.8	3.6858e-08
672.0	3.7146e-08
672.2	3.7437e-08
672.4	3.773e-08
672.6	3.8026e-08
672.8	3.8324e-08
673.0	3.8624e-08
673.2	3.8926e-08
673.4	3.9231e-08
673.6	3.9676e-08
673.8	4.1557e-08
674.0	4.3528e-08
674.2	4.5593e-08
674.4	4.7755e-08
674.6	5.002e-08
674.8	5.2392e-08
675.0	5.4877e-08
675.2	5.748e-08
675.4	6.0206e-08
675.6	6.3062e-08
675.8	6.6052e-08
676.0	6.9185e-08
676.2	7.2466e-08
676.4	7.5903e-08
676.6	7.9503e-08
676.8	8.3274e-08
677.0	8.7224e-08
677.2	9.136e-08
677.4	9.5693e-08
677.6	1.0e-07
677.8	1.0e-07
678.0	1.0e-07
678.2	1.0e-07
678.4	1.0e-07
678.6	1.0e-07
678.8	1.0e-07
679.0	1.0e-07
679.2	1.0e-07
679.4	1.0e-07
679.6	1.0e-07
679.8	1.0e-07
680.0	1.0e-07
680.2	1.0e-07
680.4	1.0e-07
680.6	1.0e-07
680.8	1.0e-07
681.0	1.0e-07
681.2	1.0e-07
681.4	1.0e-07
681.6	1.0e-07
681.8	1.0e-07
682.0	1.0e-07
682.2	1.0e-07
682.4	1.0e-07
682.6	1.0e-07
682.8	1.0e-07
683.0	1.0e-07
683.2	1.0e-07
683.4	1.0e-07
683.6	1.0e-07
683.8	1.0e-07
684.0	1.0e-07
684.2	1.0e-07
684.4	1.0e-07
684.6	1.0e-07
684.8	1.0e-07
685.0	1.0e-07
685.2	1.0e-07
685.4	1.0e-07
685.6	1.0e-07
685.8	1.0e-07
686.0	1.0e-07
686.2	1.0e-07
686.4	1.0e-07
686.6	1.0e-07
686.8	1.0e-07
687.0	1.0e-07
687.2	1.0e-07
687.4	1.0e-07
687.6	1.0e-07
687.8	1.0e-07
688.0	1.0e-07
688.2	1.0e-07
688.4	1.0e-07
688.6	1.0e-07
688.8	1.0e-07
689.0	1.0e-07
689.2	1.0e-07
689.4	1.0e-07
689.6	1.0e-07
689.8	1.0e-07
690.0	1.0e-07
690.2	1.0e-07
690.4	1.0e-07
690.6	1.0e-07
690.8	1.0e-07
691.0	1.0e-07
691.2	1.0e-07
691.4	1.0e-07
691.6	1.0e-07
691.8	1.0e-07
692.0	1.0e-07
692.2	1.0e-07
692.4	1.0e-07
692.6	1.0e-07
692.8	1.0e-07
693.0	1.0e-07
693.2	1.0e-07
693.4	1.0e-07
693.6	1.0e-07
693.8	1.0e-07
694.0	1.0e-07
694.2	1.0e-07
694.4	1.0e-07
694.6	1.0e-07
694.8	1.0e-07
695.0	1.0e-07
695.2	1.0e-07
695.4	1.0e-07
695.6	1.0e-07
695.8	1.0e-07
696.0	1.0e-07
696.2	1.0e-07
696.4	1.0e-07
696.6	1.0e-07
696.8	1.0e-07
697.0	1.0e-07
697.2	1.0e-07
697.4	1.0e-07
697.6	1.0e-07
697.8	1.0e-07
698.0	1.0e-07
698.2	1.0e-07
698.4	1.0e-07
698.6	1.0e-07
698.8	1.0e-07
699.0	1.0e-07
699.2	1.0e-07
699.4	1.0e-07
699.6	1.0e-07
699.8	1.0e-07
700.0	1.0e-07
700.2	1.0e-07
700.4	1.0e-07
700.6	1.0e-07
700.8	1.0e-07
701.0	1.0e-07
701.2	1.0e-07
701.4	1.0e-07
701.6	1.0e-07
701.8	1.0e-07
702.0	1.0e-07
702.2	1.0e-07
702.4	1.0e-07
702.6	1.0e-07
702.8	1.0e-07
703.0	1.0e-07
703.2	9.8167e-08
703.4	8.678e-08
703.6	7.6713e-08
703.8	6.7814e-08
704.0	5.9948e-08
704.2	5.2994e-08
704.4	4.6846e-08
704.6	4.1412e-08
704.8	3.6608e-08
705.0	3.2361e-08
705.2	2.8607e-08
705.4	2.5289e-08
705.6	2.2355e-08
705.8	1.9762e-08
706.0	1.747e-08
706.2	1.5443e-08
706.4	1.3652e-08
706.6	1.2068e-08
706.8	1.0668e-08
707.0	1.1833e-08
707.2	1.3386e-08
707.4	1.5143e-08
707.6	1.7131e-08
707.8	1.9379e-08
708.0	2.1923e-08
708.2	2.4801e-08
708.4	2.8056e-08
708.6	3.1739e-08
708.8	3.5905e-08
709.0	4.0618e-08
709.2	4.595e-08
709.4	5.1981e-08
709.6	5.8804e-08
709.8	6.6523e-08
710.0	7.5255e-08
710.2	8.5133e-08
710.4	9.6308e-08
710.6	1.0e-07
710.8	1.0e-07
711.0	1.0e-07
711.2	1.0e-07
711.4	1.0e-07
711.6	1.0e-07
711.8	1.0e-07
712.0	1.0e-07
712.2	1.0e-07
712.4	1.0e-07
712.6	1.0e-07
712.8	1.0e-07
713.0	1.0e-07
713.2	1.0e-07
713.4	1.0e-07
713.6	1.0e-07
713.8	1.0e-07
714.0	1.0e-07
714.2	1.0e-07
714.4	1.0e-07
714.6	1.0e-07
714.8	1.0e-07
715.0	1.0e-07
715.2	1.0e-07
715.4	1.0e-07
715.6	1.0e-07
715.8	1.0e-07
716.0	1.0e-07
716.2	1.0e-07
716.4	1.0e-07
716.6	1.0e-07
716.8	1.0e-07
717.0	1.0e-07
717.2	1.0e-07
717.4	1.0e-07
717.6	1.0e-07
717.8	9.7959e-08
718.0	9.1123e-08
718.2	8.4763e-08
718.4	7.8847e-08
718.6	7.3344e-08
718.8	6.8226e-08
719.0	6.3464e-08
719.2	5.9035e-08
719.4	5.4915e-08
719.6	5.1082e-08
719.8	4.7517e-08
720.0	4.4201e-08
720.2	4.1116e-08
720.4	3.8246e-08
720.6	3.5577e-08
720.8	3.3094e-08
721.0	3.0785e-08
721.2	2.8636e-08
721.4	2.7006e-08
721.6	2.9033e-08
721.8	3.1212e-08
722.0	3.3554e-08
722.2	3.6073e-08
722.4	3.878e-08
722.6	4.169e-08
722.8	4.4819e-08
723.0	4.8183e-08
723.2	5.1799e-08
723.4	5.5686e-08
723.6	5.9865e-08
723.8	6.4358e-08
724.0	6.9188e-08
724.2	7.438e-08
724.4	7.9963e-08
724.6	8.5964e-08
724.8	9.2415e-08
725.0	9.9351e-08
725.2	9.3833e-08
725.4	8.7494e-08
725.6	8.1584e-08
725.8	7.6072e-08
726.0	7.0933e-08
726.2	6.6141e-08
726.4	6.1673e-08
726.6	5.7507e-08
726.8	5.3622e-08
727.0	5.0e-08
727.2	4.6622e-08
727.4	4.3472e-08
727.6	4.0536e-08
727.8	3.7797e-08
728.0	3.5244e-08
728.2	3.2863e-08
728.4	3.0643e-08
728.6	2.8573e-08
728.8	2.8729e-08
729.0	2.9662e-08
729.2	3.0625e-08
729.4	3.1619e-08
729.6	3.2645e-08
729.8	3.3705e-08
730.0	3.4799e-08
730.2	3.5929e-08
730.4	3.7095e-08
730.6	3.8299e-08
730.8	3.9542e-08
731.0	4.0826e-08
731.2	4.2151e-08
731.4	4.352e-08
731.6	4.4933e-08
731.8	4.6391e-08
732.0	4.7897e-08
732.2	4.9452e-08
732.4	5.2219e-08
732.6	5.6047e-08
732.8	6.0156e-08
733.0	6.4566e-08
733.2	6.9299e-08
733.4	7.438e-08
733.6	7.9832e-08
733.8	8.5685e-08
734.0	9.1966e-08
734.2	9.8708e-08
734.4	1.0594e-07
734.6	1.1371e-07
734.8	1.2205e-07
735.0	1.3099e-07
735.2	1.406e-07
735.4	1.509e-07
735.6	1.6197e-07
735.8	1.7384e-07
736.0	1.9766e-07
736.2	2.4258e-07
736.4	2.9771e-07
736.6	3.6537e-07
736.8	4.4841e-07
737.0	5.5032e-07
737.2	6.7539e-07
737.4	8.2889e-07
737.6	1.0173e-06
737.8	1.2485e-06
738.0	1.5322e-06
738.2	1.6268e-06
738.4	1.7271e-06
738.6	1.8337e-06
738.8	1.9468e-06
739.0	2.067e-06
739.2	2.1239e-06
739.4	2.1548e-06
739.6	2.1862e-06
739.8	2.218e-06
740.0	2.2503e-06
740.2	2.2831e-06
740.4	2.3163e-06
740.6	2.3501e-06
740.8	2.3843e-06
741.0	2.419e-06
741.2	2.4542e-06
741.4	2.4899e-06
741.6	2.5262e-06
741.8	2.563e-06
742.0	2.6003e-06
742.2	2.6382e-06
742.4	2.6766e-06
742.6	2.7155e-06
742.8	2.6105e-06
743.0	2.37e-06
743.2	2.1516e-06
743.4	1.9534e-06
743.6	1.7734e-06
743.8	1.61e-06
744.0	1.4617e-06
744.2	1.327e-06
744.4	1.2047e-06
744.6	1.0937e-06
744.8	9.9297e-07
745.0	9.0148e-07
745.2	8.1842e-07
745.4	7.4301e-07
745.6	6.7455e-07
745.8	6.124e-07
746.0	5.5598e-07
746.2	5.0475e-07
746.4	4.6254e-07
746.6	4.3526e-07
746.8	4.0959e-07
747.0	3.8543e-07
747.2	3.627e-07
747.4	3.4131e-07
747.6	3.2118e-07
747.8	3.0224e-07
748.0	2.8441e-07
748.2	2.6764e-07
748.4	2.5185e-07
748.6	2.37e-07
748.8	2.2302e-07
749.0	2.0987e-07
749.2	1.9749e-07
749.4	1.8584e-07
749.6	1.7488e-07
749.8	1.6457e-07
750.0	1.552e-07
750.2	1.5336e-07
750.4	1.5154e-07
750.6	1.4973e-07
750.8	1.4795e-07
751.0	1.462e-07
751.2	1.4446e-07
751.4	1.4274e-07
751.6	1.4104e-07
751.8	1.3937e-07
752.0	1.3771e-07
752.2	1.3607e-07
752.4	1.3445e-07
752.6	1.3286e-07
752.8	1.3128e-07
753.0	1.2972e-07
753.2	1.2817e-07
753.4	1.2665e-07
753.6	1.2514e-07
753.8	1.2639e-07
754.0	1.2819e-07
754.2	1.3001e-07
754.4	1.3186e-07
754.6	1.3373e-07
754.8	1.3563e-07
755.0	1.3756e-07
755.2	1.3951e-07
755.4	1.4149e-07
755.6	1.435e-07
755.8	1.4554e-07
756.0	1.4761e-07
756.2	1.4971e-07
756.4	1.5183e-07
756.6	1.5399e-07
756.8	1.5618e-07
757.0	1.584e-07
757.2	1.6065e-07
757.4	1.6478e-07
757.6	1.7007e-07
757.8	1.7552e-07
758.0	1.8116e-07
758.2	1.8697e-07
758.4	1.9297e-07
758.6	1.9917e-07
758.8	2.0556e-07
759.0	2.1216e-07
759.2	2.1897e-07
759.4	2.2599e-07
759.6	2.3325e-07
759.8	2.4073e-07
760.0	2.4846e-07
760.2	2.5643e-07
760.4	2.6467e-07
760.6	2.7316e-07
760.8	2.8193e-07
761.0	2.9384e-07
761.2	3.0978e-07
761.4	3.266e-07
761.6	3.4432e-07
761.8	3.6301e-07
762.0	3.8271e-07
762.2	4.0348e-07
762.4	4.2538e-07
762.6	4.4847e-07
762.8	4.7281e-07
763.0	4.9847e-07
763.2	5.2552e-07
763.4	5.5404e-07
763.6	5.8411e-07
763.8	6.1581e-07
764.0	6.4924e-07
764.2	6.8447e-07
764.4	7.2162e-07
764.6	7.656e-07
764.8	8.2519e-07
765.0	8.8943e-07
765.2	9.5866e-07
765.4	1.0333e-06
765.6	1.1137e-06
765.8	1.2004e-06
766.0	1.2939e-06
766.2	1.3946e-06
766.4	1.5031e-06
766.6	1.6201e-06
766.8	1.7462e-06
767.0	1.8822e-06
767.2	2.0287e-06
767.4	2.1866e-06
767.6	2.3568e-06
767.8	2.5403e-06
768.0	2.738e-06
768.2	2.9539e-06
768.4	3.2089e-06
768.6	3.4859e-06
768.8	3.7868e-06
769.0	4.1137e-06
769.2	4.4687e-06
769.4	4.8545e-06
769.6	5.2735e-06
769.8	5.7287e-06
770.0	6.2232e-06
770.2	6.7604e-06
770.4	7.3439e-06
770.6	7.9779e-06
770.8	8.6665e-06
771.0	9.4146e-06
771.2	1.0227e-05
771.4	1.111e-05
771.6	1.2069e-05
771.8	1.3111e-05
772.0	1.2437e-05
772.2	1.1741e-05
772.4	1.1083e-05
772.6	1.0462e-05
772.8	9.8765e-06
773.0	9.3233e-06
773.2	8.8011e-06
773.4	8.3081e-06
773.6	7.8428e-06
773.8	7.4035e-06
774.0	6.9889e-06
774.2	6.5974e-06
774.4	6.2279e-06
774.6	5.8791e-06
774.8	5.5498e-06
775.0	5.2389e-06
775.2	4.9455e-06
775.4	4.6685e-06
775.6	4.272e-06
775.8	3.8826e-06
776.0	3.5287e-06
776.2	3.207e-06
776.4	2.9147e-06
776.6	2.649e-06
776.8	2.4076e-06
777.0	2.1881e-06
777.2	1.9886e-06
777.4	1.8074e-06
777.6	1.6426e-06
777.8	1.4929e-06
778.0	1.3568e-06
778.2	1.2331e-06
778.4	1.1207e-06
778.6	1.0186e-06
778.8	9.2572e-07
779.0	8.4134e-07
779.2	7.8669e-07
779.4	7.4505e-07
779.6	7.0561e-07
779.8	6.6826e-07
780.0	6.3288e-07
780.2	5.9938e-07
780.4	5.6765e-07
780.6	5.376e-07
780.8	5.0914e-07
781.0	4.8219e-07
781.2	4.5667e-07
781.4	4.3249e-07
781.6	4.096e-07
781.8	3.8792e-07
782.0	3.6738e-07
782.2	3.4793e-07
782.4	3.2952e-07
782.6	3.1207e-07
782.8	3.0059e-07
783.0	2.9333e-07
783.2	2.8624e-07
783.4	2.7933e-07
783.6	2.7258e-07
783.8	2.6599e-07
784.0	2.5957e-07
784.2	2.533e-07
784.4	2.4718e-07
784.6	2.4121e-07
784.8	2.3538e-07
785.0	2.2969e-07
785.2	2.2414e-07
785.4	2.1873e-07
785.6	2.1344e-07
785.8	2.0829e-07
786.0	2.0325e-07
786.2	1.9834e-07
786.4	1.9545e-07
786.6	1.9491e-07
786.8	1.9438e-07
787.0	1.9384e-07
787.2	1.9331e-07
787.4	1.9278e-07
787.6	1.9225e-07
787.8	1.9172e-07
788.0	1.9119e-07
788.2	1.9066e-07
788.4	1.9014e-07
788.6	1.8962e-07
788.8	1.8909e-07
789.0	1.8857e-07
789.2	1.8805e-07
789.4	1.8754e-07
789.6	1.8702e-07
789.8	1.8651e-07
790.0	1.8735e-07
790.2	1.9079e-07
790.4	1.9431e-07
790.6	1.9789e-07
790.8	2.0153e-07
791.0	2.0524e-07
791.2	2.0902e-07
791.4	2.1287e-07
791.6	2.1679e-07
791.8	2.2078e-07
792.0	2.2484e-07
792.2	2.2898e-07
792.4	2.332e-07
792.6	2.3749e-07
792.8	2.4187e-07
793.0	2.4632e-07
793.2	2.5085e-07
793.4	2.5547e-07
793.6	2.6262e-07
793.8	2.7764e-07
794.0	2.9352e-07
794.2	3.103e-07
794.4	3.2805e-07
794.6	3.4681e-07
794.8	3.6665e-07
795.0	3.8761e-07
795.2	4.0273e-07
795.4	4.1844e-07
795.6	4.3477e-07
795.8	4.5172e-07
796.0	4.6934e-07
796.2	4.8765e-07
796.4	5.0667e-07
796.6	5.2644e-07
796.8	5.4697e-07
797.0	5.6831e-07
797.2	5.9289e-07
797.4	6.3425e-07
797.6	6.7849e-07
797.8	7.2583e-07
798.0	7.7646e-07
798.2	8.3062e-07
798.4	8.8856e-07
798.6	9.5055e-07
798.8	1.0169e-06
799.0	1.0878e-06
799.2	1.1637e-06
799.4	1.2448e-06
799.6	1.3317e-06
799.8	1.4246e-06
800.0	1.524e-06
800.2	1.6303e-06
800.4	1.744e-06
800.6	1.8656e-06
800.8	1.9954e-06
801.0	2.1278e-06
801.2	2.2689e-06
801.4	2.4195e-06
801.6	2.58e-06
801.8	2.7511e-06
802.0	2.9337e-06
802.2	3.1283e-06
802.4	3.3359e-06
802.6	3.5572e-06
802.8	3.7932e-06
803.0	4.0448e-06
803.2	4.1618e-06
803.4	4.3174e-06
803.6	4.5127e-06
803.8	4.7168e-06
804.0	4.9301e-06
804.2	5.1532e-06
804.4	5.3863e-06
804.6	5.6299e-06
804.8	5.8846e-06
805.0	6.1507e-06
805.2	6.3813e-06
805.4	6.5592e-06
805.6	6.7422e-06
805.8	6.9302e-06
806.0	7.1235e-06
806.2	7.3222e-06
806.4	7.5264e-06
806.6	7.7363e-06
806.8	7.9521e-06
807.0	8.1529e-06
807.2	8.3225e-06
807.4	8.4956e-06
807.6	8.6722e-06
807.8	8.8526e-06
808.0	9.0367e-06
808.2	9.2246e-06
808.4	9.4164e-06
808.6	9.6122e-06
808.8	9.8171e-06
809.0	1.0038e-05
809.2	1.0264e-05
809.4	1.0495e-05
809.6	1.0732e-05
809.8	1.0973e-05
810.0	1.122e-05
810.2	1.1473e-05
810.4	1.1731e-05
810.6	1.2003e-05
810.8	1.2308e-05
811.0	1.262e-05
811.2	1.294e-05
811.4	1.3268e-05
811.6	1.3605e-05
811.8	1.395e-05
812.0	1.4304e-05
812.2	1.4667e-05
812.4	1.5051e-05
812.6	1.5513e-05
812.8	1.5989e-05
813.0	1.648e-05
813.2	1.6986e-05
813.4	1.7507e-05
813.6	1.8045e-05
813.8	1.8599e-05
814.0	1.917e-05
814.2	1.9766e-05
814.4	2.046e-05
814.6	2.1178e-05
814.8	2.1922e-05
815.0	2.2691e-05
815.2	2.3487e-05
815.4	2.4312e-05
815.6	2.5165e-05
815.8	2.6048e-05
816.0	2.6967e-05
816.2	2.8052e-05
816.4	2.918e-05
816.6	3.0353e-05
816.8	3.1574e-05
817.0	3.2844e-05
817.2	3.4165e-05
817.4	3.5539e-05
817.6	3.6968e-05
817.8	3.8455e-05
818.0	4.0312e-05
818.2	4.2269e-05
818.4	4.4321e-05
818.6	4.6472e-05
818.8	4.8728e-05
819.0	5.1094e-05
819.2	5.3574e-05
819.4	5.6175e-05
819.6	5.8902e-05
819.8	6.1875e-05
820.0	6.5008e-05
820.2	6.8301e-05
820.4	7.1761e-05
820.6	7.5395e-05
820.8	7.9214e-05
821.0	8.3226e-05
821.2	8.7442e-05
821.4	9.1871e-05
821.6	9.4911e-05
821.8	9.7783e-05
822.0	1.0074e-04
822.2	1.0379e-04
822.4	1.0693e-04
822.6	1.1017e-04
822.8	1.135e-04
823.0	1.1694e-04
823.2	1.2048e-04
823.4	1.1881e-04
823.6	1.1594e-04
823.8	1.1313e-04
824.0	1.104e-04
824.2	1.0772e-04
824.4	1.0512e-04
824.6	1.0257e-04
824.8	1.0009e-04
825.0	9.767e-05
825.2	9.247e-05
825.4	8.6692e-05
825.6	8.1275e-05
825.8	7.6197e-05
826.0	7.1436e-05
826.2	6.6972e-05
826.4	6.2788e-05
826.6	5.8865e-05
826.8	5.5187e-05
827.0	5.1708e-05
827.2	4.8438e-05
827.4	4.5374e-05
827.6	4.2504e-05
827.8	3.9815e-05
828.0	3.7297e-05
828.2	3.4938e-05
828.4	3.2728e-05
828.6	3.0657e-05
828.8	2.8964e-05
829.0	2.7485e-05
829.2	2.6081e-05
829.4	2.4749e-05
829.6	2.3485e-05
829.8	2.2286e-05
830.0	2.1147e-05
830.2	2.0067e-05
830.4	1.9043e-05
830.6	1.8246e-05
830.8	1.7589e-05
831.0	1.6956e-05
831.2	1.6345e-05
831.4	1.5757e-05
831.6	1.519e-05
831.8	1.4643e-05
832.0	1.4116e-05
832.2	1.3608e-05
832.4	1.3219e-05
832.6	1.2916e-05
832.8	1.2619e-05
833.0	1.2329e-05
833.2	1.2046e-05
833.4	1.1769e-05
833.6	1.1499e-05
833.8	1.1235e-05
834.0	1.0977e-05
834.2	1.0826e-05
834.4	1.0764e-05
834.6	1.0703e-05
834.8	1.0642e-05
835.0	1.0582e-05
835.2	1.0522e-05
835.4	1.0462e-05
835.6	1.0403e-05
835.8	1.0344e-05
836.0	1.0368e-05
836.2	1.0476e-05
836.4	1.0585e-05
836.6	1.0695e-05
836.8	1.0807e-05
837.0	1.0919e-05
837.2	1.1033e-05
837.4	1.1148e-05
837.6	1.1264e-05
837.8	1.1474e-05
838.0	1.1797e-05
838.2	1.2129e-05
838.4	1.247e-05
838.6	1.2821e-05
838.8	1.3182e-05
839.0	1.3553e-05
839.2	1.3935e-05
839.4	1.4327e-05
839.6	1.4881e-05
839.8	1.5661e-05
840.0	1.6482e-05
840.2	1.7346e-05
840.4	1.8256e-05
840.6	1.9214e-05
840.8	2.0221e-05
841.0	2.1281e-05
841.2	2.2397e-05
841.4	2.376e-05
841.6	2.5501e-05
841.8	2.7369e-05
842.0	2.9374e-05
842.2	3.1526e-05
842.4	3.3836e-05
842.6	3.6315e-05
842.8	3.8976e-05
843.0	4.1832e-05
843.2	4.4306e-05
843.4	4.5921e-05
843.6	4.7596e-05
843.8	4.9332e-05
844.0	5.1131e-05
844.2	5.2996e-05
844.4	5.4929e-05
844.6	5.6932e-05
844.8	5.9009e-05
845.0	5.9188e-05
845.2	5.5936e-05
845.4	5.2862e-05
845.6	4.9958e-05
845.8	4.7212e-05
846.0	4.4618e-05
846.2	4.2166e-05
846.4	3.9849e-05
846.6	3.766e-05
846.8	3.5285e-05
847.0	3.2486e-05
847.2	2.991e-05
847.4	2.7537e-05
847.6	2.5353e-05
847.8	2.3342e-05
848.0	2.1491e-05
848.2	1.9786e-05
848.4	1.8217e-05
848.6	1.6876e-05
848.8	1.5851e-05
849.0	1.4889e-05
849.2	1.3985e-05
849.4	1.3135e-05
849.6	1.2338e-05
849.8	1.1588e-05
850.0	1.0885e-05
850.2	1.0224e-05
850.4	9.6702e-06
850.6	9.3015e-06
850.8	8.9468e-06
851.0	8.6056e-06
851.2	8.2775e-06
851.4	7.9619e-06
851.6	7.6583e-06
851.8	7.3662e-06
852.0	7.0854e-06
852.2	6.8482e-06
852.4	6.7019e-06
852.6	6.5587e-06
852.8	6.4186e-06
853.0	6.2814e-06
853.2	6.1472e-06
853.4	6.0158e-06
853.6	5.8873e-06
853.8	5.7615e-06
854.0	5.6613e-06
854.2	5.626e-06
854.4	5.5908e-06
854.6	5.5558e-06
854.8	5.5211e-06
855.0	5.4866e-06
855.2	5.4523e-06
855.4	5.4182e-06
855.6	5.3844e-06
855.8	5.3658e-06
856.0	5.3916e-06
856.2	5.4175e-06
856.4	5.4436e-06
856.6	5.4698e-06
856.8	5.4961e-06
857.0	5.5225e-06
857.2	5.549e-06
857.4	5.5757e-06
857.6	5.6177e-06
857.8	5.7062e-06
858.0	5.7961e-06
858.2	5.8874e-06
858.4	5.9802e-06
858.6	6.0744e-06
858.8	6.1701e-06
859.0	6.2673e-06
859.2	6.366e-06
859.4	6.4844e-06
859.6	6.6636e-06
859.8	6.8477e-06
860.0	7.0369e-06
860.2	7.2314e-06
860.4	7.4313e-06
860.6	7.6366e-06
860.8	7.8477e-06
861.0	8.0646e-06
861.2	8.3018e-06
861.4	8.5929e-06
861.6	8.8943e-06
861.8	9.2062e-06
862.0	9.529e-06
862.2	9.8632e-06
862.4	1.0209e-05
862.6	1.0567e-05
862.8	1.0938e-05
863.0	1.1338e-05
863.2	1.1808e-05
863.4	1.2297e-05
863.6	1.2807e-05
863.8	1.3337e-05
864.0	1.389e-05
864.2	1.4466e-05
864.4	1.5065e-05
864.6	1.5689e-05
864.8	1.6354e-05
865.0	1.7096e-05
865.2	1.7871e-05
865.4	1.8682e-05
865.6	1.9529e-05
865.8	2.0415e-05
866.0	2.1341e-05
866.2	2.2309e-05
866.4	2.3321e-05
866.6	2.4363e-05
866.8	2.5404e-05
867.0	2.649e-05
867.2	2.7621e-05
867.4	2.8802e-05
867.6	3.0032e-05
867.8	3.1315e-05
868.0	3.2653e-05
868.2	3.3609e-05
868.4	3.4592e-05
868.6	3.5916e-05
868.8	3.736e-05
869.0	3.8862e-05
869.2	4.0425e-05
869.4	4.205e-05
869.6	4.3741e-05
869.8	4.5499e-05
870.0	4.7328e-05
870.2	4.9231e-05
870.4	5.0875e-05
870.6	5.2483e-05
870.8	5.4141e-05
871.0	5.5852e-05
871.2	5.7616e-05
871.4	5.9437e-05
871.6	6.1315e-05
871.8	6.3252e-05
872.0	6.5251e-05
872.2	6.6437e-05
872.4	6.7358e-05
872.6	6.8292e-05
872.8	6.9239e-05
873.0	7.0199e-05
873.2	7.1172e-05
873.4	7.2159e-05
873.6	7.3159e-05
873.8	7.4173e-05
874.0	7.4083e-05
874.2	7.3574e-05
874.4	7.3068e-05
874.6	7.2566e-05
874.8	7.2067e-05
875.0	7.1572e-05
875.2	7.108e-05
875.4	7.0591e-05
875.6	7.0106e-05
875.8	6.8948e-05
876.0	6.752e-05
876.2	6.6122e-05
876.4	6.4752e-05
876.6	6.3411e-05
876.8	6.2098e-05
877.0	6.0811e-05
877.2	5.9552e-05
877.4	5.8318e-05
877.6	5.6999e-05
877.8	5.5657e-05
878.0	5.4346e-05
878.2	5.3066e-05
878.4	5.1816e-05
878.6	5.0595e-05
878.8	4.9404e-05
879.0	4.824e-05
879.2	4.7104e-05
879.4	4.6118e-05
879.6	4.5219e-05
879.8	4.4338e-05
880.0	4.3475e-05
880.2	4.2628e-05
880.4	4.1797e-05
880.6	4.0983e-05
880.8	4.0185e-05
881.0	3.9402e-05
881.2	3.8901e-05
881.4	3.8568e-05
881.6	3.8239e-05
881.8	3.7912e-05
882.0	3.7588e-05
882.2	3.7267e-05
882.4	3.6949e-05
882.6	3.6633e-05
882.8	3.632e-05
883.0	3.6228e-05
883.2	3.6282e-05
883.4	3.6337e-05
883.6	3.6392e-05
883.8	3.6446e-05
884.0	3.6501e-05
884.2	3.6556e-05
884.4	3.6611e-05
884.6	3.6666e-05
884.8	3.6968e-05
885.0	3.7451e-05
885.2	3.794e-05
885.4	3.8435e-05
885.6	3.8936e-05
885.8	3.9445e-05
886.0	3.9959e-05
886.2	4.0481e-05
886.4	4.1009e-05
886.6	4.1716e-05
886.8	4.2568e-05
887.0	4.3438e-05
887.2	4.4325e-05
887.4	4.523e-05
887.6	4.6154e-05
887.8	4.7096e-05
888.0	4.8058e-05
888.2	4.904e-05
888.4	5.0055e-05
888.6	5.1102e-05
888.8	5.2171e-05
889.0	5.3263e-05
889.2	5.4377e-05
889.4	5.5515e-05
889.6	5.6676e-05
889.8	5.7862e-05
890.0	5.9073e-05
890.2	5.9989e-05
890.4	6.0651e-05
890.6	6.1319e-05
890.8	6.1996e-05
891.0	6.2679e-05
891.2	6.337e-05
891.4	6.4069e-05
891.6	6.4776e-05
891.8	6.549e-05
892.0	6.5716e-05
892.2	6.5513e-05
892.4	6.531e-05
892.6	6.5108e-05
892.8	6.4907e-05
893.0	6.4706e-05
893.2	6.4506e-05
893.4	6.4307e-05
893.6	6.4108e-05
893.8	6.359e-05
894.0	6.2796e-05
894.2	6.2013e-05
894.4	6.1239e-05
894.6	6.0474e-05
894.8	5.9719e-05
895.0	5.8974e-05
895.2	5.8238e-05
895.4	5.7511e-05
895.6	5.6808e-05
895.8	5.6127e-05
896.0	5.5455e-05
896.2	5.479e-05
896.4	5.4133e-05
896.6	5.3485e-05
896.8	5.2844e-05
897.0	5.221e-05
897.2	5.1585e-05
897.4	5.1171e-05
897.6	5.0941e-05
897.8	5.0711e-05
898.0	5.0483e-05
898.2	5.0256e-05
898.4	5.003e-05
898.6	4.9805e-05
898.8	4.9581e-05
899.0	4.9357e-05
899.2	4.9422e-05
899.4	4.9741e-05
899.6	5.0063e-05
899.8	5.0387e-05
900.0	5.0713e-05
900.2	5.1041e-05
900.4	5.1371e-05
900.6	5.1703e-05
900.8	5.2037e-05
901.0	5.273e-05
901.2	5.3746e-05
901.4	5.4783e-05
901.6	5.5839e-05
901.8	5.6915e-05
902.0	5.8013e-05
902.2	5.9131e-05
902.4	6.0271e-05
902.6	6.1433e-05
902.8	6.2826e-05
903.0	6.4432e-05
903.2	6.6078e-05
903.4	6.7767e-05
903.6	6.9499e-05
903.8	7.1276e-05
904.0	7.3098e-05
904.2	7.4966e-05
904.4	7.6882e-05
904.6	7.8714e-05
904.8	8.0476e-05
905.0	8.2277e-05
905.2	8.4119e-05
905.4	8.6002e-05
905.6	8.7927e-05
905.8	8.9895e-05
906.0	9.1907e-05
906.2	9.3964e-05
906.4	9.4944e-05
906.6	9.5051e-05
906.8	9.5158e-05
907.0	9.5265e-05
907.2	9.5372e-05
907.4	9.5479e-05
907.6	9.5587e-05
907.8	9.5695e-05
908.0	9.5802e-05
908.2	9.4434e-05
908.4	9.2003e-05
908.6	8.9634e-05
908.8	8.7326e-05
909.0	8.5078e-05
909.2	8.2887e-05
909.4	8.0753e-05
909.6	7.8674e-05
909.8	7.6648e-05
910.0	7.4173e-05
910.2	7.1434e-05
910.4	6.8797e-05
910.6	6.6256e-05
910.8	6.381e-05
911.0	6.1454e-05
911.2	5.9185e-05
911.4	5.7e-05
911.6	5.4895e-05
911.8	5.2961e-05
912.0	5.1154e-05
912.2	4.9408e-05
912.4	4.7722e-05
912.6	4.6094e-05
912.8	4.4521e-05
913.0	4.3002e-05
913.2	4.1534e-05
913.4	4.0117e-05
913.6	3.8965e-05
913.8	3.7973e-05
914.0	3.7006e-05
914.2	3.6064e-05
914.4	3.5146e-05
914.6	3.4252e-05
914.8	3.338e-05
915.0	3.253e-05
915.2	3.1702e-05
915.4	3.108e-05
915.6	3.0568e-05
915.8	3.0064e-05
916.0	2.9569e-05
916.2	2.9082e-05
916.4	2.8603e-05
916.6	2.8132e-05
916.8	2.7668e-05
917.0	2.7212e-05
917.2	2.6875e-05
917.4	2.6596e-05
917.6	2.6319e-05
917.8	2.6046e-05
918.0	2.5775e-05
918.2	2.5507e-05
918.4	2.5241e-05
918.6	2.4979e-05
918.8	2.4719e-05
919.0	2.4515e-05
919.2	2.4336e-05
919.4	2.4158e-05
919.6	2.3981e-05
919.8	2.3805e-05
920.0	2.3631e-05
920.2	2.3458e-05
920.4	2.3286e-05
920.6	2.3116e-05
920.8	2.2931e-05
921.0	2.2742e-05
921.2	2.2555e-05
921.4	2.237e-05
921.6	2.2185e-05
921.8	2.2003e-05
922.0	2.1822e-05
922.2	2.1642e-05
922.4	2.1464e-05
922.6	2.1237e-05
922.8	2.0997e-05
923.0	2.076e-05
923.2	2.0525e-05
923.4	2.0293e-05
923.6	2.0064e-05
923.8	1.9837e-05
924.0	1.9613e-05
924.2	1.9392e-05
924.4	1.9084e-05
924.6	1.876e-05
924.8	1.8441e-05
925.0	1.8127e-05
925.2	1.7819e-05
925.4	1.7516e-05
925.6	1.7218e-05
925.8	1.6926e-05
926.0	1.6638e-05
926.2	1.6309e-05
926.4	1.5977e-05
926.6	1.5652e-05
926.8	1.5334e-05
927.0	1.5022e-05
927.2	1.4717e-05
927.4	1.4417e-05
927.6	1.4124e-05
927.8	1.3837e-05
928.0	1.3558e-05
928.2	1.3284e-05
928.4	1.3016e-05
928.6	1.2754e-05
928.8	1.2496e-05
929.0	1.2244e-05
929.2	1.1997e-05
929.4	1.1755e-05
929.6	1.1518e-05
929.8	1.1305e-05
930.0	1.1098e-05
930.2	1.0894e-05
930.4	1.0694e-05
930.6	1.0498e-05
930.8	1.0305e-05
931.0	1.0116e-05
931.2	9.9306e-06
931.4	9.7484e-06
931.6	9.6083e-06
931.8	9.4718e-06
932.0	9.3373e-06
932.2	9.221e-06
932.4	9.1061e-06
932.6	8.9926e-06
932.8	8.8806e-06
933.0	8.77e-06
933.2	8.6607e-06
933.4	8.5528e-06
933.6	8.4463e-06
933.8	8.3747e-06
934.0	8.3493e-06
934.2	8.3238e-06
934.4	8.2985e-06
934.6	8.2733e-06
934.8	8.2481e-06
935.0	8.223e-06
935.2	8.1979e-06
935.4	8.173e-06
935.6	8.1629e-06
935.8	8.1713e-06
936.0	8.1797e-06
936.2	8.1881e-06
936.4	8.1965e-06
936.6	8.2049e-06
936.8	8.2133e-06
937.0	8.2217e-06
937.2	8.2302e-06
937.4	8.2754e-06
937.6	8.3627e-06
937.8	8.451e-06
938.0	8.5401e-06
938.2	8.6303e-06
938.4	8.7213e-06
938.6	8.8134e-06
938.8	8.9064e-06
939.0	9.0003e-06
939.2	9.1099e-06
939.4	9.2356e-06
939.6	9.363e-06
939.8	9.4922e-06
940.0	9.6232e-06
940.2	9.756e-06
940.4	9.8906e-06
940.6	1.0027e-05
940.8	1.0165e-05
941.0	1.035e-05
941.2	1.0579e-05
941.4	1.0813e-05
941.6	1.1053e-05
941.8	1.1298e-05
942.0	1.1548e-05
942.2	1.1803e-05
942.4	1.2065e-05
942.6	1.2332e-05
942.8	1.268e-05
943.0	1.3099e-05
943.2	1.3532e-05
943.4	1.3979e-05
943.6	1.4442e-05
943.8	1.4919e-05
944.0	1.5412e-05
944.2	1.5922e-05
944.4	1.6448e-05
944.6	1.704e-05
944.8	1.7687e-05
945.0	1.8359e-05
945.2	1.9056e-05
945.4	1.978e-05
945.6	2.0531e-05
945.8	2.1311e-05
946.0	2.212e-05
946.2	2.296e-05
946.4	2.392e-05
946.6	2.4972e-05
946.8	2.6071e-05
947.0	2.7219e-05
947.2	2.8417e-05
947.4	2.9667e-05
947.6	3.0973e-05
947.8	3.2336e-05
948.0	3.3759e-05
948.2	3.5166e-05
948.4	3.659e-05
948.6	3.8071e-05
948.8	3.9613e-05
949.0	4.1217e-05
949.2	4.2886e-05
949.4	4.4622e-05
949.6	4.6429e-05
949.8	4.8309e-05
950.0	4.9769e-05
950.2	5.1065e-05
950.4	5.2396e-05
950.6	5.3761e-05
950.8	5.5161e-05
951.0	5.6599e-05
951.2	5.8073e-05
951.4	5.9586e-05
951.6	6.1139e-05
951.8	6.178e-05
952.0	6.2112e-05
952.2	6.2445e-05
952.4	6.2781e-05
952.6	6.3118e-05
952.8	6.3456e-05
953.0	6.3797e-05
953.2	6.4139e-05
953.4	6.4484e-05
953.6	6.4006e-05
953.8	6.3323e-05
954.0	6.2648e-05
954.2	6.1979e-05
954.4	6.1318e-05
954.6	6.0664e-05
954.8	6.0017e-05
955.0	5.9377e-05
955.2	5.8743e-05
955.4	5.7862e-05
955.6	5.6948e-05
955.8	5.6049e-05
956.0	5.5164e-05
956.2	5.4293e-05
956.4	5.3436e-05
956.6	5.2592e-05
956.8	5.1762e-05
957.0	5.0944e-05
957.2	5.0349e-05
957.4	4.9785e-05
957.6	4.9227e-05
957.8	4.8675e-05
958.0	4.8129e-05
958.2	4.759e-05
958.4	4.7057e-05
958.6	4.6529e-05
958.8	4.6008e-05
959.0	4.5691e-05
959.2	4.5388e-05
959.4	4.5087e-05
959.6	4.4788e-05
959.8	4.4491e-05
960.0	4.4196e-05
960.2	4.3903e-05
960.4	4.3612e-05
960.6	4.3323e-05
960.8	4.3264e-05
961.0	4.3205e-05
961.2	4.3147e-05
961.4	4.3088e-05
961.6	4.303e-05
961.8	4.2971e-05
962.0	4.2913e-05
962.2	4.2855e-05
962.4	4.2816e-05
962.6	4.3074e-05
962.8	4.3334e-05
963.0	4.3595e-05
963.2	4.3858e-05
963.4	4.4122e-05
963.6	4.4388e-05
963.8	4.4656e-05
964.0	4.4925e-05
964.2	4.5214e-05
964.4	4.564e-05
964.6	4.6069e-05
964.8	4.6503e-05
965.0	4.6941e-05
965.2	4.7383e-05
965.4	4.7829e-05
965.6	4.8279e-05
965.8	4.8734e-05
966.0	4.9223e-05
966.2	4.9856e-05
966.4	5.0498e-05
966.6	5.1148e-05
966.8	5.1807e-05
967.0	5.2474e-05
967.2	5.315e-05
967.4	5.3834e-05
967.6	5.4527e-05
967.8	5.5235e-05
968.0	5.5973e-05
968.2	5.672e-05
968.4	5.7477e-05
968.6	5.8245e-05
968.8	5.9022e-05
969.0	5.981e-05
969.2	6.0609e-05
969.4	6.1418e-05
969.6	6.2239e-05
969.8	6.3075e-05
970.0	6.3921e-05
970.2	6.4779e-05
970.4	6.5649e-05
970.6	6.653e-05
970.8	6.7423e-05
971.0	6.8329e-05
971.2	6.9246e-05
971.4	7.0402e-05
971.6	7.1954e-05
971.8	7.354e-05
972.0	7.5161e-05
972.2	7.8456e-05
972.4	8.0109e-05
972.6	8.1906e-05
972.8	8.2838e-05
973.0	8.2446e-05
973.2	8.2187e-05
973.4	8.4815e-05
973.6	8.592e-05
973.8	8.8872e-05
974.0	8.7066e-05
974.2	8.9457e-05
974.4	9.0689e-05
974.6	9.2863e-05
974.8	9.3806e-05
975.0	9.3878e-05
975.2	9.5508e-05
975.4	9.5909e-05
975.6	9.8178e-05
975.8	9.703e-05
976.0	1.0079e-04
976.2	1.0167e-04
976.4	1.0389e-04
976.6	1.0649e-04
976.8	1.0662e-04
977.0	1.0727e-04
977.2	1.0803e-04
977.4	1.1057e-04
977.6	1.1021e-04
977.8	1.1434e-04
978.0	1.1385e-04
978.2	1.1641e-04
978.4	1.2254e-04
978.6	1.2376e-04
978.8	1.2312e-04
979.0	1.2363e-04
979.2	1.2632e-04
979.4	1.3011e-04
979.6	1.3301e-04
979.8	1.3564e-04
980.0	1.3619e-04
980.2	1.4039e-04
980.4	1.4386e-04
980.6	1.4556e-04
980.8	1.4949e-04
981.0	1.5324e-04
981.2	1.5697e-04
981.4	1.5918e-04
981.6	1.645e-04
981.8	1.7095e-04
982.0	1.7308e-04
982.2	1.7929e-04
982.4	1.8167e-04
982.6	1.8771e-04
982.8	1.9097e-04
983.0	2.0016e-04
983.2	2.0491e-04
983.4	2.0766e-04
983.6	2.1691e-04
983.8	2.2187e-04
984.0	2.3111e-04
984.2	2.3821e-04
984.4	2.4743e-04
984.6	2.5435e-04
984.8	2.6472e-04
985.0	2.7489e-04
985.2	2.8657e-04
985.4	3.0164e-04
985.6	3.1172e-04
985.8	3.2491e-04
986.0	3.3512e-04
986.2	3.5226e-04
986.4	3.7216e-04
986.6	3.8099e-04
986.8	4.0058e-04
987.0	4.2195e-04
987.2	4.4375e-04
987.4	4.6692e-04
987.6	4.9063e-04
987.8	5.1426e-04
988.0	5.4356e-04
988.2	5.748e-04
988.4	6.0161e-04
988.6	6.3817e-04
988.8	6.7395e-04
989.0	7.1559e-04
989.2	7.6313e-04
989.4	8.1498e-04
989.6	8.6988e-04
989.8	9.1813e-04
990.0	9.8661e-04
990.2	0.00105
990.4	0.00112
990.6	0.00121
990.8	0.00129
991.0	0.00138
991.2	0.00147
991.4	0.0016
991.6	0.00172
991.8	0.00186
992.0	0.002
992.2	0.00215
992.4	0.00234
992.6	0.00253
992.8	0.0027
993.0	0.00292
993.2	0.00314
993.4	0.00339
993.6	0.00364
993.8	0.0039
994.0	0.00418
994.2	0.00441
994.4	0.00471
994.6	0.00497
994.8	0.00524
995.0	0.00547
995.2	0.00571
995.4	0.00593
995.6	0.00611
995.8	0.00623
996.0	0.0064
996.2	0.00647
996.4	0.00654
996.6	0.00658
996.8	0.00658
997.0	0.00657
997.2	0.00652
997.4	0.00648
997.6	0.00639
997.8	0.00636
998.0	0.00626
998.2	0.00619
998.4	0.00609
998.6	0.00599
998.8	0.00591
999.0	0.00584
999.2	0.00577
999.4	0.00567
999.6	0.00563
999.8	0.00556
1000.0	0.00539
1000.2	0.00514
1000.4	0.00513
1000.6	0.00508
1000.8	0.00505
1001.0	0.00503
1001.2	0.00501
1001.4	0.00498
1001.6	0.005
1001.8	0.00501
1002.0	0.00498
1002.2	0.00502
1002.4	0.00507
1002.6	0.00508
1002.8	0.0051
1003.0	0.00516
1003.2	0.00519
1003.4	0.00524
1003.6	0.00533
1003.8	0.00539
1004.0	0.00544
1004.2	0.00554
1004.4	0.00562
1004.6	0.00568
1004.8	0.00579
1005.0	0.00589
1005.2	0.00597
1005.4	0.00609
1005.6	0.00621
1005.8	0.00631
1006.0	0.00643
1006.2	0.00657
1006.4	0.00666
1006.6	0.0068
1006.8	0.00691
1007.0	0.00706
1007.2	0.00714
1007.4	0.00727
1007.6	0.00735
1007.8	0.00745
1008.0	0.00758
1008.2	0.00766
1008.4	0.00771
1008.6	0.00782
1008.8	0.00787
1009.0	0.00791
1009.2	0.00799
1009.4	0.00802
1009.6	0.008
1009.8	0.00805
1010.0	0.00807
1010.2	0.00801
1010.4	0.00806
1010.6	0.00803
1010.8	0.00795
1011.0	0.00795
1011.2	0.00788
1011.4	0.00781
1011.6	0.00774
1011.8	0.0077
1012.0	0.00761
1012.2	0.00754
1012.4	0.0075
1012.6	0.00739
1012.8	0.00735
1013.0	0.00728
1013.2	0.00716
1013.4	0.00708
1013.6	0.00703
1013.8	0.00696
1014.0	0.00688
1014.2	0.00684
1014.4	0.00679
1014.6	0.00671
1014.8	0.00668
1015.0	0.0066
1015.2	0.00656
1015.4	0.00655
1015.6	0.00649
1015.8	0.00645
1016.0	0.00646
1016.2	0.00643
1016.4	0.00636
1016.6	0.00641
1016.8	0.00641
1017.0	0.0064
1017.2	0.00646
1017.4	0.00645
1017.6	0.00643
1017.8	0.00646
1018.0	0.00653
1018.2	0.00652
1018.4	0.00658
1018.6	0.00664
1018.8	0.00664
1019.0	0.00672
1019.2	0.00682
1019.4	0.00681
1019.6	0.00693
1019.8	0.00699
1020.0	0.00705
1020.2	0.00713
1020.4	0.00728
1020.6	0.0073
1020.8	0.00746
1021.0	0.00758
1021.2	0.0076
1021.4	0.00776
1021.6	0.00791
1021.8	0.00798
1022.0	0.00814
1022.2	0.00826
1022.4	0.00832
1022.6	0.00846
1022.8	0.00859
1023.0	0.00869
1023.2	0.00877
1023.4	0.00894
1023.6	0.00896
1023.8	0.0091
1024.0	0.00917
1024.2	0.0092
1024.4	0.0093
1024.6	0.00942
1024.8	0.00942
1025.0	0.00965
1025.2	0.00996
1025.4	0.00998
1025.6	0.00995
1025.8	0.00993
1026.0	0.00996
1026.2	0.00986
1026.4	0.00987
1026.6	0.00977
1026.8	0.00971
1027.0	0.00962
1027.2	0.00955
1027.4	0.0094
1027.6	0.00929
1027.8	0.00921
1028.0	0.00902
1028.2	0.00891
1028.4	0.00877
1028.6	0.0086
1028.8	0.00851
1029.0	0.00835
1029.2	0.00819
1029.4	0.00805
1029.6	0.00791
1029.8	0.00772
1030.0	0.00762
1030.2	0.00747
1030.4	0.0073
1030.6	0.00718
1030.8	0.00707
1031.0	0.00695
1031.2	0.00682
1031.4	0.00671
1031.6	0.0066
1031.8	0.00651
1032.0	0.00639
1032.2	0.0063
1032.4	0.00621
1032.6	0.00612
1032.8	0.00603
1033.0	0.00597
1033.2	0.0059
1033.4	0.00584
1033.6	0.00577
1033.8	0.00571
1034.0	0.0057
1034.2	0.00563
1034.4	0.00558
1034.6	0.00555
1034.8	0.00555
1035.0	0.00548
1035.2	0.00547
1035.4	0.00544
1035.6	0.00543
1035.8	0.00542
1036.0	0.00541
1036.2	0.00542
1036.4	0.00541
1036.6	0.00541
1036.8	0.00545
1037.0	0.00544
1037.2	0.00548
1037.4	0.00546
1037.6	0.00557
1037.8	0.00557
1038.0	0.00562
1038.2	0.00568
1038.4	0.00569
1038.6	0.00579
1038.8	0.00581
1039.0	0.00586
1039.2	0.0059
1039.4	0.00602
1039.6	0.00609
1039.8	0.00616
1040.0	0.00624
1040.2	0.00636
1040.4	0.00648
1040.6	0.00659
1040.8	0.00664
1041.0	0.00677
1041.2	0.00687
1041.4	0.00697
1041.6	0.00713
1041.8	0.0072
1042.0	0.00737
1042.2	0.00749
1042.4	0.00762
1042.6	0.00779
1042.8	0.00787
1043.0	0.00797
1043.2	0.00812
1043.4	0.0083
1043.6	0.00841
1043.8	0.00856
1044.0	0.00867
1044.2	0.00882
1044.4	0.00895
1044.6	0.00904
1044.8	0.00916
1045.0	0.00922
1045.2	0.00928
1045.4	0.00938
1045.6	0.00946
1045.8	0.00953
1046.0	0.0096
1046.2	0.00966
1046.4	0.00967
1046.6	0.00968
1046.8	0.00968
1047.0	0.00964
1047.2	0.00961
1047.4	0.00958
1047.6	0.00953
1047.8	0.00948
1048.0	0.0094
1048.2	0.00933
1048.4	0.00925
1048.6	0.00915
1048.8	0.00904
1049.0	0.00893
1049.2	0.00882
1049.4	0.00871
1049.6	0.00857
1049.8	0.00843
1050.0	0.0083
1050.2	0.00818
1050.4	0.00805
1050.6	0.00789
1050.8	0.00775
1051.0	0.00764
1051.2	0.00751
1051.4	0.00738
1051.6	0.00726
1051.8	0.00713
1052.0	0.007
1052.2	0.00689
1052.4	0.00678
1052.6	0.00666
1052.8	0.00656
1053.0	0.00646
1053.2	0.00636
1053.4	0.00627
1053.6	0.00619
1053.8	0.00609
1054.0	0.006
1054.2	0.00593
1054.4	0.00585
1054.6	0.00577
1054.8	0.00572
1055.0	0.00565
1055.2	0.00556
1055.4	0.0055
1055.6	0.00546
1055.8	0.00542
1056.0	0.00537
1056.2	0.00534
1056.4	0.00529
1056.6	0.00524
1056.8	0.0052
1057.0	0.00516
1057.2	0.00513
1057.4	0.0051
1057.6	0.00508
1057.8	0.00504
1058.0	0.00501
1058.2	0.00498
1058.4	0.00499
1058.6	0.00498
1058.8	0.00495
1059.0	0.00491
1059.2	0.00488
1059.4	0.00486
1059.6	0.00484
1059.8	0.00482
1060.0	0.00482
1060.2	0.0048
1060.4	0.00477
1060.6	0.00476
1060.8	0.00475
1061.0	0.00477
1061.2	0.00476
1061.4	0.00472
1061.6	0.00471
1061.8	0.00469
1062.0	0.00466
1062.2	0.00463
1062.4	0.0046
1062.6	0.00456
1062.8	0.00453
1063.0	0.00451
1063.2	0.00448
1063.4	0.00446
1063.6	0.00444
1063.8	0.0044
1064.0	0.00435
1064.2	0.00432
1064.4	0.00428
1064.6	0.00422
1064.8	0.0042
1065.0	0.0041
1065.2	0.00403
1065.4	0.00396
1065.6	0.00392
1065.8	0.00388
1066.0	0.00384
1066.2	0.00378
1066.4	0.00371
1066.6	0.00365
1066.8	0.00359
1067.0	0.00354
1067.2	0.00349
1067.4	0.00343
1067.6	0.00337
1067.8	0.00332
1068.0	0.00326
1068.2	0.00319
1068.4	0.00313
1068.6	0.00307
1068.8	0.00302
1069.0	0.00298
1069.2	0.00294
1069.4	0.00288
1069.6	0.00282
1069.8	0.00275
1070.0	0.0027
1070.2	0.00265
1070.4	0.00261
1070.6	0.00257
1070.8	0.00252
1071.0	0.00247
1071.2	0.00242
1071.4	0.00238
1071.6	0.00234
1071.8	0.00229
1072.0	0.00225
1072.2	0.00222
1072.4	0.00218
1072.6	0.00215
1072.8	0.00212
1073.0	0.00209
1073.2	0.00206
1073.4	0.00202
1073.6	0.00199
1073.8	0.00196
1074.0	0.00193
1074.2	0.0019
1074.4	0.00187
1074.6	0.00185
1074.8	0.00184
1075.0	0.00183
1075.2	0.00182
1075.4	0.00181
1075.6	0.0018
1075.8	0.00179
1076.0	0.00178
1076.2	0.00177
1076.4	0.00176
1076.6	0.00175
1076.8	0.00174
1077.0	0.00172
1077.2	0.00171
1077.4	0.0017
1077.6	0.00169
1077.8	0.00168
1078.0	0.00166
1078.2	0.00165
1078.4	0.00164
1078.6	0.00163
1078.8	0.00162
1079.0	0.00161
1079.2	0.00159
1079.4	0.00158
1079.6	0.00157
1079.8	0.00156
1080.0	0.00156
1080.2	0.00157
1080.4	0.00157
1080.6	0.00157
1080.8	0.00158
1081.0	0.00158
1081.2	0.00158
1081.4	0.00159
1081.6	0.00159
1081.8	0.0016
1082.0	0.0016
1082.2	0.0016
1082.4	0.00161
1082.6	0.00161
1082.8	0.00162
1083.0	0.00162
1083.2	0.00162
1083.4	0.00163
1083.6	0.00163
1083.8	0.00163
1084.0	0.00164
1084.2	0.00164
1084.4	0.00165
1084.6	0.00165
1084.8	0.00166
1085.0	0.00168
1085.2	0.0017
1085.4	0.00172
1085.6	0.00173
1085.8	0.00175
1086.0	0.00177
1086.2	0.00179
1086.4	0.00181
1086.6	0.00183
1086.8	0.00185
1087.0	0.00187
1087.2	0.00189
1087.4	0.00191
1087.6	0.00193
1087.8	0.00195
1088.0	0.00197
1088.2	0.00199
1088.4	0.00201
1088.6	0.00203
1088.8	0.00205
1089.0	0.00208
1089.2	0.0021
1089.4	0.00212
1089.6	0.00214
1089.8	0.00217
1090.0	0.0022
1090.2	0.00224
1090.4	0.00227
1090.6	0.0023
1090.8	0.00233
1091.0	0.00236
1091.2	0.00239
1091.4	0.00243
1091.6	0.00246
1091.8	0.0025
1092.0	0.00253
1092.2	0.00256
1092.4	0.0026
1092.6	0.00264
1092.8	0.00267
1093.0	0.00271
1093.2	0.00275
1093.4	0.00279
1093.6	0.00282
1093.8	0.00286
1094.0	0.0029
1094.2	0.00294
1094.4	0.00298
1094.6	0.00301
1094.8	0.00304
1095.0	0.00307
1095.2	0.0031
1095.4	0.00313
1095.6	0.00316
1095.8	0.00319
1096.0	0.00322
1096.2	0.00326
1096.4	0.00329
1096.6	0.00332
1096.8	0.00335
1097.0	0.00338
1097.2	0.00342
1097.4	0.00345
1097.6	0.00348
1097.8	0.00352
1098.0	0.00355
1098.2	0.00359
1098.4	0.00362
1098.6	0.00366
1098.8	0.00369
1099.0	0.00373
1099.2	0.00376
1099.4	0.0038
1099.6	0.00384
1099.8	0.00388
1100.0	0.00391
1100.2	0.00395
1100.4	0.00399
1100.6	0.00402
1100.8	0.00404
1101.0	0.00405
1101.2	0.00407
1101.4	0.00409
1101.6	0.00411
1101.8	0.00412
1102.0	0.00414
1102.2	0.00416
1102.4	0.00418
1102.6	0.0042
1102.8	0.00421
1103.0	0.00423
1103.2	0.00425
1103.4	0.00427
1103.6	0.00429
1103.8	0.00431
1104.0	0.00433
1104.2	0.00436
1104.4	0.00439
1104.6	0.00443
1104.8	0.00446
1105.0	0.00449
1105.2	0.00452
1105.4	0.00455
1105.6	0.00459
1105.8	0.00462
1106.0	0.00465
1106.2	0.00469
1106.4	0.00472
1106.6	0.00476
1106.8	0.00479
1107.0	0.00482
1107.2	0.00486
1107.4	0.00489
1107.6	0.00493
1107.8	0.00496
1108.0	0.005
1108.2	0.00504
1108.4	0.00507
1108.6	0.00511
1108.8	0.00515
1109.0	0.00518
