Typical Measured Spectrum of Semrock FF01-795/150 Optical Filter	
For wavelengths between 320 and 1120 nm, values near or below 3e-7 (Optical Density 6.5) are measurement noise limited.
For wavelengths < 320 nm and > 1120 nm, values near or below 3e-6 (Optical Density 5.5) are measurement noise limited. 
Data format:  Wavelength (nm) <tab> Transmission (0 to 1)
290.0	2.1415e-07
290.2	2.1009e-07
290.4	2.061e-07
290.6	2.0219e-07
290.8	1.9836e-07
291.0	1.9459e-07
291.2	1.909e-07
291.4	1.8728e-07
291.6	1.8372e-07
291.8	1.8024e-07
292.0	1.7682e-07
292.2	1.7346e-07
292.4	1.7017e-07
292.6	1.7092e-07
292.8	1.8184e-07
293.0	1.9346e-07
293.2	2.0582e-07
293.4	2.1897e-07
293.6	2.3297e-07
293.8	2.4785e-07
294.0	2.6369e-07
294.2	2.8054e-07
294.4	2.9847e-07
294.6	3.1755e-07
294.8	3.3784e-07
295.0	3.5943e-07
295.2	3.1207e-07
295.4	2.7095e-07
295.6	2.3525e-07
295.8	2.1676e-07
296.0	2.1509e-07
296.2	2.1344e-07
296.4	2.118e-07
296.6	2.1017e-07
296.8	2.0856e-07
297.0	2.0695e-07
297.2	2.0536e-07
297.4	2.0378e-07
297.6	2.0222e-07
297.8	2.0066e-07
298.0	1.9912e-07
298.2	1.9759e-07
298.4	1.9607e-07
298.6	1.9456e-07
298.8	1.9307e-07
299.0	1.9158e-07
299.2	1.9011e-07
299.4	1.8865e-07
299.6	1.872e-07
299.8	1.8576e-07
300.0	1.8433e-07
300.2	1.8292e-07
300.4	1.8474e-07
300.6	2.0544e-07
300.8	2.2845e-07
301.0	2.5404e-07
301.2	2.825e-07
301.4	3.1415e-07
301.6	3.4934e-07
301.8	3.8847e-07
302.0	4.3199e-07
302.2	4.8038e-07
302.4	5.3419e-07
302.6	5.9403e-07
302.8	6.6057e-07
303.0	7.3457e-07
303.2	8.1686e-07
303.4	9.0836e-07
303.6	1.0101e-06
303.8	1.1233e-06
304.0	1.2491e-06
304.2	1.389e-06
304.4	1.5446e-06
304.6	1.7177e-06
304.8	1.9101e-06
305.0	2.124e-06
305.2	2.1653e-06
305.4	2.2073e-06
305.6	2.2502e-06
305.8	2.2939e-06
306.0	2.3384e-06
306.2	2.3838e-06
306.4	2.4301e-06
306.6	2.4773e-06
306.8	2.5254e-06
307.0	2.5744e-06
307.2	2.333e-06
307.4	2.051e-06
307.6	1.8031e-06
307.8	1.5851e-06
308.0	1.3935e-06
308.2	1.2251e-06
308.4	1.077e-06
308.6	9.4682e-07
308.8	8.3237e-07
309.0	7.3176e-07
309.2	6.4331e-07
309.4	5.6555e-07
309.6	4.9719e-07
309.8	4.3709e-07
310.0	3.8426e-07
310.2	3.3781e-07
310.4	2.9698e-07
310.6	2.6108e-07
310.8	2.2953e-07
311.0	2.0178e-07
311.2	1.7739e-07
311.4	1.5595e-07
311.6	1.371e-07
311.8	1.2789e-07
312.0	1.2689e-07
312.2	1.259e-07
312.4	1.2491e-07
312.6	1.2394e-07
312.8	1.2297e-07
313.0	1.2201e-07
313.2	1.2106e-07
313.4	1.2011e-07
313.6	1.1917e-07
313.8	1.1824e-07
314.0	1.1732e-07
314.2	1.164e-07
314.4	1.1549e-07
314.6	1.1459e-07
314.8	1.1369e-07
315.0	1.128e-07
315.2	1.1192e-07
315.4	1.1105e-07
315.6	1.1018e-07
315.8	1.0932e-07
316.0	1.0846e-07
316.2	1.0762e-07
316.4	1.0995e-07
316.6	1.2632e-07
316.8	1.4513e-07
317.0	1.6673e-07
317.2	1.9155e-07
317.4	2.2006e-07
317.6	2.5282e-07
317.8	2.9046e-07
318.0	3.3369e-07
318.2	3.8337e-07
318.4	4.4044e-07
318.6	5.06e-07
318.8	5.8133e-07
319.0	6.6786e-07
319.2	7.6728e-07
319.4	8.815e-07
319.6	1.0127e-06
319.8	1.1635e-06
320.0	1.3367e-06
320.2	1.5356e-06
320.4	1.7642e-06
320.6	2.0269e-06
320.8	2.3286e-06
321.0	2.6752e-06
321.2	2.4977e-06
321.4	2.2931e-06
321.6	2.1052e-06
321.8	1.9328e-06
322.0	1.7744e-06
322.2	1.629e-06
322.4	1.4956e-06
322.6	1.3731e-06
322.8	1.2606e-06
323.0	1.1573e-06
323.2	1.0625e-06
323.4	9.7544e-07
323.6	8.9553e-07
323.8	8.2216e-07
324.0	7.5481e-07
324.2	6.9297e-07
324.4	6.362e-07
324.6	5.8407e-07
324.8	5.3622e-07
325.0	4.9229e-07
325.2	4.5196e-07
325.4	4.1494e-07
325.6	3.8094e-07
325.8	3.6659e-07
326.0	3.6163e-07
326.2	3.5674e-07
326.4	3.5191e-07
326.6	3.4715e-07
326.8	3.4246e-07
327.0	3.3783e-07
327.2	3.3326e-07
327.4	3.2875e-07
327.6	3.243e-07
327.8	3.1992e-07
328.0	3.1559e-07
328.2	3.1132e-07
328.4	3.0711e-07
328.6	3.0296e-07
328.8	2.9886e-07
329.0	2.9482e-07
329.2	2.9083e-07
329.4	2.869e-07
329.6	2.8302e-07
329.8	2.7919e-07
330.0	2.7541e-07
330.2	2.7169e-07
330.4	2.7552e-07
330.6	2.9099e-07
330.8	3.0732e-07
331.0	3.2458e-07
331.2	3.428e-07
331.4	3.6204e-07
331.6	3.8236e-07
331.8	4.0383e-07
332.0	4.2649e-07
332.2	4.5043e-07
332.4	4.7572e-07
332.6	5.0242e-07
332.8	5.3063e-07
333.0	5.6041e-07
333.2	5.9187e-07
333.4	6.251e-07
333.6	6.6019e-07
333.8	6.9725e-07
334.0	7.3639e-07
334.2	7.7772e-07
334.4	8.2138e-07
334.6	8.6749e-07
334.8	9.1618e-07
335.0	9.3961e-07
335.2	6.875e-07
335.4	5.0303e-07
335.6	3.6806e-07
335.8	2.693e-07
336.0	1.9705e-07
336.2	1.4417e-07
336.4	1.0549e-07
336.6	7.7185e-08
336.8	5.6475e-08
337.0	4.1322e-08
337.2	3.956e-08
337.4	3.9288e-08
337.6	3.9017e-08
337.8	3.8748e-08
338.0	3.8481e-08
338.2	3.8216e-08
338.4	3.7953e-08
338.6	3.7692e-08
338.8	3.7432e-08
339.0	3.7174e-08
339.2	3.6918e-08
339.4	3.6664e-08
339.6	3.6411e-08
339.8	3.616e-08
340.0	3.5911e-08
340.2	3.5664e-08
340.4	3.5418e-08
340.6	3.5174e-08
340.8	3.4932e-08
341.0	3.4691e-08
341.2	3.4452e-08
341.4	3.4215e-08
341.6	3.3979e-08
341.8	3.3842e-08
342.0	3.3764e-08
342.2	3.3688e-08
342.4	3.3611e-08
342.6	3.3534e-08
342.8	3.3458e-08
343.0	3.3382e-08
343.2	3.3306e-08
343.4	3.323e-08
343.6	3.3154e-08
343.8	3.3079e-08
344.0	3.3004e-08
344.2	3.2928e-08
344.4	3.2853e-08
344.6	3.2779e-08
344.8	3.2704e-08
345.0	3.263e-08
345.2	3.2555e-08
345.4	3.2481e-08
345.6	3.2407e-08
345.8	3.2333e-08
346.0	3.226e-08
346.2	3.2186e-08
346.4	3.2175e-08
346.6	3.2273e-08
346.8	3.237e-08
347.0	3.2469e-08
347.2	3.2567e-08
347.4	3.2666e-08
347.6	3.2765e-08
347.8	3.2864e-08
348.0	3.2963e-08
348.2	3.3063e-08
348.4	3.3163e-08
348.6	3.3264e-08
348.8	3.3365e-08
349.0	3.3466e-08
349.2	3.3567e-08
349.4	3.3669e-08
349.6	3.3771e-08
349.8	3.3873e-08
350.0	3.3976e-08
350.2	3.4079e-08
350.4	3.4182e-08
350.6	3.4286e-08
350.8	3.4389e-08
351.0	3.4477e-08
351.2	3.4452e-08
351.4	3.4426e-08
351.6	3.4401e-08
351.8	3.4375e-08
352.0	3.4349e-08
352.2	3.4324e-08
352.4	3.4298e-08
352.6	3.4273e-08
352.8	3.4247e-08
353.0	3.4222e-08
353.2	3.4197e-08
353.4	3.4171e-08
353.6	3.4146e-08
353.8	3.412e-08
354.0	3.4095e-08
354.2	3.407e-08
354.4	3.4044e-08
354.6	3.4019e-08
354.8	3.3994e-08
355.0	3.3969e-08
355.2	3.3943e-08
355.4	3.3918e-08
355.6	3.3893e-08
355.8	3.8821e-08
356.0	4.5183e-08
356.2	5.2588e-08
356.4	6.1207e-08
356.6	7.1238e-08
356.8	8.2913e-08
357.0	9.6502e-08
357.2	1.1232e-07
357.4	1.3073e-07
357.6	1.5215e-07
357.8	1.7709e-07
358.0	2.0611e-07
358.2	2.3989e-07
358.4	2.792e-07
358.6	3.2496e-07
358.8	3.7822e-07
359.0	4.402e-07
359.2	5.1235e-07
359.4	5.9632e-07
359.6	6.9405e-07
359.8	8.0779e-07
360.0	9.4018e-07
360.2	1.0943e-06
360.4	1.1476e-06
360.6	1.146e-06
360.8	1.1444e-06
361.0	1.1428e-06
361.2	1.1412e-06
361.4	1.1396e-06
361.6	1.138e-06
361.8	1.1364e-06
362.0	1.1348e-06
362.2	1.1333e-06
362.4	1.1317e-06
362.6	1.1301e-06
362.8	1.1285e-06
363.0	1.1269e-06
363.2	1.1253e-06
363.4	1.1238e-06
363.6	1.1222e-06
363.8	1.1206e-06
364.0	1.1191e-06
364.2	1.1175e-06
364.4	1.1159e-06
364.6	1.1144e-06
364.8	1.1128e-06
365.0	1.12e-06
365.2	1.1557e-06
365.4	1.1925e-06
365.6	1.2305e-06
365.8	1.2698e-06
366.0	1.3102e-06
366.2	1.352e-06
366.4	1.395e-06
366.6	1.4395e-06
366.8	1.4854e-06
367.0	1.5327e-06
367.2	1.5815e-06
367.4	1.6319e-06
367.6	1.6839e-06
367.8	1.7376e-06
368.0	1.7929e-06
368.2	1.8501e-06
368.4	1.909e-06
368.6	1.9156e-06
368.8	1.9144e-06
369.0	1.9133e-06
369.2	1.9122e-06
369.4	1.9111e-06
369.6	1.91e-06
369.8	1.9089e-06
370.0	1.9078e-06
370.2	1.9066e-06
370.4	1.9055e-06
370.6	1.9044e-06
370.8	1.9033e-06
371.0	1.9022e-06
371.2	1.9011e-06
371.4	1.9e-06
371.6	1.8989e-06
371.8	1.8978e-06
372.0	1.8967e-06
372.2	1.8956e-06
372.4	1.8945e-06
372.6	1.8934e-06
372.8	1.8923e-06
373.0	1.8912e-06
373.2	1.8628e-06
373.4	1.819e-06
373.6	1.7763e-06
373.8	1.7345e-06
374.0	1.6937e-06
374.2	1.6539e-06
374.4	1.615e-06
374.6	1.5771e-06
374.8	1.54e-06
375.0	1.5038e-06
375.2	1.4684e-06
375.4	1.4339e-06
375.6	1.4002e-06
375.8	1.3673e-06
376.0	1.3351e-06
376.2	1.3037e-06
376.4	1.2731e-06
376.6	1.2432e-06
376.8	1.2139e-06
377.0	1.1854e-06
377.2	1.1575e-06
377.4	1.1303e-06
377.6	1.1037e-06
377.8	1.0845e-06
378.0	1.076e-06
378.2	1.0676e-06
378.4	1.0592e-06
378.6	1.0509e-06
378.8	1.0427e-06
379.0	1.0345e-06
379.2	1.0264e-06
379.4	1.0184e-06
379.6	1.0104e-06
379.8	1.0025e-06
380.0	9.9461e-07
380.2	9.8682e-07
380.4	9.7909e-07
380.6	9.7142e-07
380.8	9.6381e-07
381.0	9.5626e-07
381.2	9.4877e-07
381.4	9.4133e-07
381.6	9.3396e-07
381.8	9.2664e-07
382.0	9.1938e-07
382.2	9.1218e-07
382.4	9.0017e-07
382.6	8.6443e-07
382.8	8.301e-07
383.0	7.9714e-07
383.2	7.6549e-07
383.4	7.351e-07
383.6	7.0591e-07
383.8	6.7788e-07
384.0	6.5097e-07
384.2	6.2512e-07
384.4	6.003e-07
384.6	5.7646e-07
384.8	5.5357e-07
385.0	5.3159e-07
385.2	5.1049e-07
385.4	4.9022e-07
385.6	4.7075e-07
385.8	4.5206e-07
386.0	4.3411e-07
386.2	4.1688e-07
386.4	4.0032e-07
386.6	3.8443e-07
386.8	3.6916e-07
387.0	3.5451e-07
387.2	3.6233e-07
387.4	3.7141e-07
387.6	3.8072e-07
387.8	3.9026e-07
388.0	4.0005e-07
388.2	4.1008e-07
388.4	4.2036e-07
388.6	4.3089e-07
388.8	4.417e-07
389.0	4.5277e-07
389.2	4.6412e-07
389.4	4.7575e-07
389.6	4.8768e-07
389.8	4.999e-07
390.0	5.1243e-07
390.2	5.2528e-07
390.4	5.3845e-07
390.6	5.5195e-07
390.8	5.6578e-07
391.0	5.7996e-07
391.2	5.945e-07
391.4	6.0941e-07
391.6	6.2468e-07
391.8	2.3646e-06
392.0	1.3676e-05
392.2	1.35e-05
392.4	1.3327e-05
392.6	1.3155e-05
392.8	1.2986e-05
393.0	1.283e-05
393.2	1.2684e-05
393.4	1.2539e-05
393.6	1.2397e-05
393.8	1.2256e-05
394.0	1.2116e-05
394.2	1.1978e-05
394.4	1.1842e-05
394.6	1.1707e-05
394.8	1.1574e-05
395.0	1.1442e-05
395.2	1.1312e-05
395.4	1.1183e-05
395.6	1.1056e-05
395.8	1.093e-05
396.0	1.0806e-05
396.2	1.0683e-05
396.4	1.0561e-05
396.6	1.0441e-05
396.8	1.0342e-05
397.0	1.0243e-05
397.2	1.0145e-05
397.4	1.0048e-05
397.6	9.9523e-06
397.8	9.8573e-06
398.0	9.7631e-06
398.2	9.6699e-06
398.4	9.5776e-06
398.6	9.4862e-06
398.8	9.3956e-06
399.0	9.3059e-06
399.2	9.217e-06
399.4	9.129e-06
399.6	9.0419e-06
399.8	8.9556e-06
400.0	8.87e-06
400.2	8.7854e-06
400.4	8.6361e-06
400.6	8.4129e-06
400.8	8.1955e-06
401.0	7.9838e-06
401.2	7.7775e-06
401.4	7.5765e-06
401.6	7.3808e-06
401.8	7.1901e-06
402.0	7.0043e-06
402.2	6.8233e-06
402.4	6.647e-06
402.6	6.4752e-06
402.8	6.3079e-06
403.0	6.1449e-06
403.2	5.9862e-06
403.4	5.8315e-06
403.6	5.6808e-06
403.8	5.534e-06
404.0	5.391e-06
404.2	5.2742e-06
404.4	5.1618e-06
404.6	5.0518e-06
404.8	4.9441e-06
405.0	4.8387e-06
405.2	4.7356e-06
405.4	4.6347e-06
405.6	4.5359e-06
405.8	4.4392e-06
406.0	4.3446e-06
406.2	4.252e-06
406.4	4.1614e-06
406.6	4.0727e-06
406.8	3.9859e-06
407.0	3.9009e-06
407.2	3.8178e-06
407.4	3.7364e-06
407.6	3.6568e-06
407.8	3.6042e-06
408.0	3.5918e-06
408.2	3.5795e-06
408.4	3.5672e-06
408.6	3.555e-06
408.8	3.5428e-06
409.0	3.5306e-06
409.2	3.5185e-06
409.4	3.5064e-06
409.6	3.4944e-06
409.8	3.4824e-06
410.0	3.4704e-06
410.2	3.4585e-06
410.4	3.4466e-06
410.6	3.4348e-06
410.8	3.423e-06
411.0	3.4112e-06
411.2	3.3995e-06
411.4	3.3879e-06
411.6	3.3176e-06
411.8	3.2403e-06
412.0	3.1647e-06
412.2	3.091e-06
412.4	3.0189e-06
412.6	2.9486e-06
412.8	2.8799e-06
413.0	2.8127e-06
413.2	2.7472e-06
413.4	2.6831e-06
413.6	2.6206e-06
413.8	2.5595e-06
414.0	2.4999e-06
414.2	2.4416e-06
414.4	2.3847e-06
414.6	2.3291e-06
414.8	2.2748e-06
415.0	2.2218e-06
415.2	2.1799e-06
415.4	2.1557e-06
415.6	2.1318e-06
415.8	2.1082e-06
416.0	2.0848e-06
416.2	2.0617e-06
416.4	2.0388e-06
416.6	2.0162e-06
416.8	1.9938e-06
417.0	1.9717e-06
417.2	1.9498e-06
417.4	1.9282e-06
417.6	1.9068e-06
417.8	1.8857e-06
418.0	1.8648e-06
418.2	1.8441e-06
418.4	1.8236e-06
418.6	1.8034e-06
418.8	1.7834e-06
419.0	1.7521e-06
419.2	1.7195e-06
419.4	1.6876e-06
419.6	1.6562e-06
419.8	1.6255e-06
420.0	1.5953e-06
420.2	1.5656e-06
420.4	1.5366e-06
420.6	1.508e-06
420.8	1.48e-06
421.0	1.4525e-06
421.2	1.4255e-06
421.4	1.3991e-06
421.6	1.3731e-06
421.8	1.3476e-06
422.0	1.3225e-06
422.2	1.298e-06
422.4	1.2739e-06
422.6	1.2585e-06
422.8	1.2569e-06
423.0	1.2552e-06
423.2	1.2536e-06
423.4	1.2519e-06
423.6	1.2503e-06
423.8	1.2486e-06
424.0	1.247e-06
424.2	1.2454e-06
424.4	1.2437e-06
424.6	1.2421e-06
424.8	1.2405e-06
425.0	1.2389e-06
425.2	1.2372e-06
425.4	1.2356e-06
425.6	1.234e-06
425.8	1.2324e-06
426.0	1.2308e-06
426.2	1.2292e-06
426.4	6.8757e-07
426.6	3.6191e-07
426.8	1.905e-07
427.0	1.0027e-07
427.2	1.0027e-07
427.4	1.0027e-07
427.6	1.0027e-07
427.8	1.0027e-07
428.0	1.0027e-07
428.2	1.0027e-07
428.4	1.0027e-07
428.6	1.0027e-07
428.8	1.0027e-07
429.0	1.0027e-07
429.2	1.0027e-07
429.4	1.0027e-07
429.6	1.0027e-07
429.8	1.0027e-07
430.0	1.0027e-07
430.2	1.0027e-07
430.4	1.0027e-07
430.6	1.0027e-07
430.8	1.0027e-07
431.0	1.0027e-07
431.2	1.0027e-07
431.4	1.0027e-07
431.6	1.0027e-07
431.8	1.0027e-07
432.0	1.0027e-07
432.2	1.0027e-07
432.4	1.0027e-07
432.6	1.0027e-07
432.8	1.0027e-07
433.0	1.0027e-07
433.2	1.0027e-07
433.4	1.0027e-07
433.6	1.0027e-07
433.8	1.0027e-07
434.0	1.0027e-07
434.2	1.0027e-07
434.4	1.0027e-07
434.6	1.0027e-07
434.8	1.0027e-07
435.0	1.0027e-07
435.2	1.0027e-07
435.4	1.0027e-07
435.6	1.0027e-07
435.8	1.0027e-07
436.0	1.0027e-07
436.2	1.0027e-07
436.4	1.0027e-07
436.6	1.0027e-07
436.8	1.0027e-07
437.0	1.0027e-07
437.2	1.0027e-07
437.4	1.0027e-07
437.6	1.0027e-07
437.8	1.0027e-07
438.0	1.0027e-07
438.2	1.0027e-07
438.4	1.0027e-07
438.6	1.0027e-07
438.8	1.0027e-07
439.0	1.0027e-07
439.2	1.0027e-07
439.4	1.0027e-07
439.6	1.0027e-07
439.8	1.0027e-07
440.0	1.0027e-07
440.2	1.0027e-07
440.4	1.0027e-07
440.6	1.0027e-07
440.8	1.0027e-07
441.0	1.0027e-07
441.2	1.0027e-07
441.4	1.0027e-07
441.6	1.0027e-07
441.8	1.0027e-07
442.0	1.0027e-07
442.2	1.0027e-07
442.4	1.0027e-07
442.6	1.0027e-07
442.8	1.0027e-07
443.0	1.0027e-07
443.2	1.0027e-07
443.4	1.0027e-07
443.6	1.0027e-07
443.8	1.0027e-07
444.0	1.0027e-07
444.2	1.0027e-07
444.4	1.0027e-07
444.6	1.0027e-07
444.8	1.0027e-07
445.0	1.0027e-07
445.2	1.0027e-07
445.4	1.0027e-07
445.6	1.0027e-07
445.8	1.0027e-07
446.0	1.0027e-07
446.2	1.0027e-07
446.4	1.0027e-07
446.6	1.0027e-07
446.8	1.0027e-07
447.0	1.0027e-07
447.2	1.0027e-07
447.4	1.0027e-07
447.6	1.0027e-07
447.8	1.0027e-07
448.0	1.0027e-07
448.2	1.0027e-07
448.4	1.0027e-07
448.6	1.0027e-07
448.8	1.0027e-07
449.0	1.0027e-07
449.2	1.0027e-07
449.4	1.0027e-07
449.6	1.0027e-07
449.8	1.0027e-07
450.0	1.0027e-07
450.2	1.0027e-07
450.4	1.0027e-07
450.6	1.0027e-07
450.8	1.0027e-07
451.0	1.0027e-07
451.2	1.0027e-07
451.4	1.0027e-07
451.6	1.0027e-07
451.8	1.0027e-07
452.0	1.0027e-07
452.2	1.0027e-07
452.4	1.0027e-07
452.6	1.0027e-07
452.8	1.0027e-07
453.0	1.0027e-07
453.2	1.0027e-07
453.4	1.0027e-07
453.6	1.0027e-07
453.8	1.0027e-07
454.0	1.0027e-07
454.2	1.0027e-07
454.4	1.0027e-07
454.6	1.0027e-07
454.8	1.0027e-07
455.0	1.0027e-07
455.2	1.0027e-07
455.4	1.0027e-07
455.6	1.0027e-07
455.8	1.0027e-07
456.0	1.0027e-07
456.2	9.3464e-08
456.4	8.3594e-08
456.6	7.4766e-08
456.8	6.6871e-08
457.0	5.9809e-08
457.2	5.3493e-08
457.4	4.7844e-08
457.6	4.2792e-08
457.8	3.8273e-08
458.0	3.4231e-08
458.2	3.0617e-08
458.4	2.7383e-08
458.6	2.4492e-08
458.8	2.1905e-08
459.0	1.9592e-08
459.2	1.7523e-08
459.4	1.5673e-08
459.6	1.4018e-08
459.8	1.3037e-08
460.0	1.4577e-08
460.2	1.6299e-08
460.4	1.8225e-08
460.6	2.0378e-08
460.8	2.2785e-08
461.0	2.5477e-08
461.2	2.8487e-08
461.4	3.1852e-08
461.6	3.5615e-08
461.8	3.9822e-08
462.0	4.4527e-08
462.2	4.9787e-08
462.4	5.5669e-08
462.6	6.2245e-08
462.8	6.9599e-08
463.0	7.7821e-08
463.2	8.7014e-08
463.4	9.7294e-08
463.6	1.0027e-07
463.8	1.0027e-07
464.0	1.0027e-07
464.2	1.0027e-07
464.4	1.0027e-07
464.6	1.0027e-07
464.8	1.0027e-07
465.0	1.0027e-07
465.2	1.0027e-07
465.4	1.0027e-07
465.6	1.0027e-07
465.8	1.0027e-07
466.0	1.0027e-07
466.2	1.0027e-07
466.4	1.0027e-07
466.6	1.0027e-07
466.8	1.0027e-07
467.0	1.0027e-07
467.2	1.2569e-07
467.4	2.7038e-07
467.6	5.8163e-07
467.8	1.2512e-06
468.0	2.6914e-06
468.2	2.6025e-06
468.4	2.5166e-06
468.6	2.4335e-06
468.8	2.3531e-06
469.0	2.2754e-06
469.2	2.2002e-06
469.4	2.1276e-06
469.6	2.0573e-06
469.8	1.9894e-06
470.0	1.9237e-06
470.2	1.8601e-06
470.4	1.7987e-06
470.6	1.7292e-06
470.8	1.5819e-06
471.0	1.4471e-06
471.2	1.3238e-06
471.4	1.2111e-06
471.6	1.1079e-06
471.8	1.0135e-06
472.0	9.2717e-07
472.2	8.4818e-07
472.4	7.7593e-07
472.6	7.0983e-07
472.8	6.4936e-07
473.0	5.9404e-07
473.2	5.4343e-07
473.4	4.9714e-07
473.6	4.5479e-07
473.8	4.1604e-07
474.0	3.806e-07
474.2	3.4818e-07
474.4	3.2913e-07
474.6	3.1705e-07
474.8	3.0541e-07
475.0	2.942e-07
475.2	2.8339e-07
475.4	2.7299e-07
475.6	2.6297e-07
475.8	2.5331e-07
476.0	2.4401e-07
476.2	2.3505e-07
476.4	2.2642e-07
476.6	2.1811e-07
476.8	2.101e-07
477.0	2.0239e-07
477.2	1.9496e-07
477.4	1.878e-07
477.6	1.8091e-07
477.8	1.7427e-07
478.0	1.6875e-07
478.2	1.6753e-07
478.4	1.6631e-07
478.6	1.651e-07
478.8	1.6391e-07
479.0	1.6272e-07
479.2	1.6153e-07
479.4	1.6036e-07
479.6	1.592e-07
479.8	1.5804e-07
480.0	1.5689e-07
480.2	1.5575e-07
480.4	1.5462e-07
480.6	1.535e-07
480.8	1.5238e-07
481.0	1.5128e-07
481.2	1.5018e-07
481.4	1.4909e-07
481.6	1.4801e-07
481.8	1.4742e-07
482.0	1.4703e-07
482.2	1.4663e-07
482.4	1.4624e-07
482.6	1.4584e-07
482.8	1.4545e-07
483.0	1.4506e-07
483.2	1.4467e-07
483.4	1.4428e-07
483.6	1.4389e-07
483.8	1.435e-07
484.0	1.4312e-07
484.2	1.4273e-07
484.4	1.4235e-07
484.6	1.4196e-07
484.8	1.4158e-07
485.0	1.412e-07
485.2	1.4082e-07
485.4	1.4014e-07
485.6	1.3872e-07
485.8	1.3731e-07
486.0	1.3592e-07
486.2	1.3454e-07
486.4	1.3317e-07
486.6	1.3182e-07
486.8	1.3049e-07
487.0	1.2916e-07
487.2	1.2785e-07
487.4	1.2655e-07
487.6	1.2527e-07
487.8	1.24e-07
488.0	1.2274e-07
488.2	1.2149e-07
488.4	1.2026e-07
488.6	1.1904e-07
488.8	1.1783e-07
489.0	1.1664e-07
489.2	1.1741e-07
489.4	1.1853e-07
489.6	1.1966e-07
489.8	1.2079e-07
490.0	1.2194e-07
490.2	1.2311e-07
490.4	1.2428e-07
490.6	1.2546e-07
490.8	1.2665e-07
491.0	1.2786e-07
491.2	1.2908e-07
491.4	1.3031e-07
491.6	1.3155e-07
491.8	1.328e-07
492.0	1.3406e-07
492.2	1.3534e-07
492.4	1.3663e-07
492.6	1.3793e-07
492.8	1.3904e-07
493.0	1.3991e-07
493.2	1.4079e-07
493.4	1.4167e-07
493.6	1.4255e-07
493.8	1.4344e-07
494.0	1.4434e-07
494.2	1.4524e-07
494.4	1.4615e-07
494.6	1.4706e-07
494.8	1.4798e-07
495.0	1.4891e-07
495.2	1.4984e-07
495.4	1.5078e-07
495.6	1.5172e-07
495.8	1.5267e-07
496.0	1.5362e-07
496.2	1.5458e-07
496.4	1.5537e-07
496.6	1.4932e-07
496.8	1.4351e-07
497.0	1.3792e-07
497.2	1.3255e-07
497.4	1.2739e-07
497.6	1.2243e-07
497.8	1.1766e-07
498.0	1.1308e-07
498.2	1.0868e-07
498.4	1.0445e-07
498.6	1.0038e-07
498.8	9.6472e-08
499.0	9.2716e-08
499.2	8.9106e-08
499.4	8.5637e-08
499.6	8.2303e-08
499.8	7.9098e-08
500.0	7.6019e-08
500.2	6.0702e-08
500.4	4.8471e-08
500.6	3.8705e-08
500.8	3.0907e-08
501.0	3.1265e-08
501.2	3.1665e-08
501.4	3.207e-08
501.6	3.248e-08
501.8	3.2896e-08
502.0	3.3317e-08
502.2	3.3743e-08
502.4	3.4175e-08
502.6	3.4612e-08
502.8	3.5055e-08
503.0	3.5503e-08
503.2	3.5958e-08
503.4	3.6418e-08
503.6	3.6884e-08
503.8	3.7356e-08
504.0	3.7834e-08
504.2	3.8318e-08
504.4	3.8808e-08
504.6	3.8466e-08
504.8	3.7406e-08
505.0	3.6375e-08
505.2	3.5372e-08
505.4	3.4397e-08
505.6	3.3448e-08
505.8	3.2526e-08
506.0	3.163e-08
506.2	3.0758e-08
506.4	2.991e-08
506.6	2.9085e-08
506.8	2.8283e-08
507.0	2.7504e-08
507.2	2.6745e-08
507.4	2.6008e-08
507.6	2.5291e-08
507.8	2.4594e-08
508.0	2.3916e-08
508.2	2.3354e-08
508.4	2.3932e-08
508.6	2.4524e-08
508.8	2.5131e-08
509.0	2.5752e-08
509.2	2.6389e-08
509.4	2.7042e-08
509.6	2.7711e-08
509.8	2.8396e-08
510.0	2.9099e-08
510.2	2.9819e-08
510.4	3.0556e-08
510.6	3.1312e-08
510.8	3.2086e-08
511.0	3.288e-08
511.2	3.3694e-08
511.4	3.4527e-08
511.6	3.5381e-08
511.8	3.6256e-08
512.0	3.6133e-08
512.2	3.5439e-08
512.4	3.4758e-08
512.6	3.409e-08
512.8	3.3435e-08
513.0	3.2793e-08
513.2	3.2162e-08
513.4	3.1544e-08
513.6	3.0938e-08
513.8	3.0344e-08
514.0	2.9761e-08
514.2	2.9189e-08
514.4	2.8628e-08
514.6	2.8078e-08
514.8	2.7539e-08
515.0	2.7009e-08
515.2	2.649e-08
515.4	2.5981e-08
515.6	2.6242e-08
515.8	2.9705e-08
516.0	3.3625e-08
516.2	3.8062e-08
516.4	4.3085e-08
516.6	4.877e-08
516.8	5.5206e-08
517.0	6.249e-08
517.2	7.0736e-08
517.4	8.0071e-08
517.6	9.0637e-08
517.8	1.026e-07
518.0	1.1614e-07
518.2	1.3146e-07
518.4	1.4881e-07
518.6	1.6844e-07
518.8	1.9067e-07
519.0	2.1583e-07
519.2	2.4431e-07
519.4	2.3334e-07
519.6	2.1242e-07
519.8	1.9338e-07
520.0	1.7605e-07
520.2	1.6027e-07
520.4	1.4591e-07
520.6	1.3283e-07
520.8	1.2093e-07
521.0	1.1009e-07
521.2	1.0022e-07
521.4	9.124e-08
521.6	8.3063e-08
521.8	7.5618e-08
522.0	6.8841e-08
522.2	6.2671e-08
522.4	5.7054e-08
522.6	5.1941e-08
522.8	4.7286e-08
523.0	4.3691e-08
523.2	4.1404e-08
523.4	3.9236e-08
523.6	3.7181e-08
523.8	3.5235e-08
524.0	3.339e-08
524.2	3.1641e-08
524.4	2.9985e-08
524.6	2.8415e-08
524.8	2.6927e-08
525.0	2.5517e-08
525.2	2.4181e-08
525.4	2.2915e-08
525.6	2.1715e-08
525.8	2.0578e-08
526.0	1.95e-08
526.2	1.8479e-08
526.4	1.7512e-08
526.6	1.6595e-08
526.8	1.6988e-08
527.0	1.7431e-08
527.2	1.7886e-08
527.4	1.8353e-08
527.6	1.8832e-08
527.8	1.9324e-08
528.0	1.9829e-08
528.2	2.0346e-08
528.4	2.0878e-08
528.6	2.1423e-08
528.8	2.1982e-08
529.0	2.2556e-08
529.2	2.3145e-08
529.4	2.3749e-08
529.6	2.4369e-08
529.8	2.5005e-08
530.0	2.5658e-08
530.2	2.6328e-08
530.4	2.6866e-08
530.6	2.7301e-08
530.8	2.7744e-08
531.0	2.8194e-08
531.2	2.8651e-08
531.4	2.9116e-08
531.6	2.9588e-08
531.8	3.0068e-08
532.0	3.0556e-08
532.2	3.1051e-08
532.4	3.1555e-08
532.6	3.2066e-08
532.8	3.2587e-08
533.0	3.3115e-08
533.2	3.3652e-08
533.4	3.4198e-08
533.6	3.4752e-08
533.8	3.5316e-08
534.0	3.617e-08
534.2	3.8257e-08
534.4	4.0465e-08
534.6	4.28e-08
534.8	4.527e-08
535.0	4.7882e-08
535.2	5.0645e-08
535.4	5.3568e-08
535.6	5.6659e-08
535.8	5.9928e-08
536.0	6.3386e-08
536.2	6.7044e-08
536.4	7.0913e-08
536.6	7.5005e-08
536.8	7.9333e-08
537.0	8.3911e-08
537.2	8.8754e-08
537.4	9.3875e-08
537.6	9.9292e-08
537.8	9.5933e-08
538.0	9.0925e-08
538.2	8.6178e-08
538.4	8.1679e-08
538.6	7.7415e-08
538.8	7.3374e-08
539.0	6.9543e-08
539.2	6.5913e-08
539.4	6.2472e-08
539.6	5.9211e-08
539.8	5.612e-08
540.0	5.319e-08
540.2	5.0413e-08
540.4	4.7781e-08
540.6	4.5287e-08
540.8	4.2923e-08
541.0	4.0682e-08
541.2	3.8558e-08
541.4	3.9453e-08
541.6	4.4085e-08
541.8	4.9261e-08
542.0	5.5045e-08
542.2	6.1509e-08
542.4	6.8731e-08
542.6	7.6801e-08
542.8	8.5818e-08
543.0	9.5895e-08
543.2	1.067e-07
543.4	1.1872e-07
543.6	1.321e-07
543.8	1.3977e-07
544.0	1.3355e-07
544.2	1.2761e-07
544.4	1.2192e-07
544.6	1.165e-07
544.8	1.1131e-07
545.0	1.0635e-07
545.2	1.0162e-07
545.4	9.7095e-08
545.6	9.2772e-08
545.8	8.8642e-08
546.0	8.4696e-08
546.2	8.0925e-08
546.4	7.7322e-08
546.6	7.388e-08
546.8	7.0591e-08
547.0	6.7448e-08
547.2	6.4445e-08
547.4	6.1576e-08
547.6	6.3481e-08
547.8	6.616e-08
548.0	6.8953e-08
548.2	7.1863e-08
548.4	7.4895e-08
548.6	7.8056e-08
548.8	8.135e-08
549.0	8.4783e-08
549.2	8.8361e-08
549.4	9.209e-08
549.6	9.5977e-08
549.8	1.0003e-07
550.0	1.0425e-07
550.2	1.0865e-07
550.4	1.1323e-07
550.6	1.1801e-07
550.8	1.2299e-07
551.0	1.2818e-07
551.2	1.2635e-07
551.4	1.1584e-07
551.6	1.0621e-07
551.8	9.738e-08
552.0	8.9283e-08
552.2	8.1859e-08
552.4	7.5053e-08
552.6	6.8812e-08
552.8	6.309e-08
553.0	5.7844e-08
553.2	5.3035e-08
553.4	4.8625e-08
553.6	4.4582e-08
553.8	4.0875e-08
554.0	3.7476e-08
554.2	3.436e-08
554.4	3.1503e-08
554.6	2.8884e-08
554.8	2.6482e-08
555.0	2.6689e-08
555.2	2.6897e-08
555.4	2.7107e-08
555.6	2.7319e-08
555.8	2.7532e-08
556.0	2.7747e-08
556.2	2.7963e-08
556.4	2.8182e-08
556.6	2.8402e-08
556.8	2.8623e-08
557.0	2.8847e-08
557.2	2.9072e-08
557.4	2.9299e-08
557.6	2.9528e-08
557.8	2.9758e-08
558.0	2.999e-08
558.2	3.0224e-08
558.4	3.046e-08
558.6	3.1468e-08
558.8	3.3097e-08
559.0	3.481e-08
559.2	3.6612e-08
559.4	3.8508e-08
559.6	4.0501e-08
559.8	4.2598e-08
560.0	4.4803e-08
560.2	4.7122e-08
560.4	4.9562e-08
560.6	5.2127e-08
560.8	5.4826e-08
561.0	5.7664e-08
561.2	6.0649e-08
561.4	6.3789e-08
561.6	6.7091e-08
561.8	7.0565e-08
562.0	7.4218e-08
562.2	7.7745e-08
562.4	7.9854e-08
562.6	8.2019e-08
562.8	8.4243e-08
563.0	8.6527e-08
563.2	8.8873e-08
563.4	9.1283e-08
563.6	9.3758e-08
563.8	9.6301e-08
564.0	9.8912e-08
564.2	1.0159e-07
564.4	1.0435e-07
564.6	1.0718e-07
564.8	1.1008e-07
565.0	1.1307e-07
565.2	1.1614e-07
565.4	1.1928e-07
565.6	1.2252e-07
565.8	1.2584e-07
566.0	1.2358e-07
566.2	1.1969e-07
566.4	1.1593e-07
566.6	1.1228e-07
566.8	1.0875e-07
567.0	1.0533e-07
567.2	1.0202e-07
567.4	9.881e-08
567.6	9.5702e-08
567.8	9.2693e-08
568.0	8.9778e-08
568.2	8.6955e-08
568.4	8.422e-08
568.6	8.1571e-08
568.8	7.9006e-08
569.0	7.6522e-08
569.2	7.4115e-08
569.4	7.1785e-08
569.6	7.0875e-08
569.8	7.2255e-08
570.0	7.366e-08
570.2	7.5094e-08
570.4	7.6555e-08
570.6	7.8044e-08
570.8	7.9563e-08
571.0	8.1111e-08
571.2	8.2689e-08
571.4	8.4298e-08
571.6	8.5938e-08
571.8	8.761e-08
572.0	8.9315e-08
572.2	9.1053e-08
572.4	9.2824e-08
572.6	9.463e-08
572.8	9.6472e-08
573.0	9.8349e-08
573.2	1.0026e-07
573.4	1.0011e-07
573.6	9.9947e-08
573.8	9.9785e-08
574.0	9.9623e-08
574.2	9.9461e-08
574.4	9.93e-08
574.6	9.9139e-08
574.8	9.8978e-08
575.0	9.8817e-08
575.2	9.8657e-08
575.4	9.8497e-08
575.6	9.8337e-08
575.8	9.8177e-08
576.0	9.8018e-08
576.2	9.7859e-08
576.4	9.77e-08
576.6	9.7541e-08
576.8	9.7383e-08
577.0	9.5827e-08
577.2	9.348e-08
577.4	9.1191e-08
577.6	8.8957e-08
577.8	8.6779e-08
578.0	8.4653e-08
578.2	8.258e-08
578.4	8.0558e-08
578.6	7.8585e-08
578.8	7.666e-08
579.0	7.4783e-08
579.2	7.2951e-08
579.4	7.1165e-08
579.6	6.9422e-08
579.8	6.7722e-08
580.0	6.6063e-08
580.2	6.4445e-08
580.4	6.2867e-08
580.6	6.1227e-08
580.8	5.936e-08
581.0	5.755e-08
581.2	5.5795e-08
581.4	5.4093e-08
581.6	5.2444e-08
581.8	5.0844e-08
582.0	4.9294e-08
582.2	4.779e-08
582.4	4.6333e-08
582.6	4.492e-08
582.8	4.355e-08
583.0	4.2222e-08
583.2	4.0934e-08
583.4	3.9686e-08
583.6	3.8476e-08
583.8	3.7303e-08
584.0	3.6165e-08
584.2	3.5062e-08
584.4	3.4396e-08
584.6	3.3782e-08
584.8	3.3179e-08
585.0	3.2586e-08
585.2	3.2004e-08
585.4	3.1433e-08
585.6	3.0872e-08
585.8	3.0321e-08
586.0	2.9779e-08
586.2	2.9248e-08
586.4	2.8725e-08
586.6	2.8213e-08
586.8	2.7709e-08
587.0	2.7214e-08
587.2	2.6728e-08
587.4	2.6251e-08
587.6	2.5782e-08
587.8	2.5322e-08
588.0	2.5392e-08
588.2	2.5864e-08
588.4	2.6345e-08
588.6	2.6835e-08
588.8	2.7334e-08
589.0	2.7842e-08
589.2	2.836e-08
589.4	2.8887e-08
589.6	2.9424e-08
589.8	2.9971e-08
590.0	3.0529e-08
590.2	3.1096e-08
590.4	3.1675e-08
590.6	3.2264e-08
590.8	3.2863e-08
591.0	3.3475e-08
591.2	3.4097e-08
591.4	3.4731e-08
591.6	3.5029e-08
591.8	3.4241e-08
592.0	3.3471e-08
592.2	3.2718e-08
592.4	3.1981e-08
592.6	3.1262e-08
592.8	3.0559e-08
593.0	2.9871e-08
593.2	2.9199e-08
593.4	2.8542e-08
593.6	2.79e-08
593.8	2.7272e-08
594.0	2.6659e-08
594.2	2.6059e-08
594.4	2.5473e-08
594.6	2.49e-08
594.8	2.434e-08
595.0	2.3792e-08
595.2	2.3257e-08
595.4	2.3383e-08
595.6	2.3568e-08
595.8	2.3754e-08
596.0	2.3941e-08
596.2	2.413e-08
596.4	2.4321e-08
596.6	2.4513e-08
596.8	2.4707e-08
597.0	2.4902e-08
597.2	2.5098e-08
597.4	2.5297e-08
597.6	2.5496e-08
597.8	2.5698e-08
598.0	2.5901e-08
598.2	2.6105e-08
598.4	2.6311e-08
598.6	2.6519e-08
598.8	2.6729e-08
599.0	2.7167e-08
599.2	2.776e-08
599.4	2.8367e-08
599.6	2.8987e-08
599.8	2.962e-08
600.0	3.0268e-08
600.2	3.0929e-08
600.4	3.1605e-08
600.6	3.2296e-08
600.8	3.3002e-08
601.0	3.3723e-08
601.2	3.446e-08
601.4	3.5213e-08
601.6	3.5983e-08
601.8	3.6769e-08
602.0	3.7572e-08
602.2	3.8394e-08
602.4	3.9233e-08
602.6	3.9619e-08
602.8	3.8968e-08
603.0	3.8329e-08
603.2	3.77e-08
603.4	3.7081e-08
603.6	3.6473e-08
603.8	3.5875e-08
604.0	3.5286e-08
604.2	3.4707e-08
604.4	3.4137e-08
604.6	3.3577e-08
604.8	3.3026e-08
605.0	3.2484e-08
605.2	3.1951e-08
605.4	3.1427e-08
605.6	3.0911e-08
605.8	3.0404e-08
606.0	2.9905e-08
606.2	2.9437e-08
606.4	3.0095e-08
606.6	3.0767e-08
606.8	3.1454e-08
607.0	3.2156e-08
607.2	3.2874e-08
607.4	3.3608e-08
607.6	3.4358e-08
607.8	3.5126e-08
608.0	3.591e-08
608.2	3.9345e-08
608.4	4.3109e-08
608.6	4.7233e-08
608.8	5.1752e-08
609.0	5.2751e-08
609.2	5.2206e-08
609.4	5.1667e-08
609.6	5.1134e-08
609.8	5.0606e-08
610.0	5.0083e-08
610.2	4.9566e-08
610.4	4.9054e-08
610.6	4.8547e-08
610.8	4.8046e-08
611.0	4.7549e-08
611.2	4.7058e-08
611.4	4.6572e-08
611.6	4.6091e-08
611.8	4.5615e-08
612.0	4.5144e-08
612.2	4.4678e-08
612.4	4.4217e-08
612.6	4.4145e-08
612.8	4.4864e-08
613.0	4.5594e-08
613.2	4.6337e-08
613.4	4.7091e-08
613.6	4.7858e-08
613.8	4.8638e-08
614.0	4.943e-08
614.2	5.0235e-08
614.4	5.1053e-08
614.6	5.1884e-08
614.8	5.2729e-08
615.0	5.3588e-08
615.2	5.4461e-08
615.4	5.5347e-08
615.6	5.6249e-08
615.8	5.7165e-08
616.0	5.8096e-08
616.2	5.9042e-08
616.4	5.6788e-08
616.6	5.451e-08
616.8	5.2325e-08
617.0	5.0226e-08
617.2	4.8212e-08
617.4	4.6279e-08
617.6	4.4423e-08
617.8	4.2642e-08
618.0	4.0932e-08
618.2	3.929e-08
618.4	3.7715e-08
618.6	3.6202e-08
618.8	3.4751e-08
619.0	3.3357e-08
619.2	3.2019e-08
619.4	3.0735e-08
619.6	2.9503e-08
619.8	2.832e-08
620.0	2.8775e-08
620.2	3.0344e-08
620.4	3.1998e-08
620.6	3.3742e-08
620.8	3.5581e-08
621.0	3.7521e-08
621.2	3.9566e-08
621.4	4.1723e-08
621.6	4.3997e-08
621.8	4.6395e-08
622.0	4.8924e-08
622.2	5.1591e-08
622.4	5.4403e-08
622.6	5.7369e-08
622.8	6.0496e-08
623.0	6.3794e-08
623.2	6.7271e-08
623.4	7.0938e-08
623.6	7.4089e-08
623.8	7.5236e-08
624.0	7.64e-08
624.2	7.7583e-08
624.4	7.8784e-08
624.6	8.0004e-08
624.8	8.1242e-08
625.0	8.25e-08
625.2	8.3777e-08
625.4	8.5074e-08
625.6	8.6391e-08
625.8	8.7728e-08
626.0	8.9086e-08
626.2	9.0465e-08
626.4	9.1865e-08
626.6	9.3288e-08
626.8	9.4732e-08
627.0	9.6198e-08
627.2	9.7687e-08
627.4	9.7122e-08
627.6	9.6383e-08
627.8	9.565e-08
628.0	9.4922e-08
628.2	9.42e-08
628.4	9.3483e-08
628.6	9.2772e-08
628.8	9.2066e-08
629.0	9.1366e-08
629.2	9.067e-08
629.4	8.998e-08
629.6	8.9296e-08
629.8	8.8616e-08
630.0	8.7942e-08
630.2	8.7273e-08
630.4	8.6609e-08
630.6	8.595e-08
630.8	8.5296e-08
631.0	8.583e-08
631.2	8.7204e-08
631.4	8.8601e-08
631.6	9.002e-08
631.8	9.1461e-08
632.0	9.2926e-08
632.2	9.4414e-08
632.4	9.5926e-08
632.6	9.7462e-08
632.8	9.9023e-08
633.0	1.0061e-07
633.2	1.0222e-07
633.4	1.0386e-07
633.6	1.0552e-07
633.8	1.0721e-07
634.0	1.0893e-07
634.2	1.1067e-07
634.4	1.1244e-07
634.6	1.1369e-07
634.8	1.135e-07
635.0	1.1331e-07
635.2	1.1311e-07
635.4	1.1292e-07
635.6	1.1273e-07
635.8	1.1254e-07
636.0	1.1234e-07
636.2	1.1215e-07
636.4	1.1196e-07
636.6	1.1177e-07
636.8	1.1158e-07
637.0	1.1139e-07
637.2	1.112e-07
637.4	1.1101e-07
637.6	1.1082e-07
637.8	1.1063e-07
638.0	1.1045e-07
638.2	1.1026e-07
638.4	1.0964e-07
638.6	1.0901e-07
638.8	1.0838e-07
639.0	1.0775e-07
639.2	1.0713e-07
639.4	1.0651e-07
639.6	1.059e-07
639.8	1.0529e-07
640.0	1.0468e-07
640.2	1.0408e-07
640.4	1.0347e-07
640.6	1.0288e-07
640.8	1.0228e-07
641.0	1.0169e-07
641.2	1.0111e-07
641.4	1.0052e-07
641.6	1.0027e-07
641.8	1.0027e-07
642.0	1.0027e-07
642.2	1.0027e-07
642.4	1.0027e-07
642.6	1.0027e-07
642.8	1.0027e-07
643.0	1.0027e-07
643.2	1.0027e-07
643.4	1.0027e-07
643.6	1.0027e-07
643.8	1.0027e-07
644.0	1.0027e-07
644.2	1.0027e-07
644.4	1.0027e-07
644.6	1.0027e-07
644.8	1.0027e-07
645.0	9.9577e-08
645.2	9.2888e-08
645.4	8.6648e-08
645.6	8.0827e-08
645.8	7.5398e-08
646.0	7.0333e-08
646.2	6.5608e-08
646.4	6.1201e-08
646.6	5.709e-08
646.8	5.3255e-08
647.0	4.9677e-08
647.2	4.634e-08
647.4	4.3227e-08
647.6	4.0323e-08
647.8	3.7614e-08
648.0	3.5088e-08
648.2	3.2731e-08
648.4	3.0532e-08
648.6	2.8481e-08
648.8	2.6568e-08
649.0	2.4783e-08
649.2	2.3118e-08
649.4	2.1565e-08
649.6	2.0116e-08
649.8	1.8765e-08
650.0	1.8327e-08
650.2	1.9647e-08
650.4	2.1062e-08
650.6	2.2579e-08
650.8	2.4205e-08
651.0	2.5949e-08
651.2	2.7818e-08
651.4	2.9822e-08
651.6	3.197e-08
651.8	3.4272e-08
652.0	3.6741e-08
652.2	3.9387e-08
652.4	4.2224e-08
652.6	4.5266e-08
652.8	4.8526e-08
653.0	5.2021e-08
653.2	5.5768e-08
653.4	5.9785e-08
653.6	6.4092e-08
653.8	6.8708e-08
654.0	7.3657e-08
654.2	7.8962e-08
654.4	8.465e-08
654.6	9.0747e-08
654.8	9.7284e-08
655.0	9.6694e-08
655.2	9.067e-08
655.4	8.5022e-08
655.6	7.9726e-08
655.8	7.476e-08
656.0	7.0103e-08
656.2	6.5736e-08
656.4	6.1642e-08
656.6	5.7802e-08
656.8	5.4201e-08
657.0	5.0825e-08
657.2	4.7659e-08
657.4	4.469e-08
657.6	4.1907e-08
657.8	3.9296e-08
658.0	3.6848e-08
658.2	3.4553e-08
658.4	3.2401e-08
658.6	3.0382e-08
658.8	2.849e-08
659.0	2.6715e-08
659.2	2.5051e-08
659.4	2.3491e-08
659.6	2.2027e-08
659.8	2.0655e-08
660.0	2.1766e-08
660.2	2.3491e-08
660.4	2.5354e-08
660.6	2.7363e-08
660.8	2.9532e-08
661.0	3.1873e-08
661.2	3.44e-08
661.4	3.7127e-08
661.6	4.007e-08
661.8	4.3246e-08
662.0	4.6674e-08
662.2	5.0374e-08
662.4	5.4367e-08
662.6	5.8677e-08
662.8	6.3328e-08
663.0	6.8348e-08
663.2	7.3766e-08
663.4	7.9613e-08
663.6	8.5924e-08
663.8	9.2735e-08
664.0	1.0009e-07
664.2	1.0802e-07
664.4	1.1658e-07
664.6	1.2582e-07
664.8	1.3392e-07
665.0	1.2577e-07
665.2	1.1812e-07
665.4	1.1093e-07
665.6	1.0418e-07
665.8	9.7843e-08
666.0	9.189e-08
666.2	8.6298e-08
666.4	8.1047e-08
666.6	7.6116e-08
666.8	7.1484e-08
667.0	6.7134e-08
667.2	6.3049e-08
667.4	5.9213e-08
667.6	5.561e-08
667.8	5.2226e-08
668.0	4.9048e-08
668.2	4.6064e-08
668.4	4.3261e-08
668.6	4.0629e-08
668.8	3.8156e-08
669.0	3.5835e-08
669.2	3.3654e-08
669.4	3.1606e-08
669.6	2.9683e-08
669.8	2.8314e-08
670.0	2.78e-08
670.2	2.7295e-08
670.4	2.68e-08
670.6	2.6313e-08
670.8	2.5836e-08
671.0	2.5367e-08
671.2	2.4906e-08
671.4	2.4454e-08
671.6	2.401e-08
671.8	2.3574e-08
672.0	2.3146e-08
672.2	2.2726e-08
672.4	2.2313e-08
672.6	2.1908e-08
672.8	2.151e-08
673.0	2.112e-08
673.2	2.0737e-08
673.4	2.036e-08
673.6	1.999e-08
673.8	1.9628e-08
674.0	1.9271e-08
674.2	1.8921e-08
674.4	1.8578e-08
674.6	1.8241e-08
674.8	1.8777e-08
675.0	1.9935e-08
675.2	2.1164e-08
675.4	2.2469e-08
675.6	2.3854e-08
675.8	2.5325e-08
676.0	2.6887e-08
676.2	2.8545e-08
676.4	3.0306e-08
676.6	3.2174e-08
676.8	3.4158e-08
677.0	3.6265e-08
677.2	3.8501e-08
677.4	4.0875e-08
677.6	4.3396e-08
677.8	4.6072e-08
678.0	4.8913e-08
678.2	5.1929e-08
678.4	5.5132e-08
678.6	5.8532e-08
678.8	6.2141e-08
679.0	6.5973e-08
679.2	7.0041e-08
679.4	7.436e-08
679.6	7.8946e-08
679.8	8.1607e-08
680.0	8.3915e-08
680.2	8.6288e-08
680.4	8.8728e-08
680.6	9.1237e-08
680.8	9.3816e-08
681.0	9.6469e-08
681.2	9.9197e-08
681.4	1.02e-07
681.6	1.0489e-07
681.8	1.0785e-07
682.0	1.109e-07
682.2	1.1404e-07
682.4	1.1726e-07
682.6	1.2058e-07
682.8	1.2399e-07
683.0	1.2749e-07
683.2	1.311e-07
683.4	1.348e-07
683.6	1.3862e-07
683.8	1.4254e-07
684.0	1.4657e-07
684.2	1.5071e-07
684.4	1.5497e-07
684.6	1.5909e-07
684.8	1.5972e-07
685.0	1.6036e-07
685.2	1.61e-07
685.4	1.6165e-07
685.6	1.6229e-07
685.8	1.6294e-07
686.0	1.6359e-07
686.2	1.6425e-07
686.4	1.649e-07
686.6	1.6556e-07
686.8	1.6622e-07
687.0	1.6689e-07
687.2	1.6755e-07
687.4	1.6822e-07
687.6	1.689e-07
687.8	1.6957e-07
688.0	1.7025e-07
688.2	1.7093e-07
688.4	1.7243e-07
688.6	1.7563e-07
688.8	1.7889e-07
689.0	1.8221e-07
689.2	1.856e-07
689.4	1.8904e-07
689.6	1.9255e-07
689.8	1.9613e-07
690.0	1.9977e-07
690.2	2.0348e-07
690.4	2.0726e-07
690.6	2.111e-07
690.8	2.1502e-07
691.0	2.1902e-07
691.2	2.2308e-07
691.4	2.2723e-07
691.6	2.3144e-07
691.8	2.3574e-07
692.0	2.4012e-07
692.2	2.4572e-07
692.4	2.5226e-07
692.6	2.5898e-07
692.8	2.6587e-07
693.0	2.7294e-07
693.2	2.8021e-07
693.4	2.8766e-07
693.6	2.9532e-07
693.8	3.0318e-07
694.0	3.1125e-07
694.2	3.1953e-07
694.4	3.2803e-07
694.6	3.3676e-07
694.8	3.4572e-07
695.0	3.5492e-07
695.2	3.6437e-07
695.4	3.7406e-07
695.6	3.8116e-07
695.8	3.7624e-07
696.0	3.7138e-07
696.2	3.6658e-07
696.4	3.6184e-07
696.6	3.5717e-07
696.8	3.5256e-07
697.0	3.48e-07
697.2	3.4506e-07
697.4	3.672e-07
697.6	3.9076e-07
697.8	3.9452e-07
698.0	3.8312e-07
698.2	3.7672e-07
698.4	4.2016e-07
698.6	4.891e-07
698.8	5.8883e-07
699.0	6.9972e-07
699.2	7.0817e-07
699.4	7.1672e-07
699.6	7.5982e-07
699.8	8.329e-07
700.0	9.2845e-07
700.2	1.035e-06
700.4	1.137e-06
700.6	1.2358e-06
700.8	1.3474e-06
701.0	1.5174e-06
701.2	1.6833e-06
701.4	1.8459e-06
701.6	2.0291e-06
701.8	2.2913e-06
702.0	2.5874e-06
702.2	2.8224e-06
702.4	3.017e-06
702.6	3.3668e-06
702.8	3.7571e-06
703.0	4.1893e-06
703.2	4.6686e-06
703.4	5.1922e-06
703.6	5.6698e-06
703.8	6.2962e-06
704.0	7.0792e-06
704.2	7.9609e-06
704.4	8.9678e-06
704.6	1.0102e-05
704.8	1.1293e-05
705.0	1.258e-05
705.2	1.4276e-05
705.4	1.6202e-05
705.6	1.8347e-05
705.8	2.0746e-05
706.0	2.3451e-05
706.2	2.6437e-05
706.4	3.0096e-05
706.6	3.45e-05
706.8	3.9541e-05
707.0	4.5239e-05
707.2	5.1759e-05
707.4	5.9533e-05
707.6	6.8698e-05
707.8	7.921e-05
708.0	9.133e-05
708.2	1.0563e-04
708.4	1.224e-04
708.6	1.4188e-04
708.8	1.6476e-04
709.0	1.9241e-04
709.2	2.2578e-04
709.4	2.6497e-04
709.6	3.1151e-04
709.8	3.6623e-04
710.0	4.1616e-04
710.2	4.952e-04
710.4	5.8752e-04
710.6	7.0319e-04
710.8	8.362e-04
711.0	0.00101
711.2	0.00122
711.4	0.00152
711.6	0.00183
711.8	0.0022
712.0	0.00269
712.2	0.00334
712.4	0.00411
712.6	0.00508
712.8	0.00629
713.0	0.00782
713.2	0.00987
713.4	0.01243
713.6	0.01576
713.8	0.02008
714.0	0.02566
714.2	0.03323
714.4	0.04354
714.6	0.05669
714.8	0.0739
715.0	0.09739
715.2	0.12933
715.4	0.16004
715.6	0.20999
715.8	0.27496
716.0	0.35474
716.2	0.44532
716.4	0.54353
716.6	0.64692
716.8	0.74146
717.0	0.81363
717.2	0.87133
717.4	0.91069
717.6	0.93446
717.8	0.94289
718.0	0.94662
718.2	0.95193
718.4	0.95087
718.6	0.94898
718.8	0.94981
719.0	0.95234
719.2	0.95484
719.4	0.95638
719.6	0.95683
719.8	0.96077
720.0	0.96723
720.2	0.97104
720.4	0.97578
720.6	0.97765
720.8	0.97985
721.0	0.98317
721.2	0.98045
721.4	0.98409
721.6	0.98269
721.8	0.9858
722.0	0.98331
722.2	0.98204
722.4	0.98279
722.6	0.97996
722.8	0.97868
723.0	0.98073
723.2	0.9765
723.4	0.97748
723.6	0.97429
723.8	0.9765
724.0	0.97844
724.2	0.97865
724.4	0.97699
724.6	0.97661
724.8	0.97725
725.0	0.97692
725.2	0.97724
725.4	0.97417
725.6	0.97571
725.8	0.97843
726.0	0.97591
726.2	0.97234
726.4	0.97493
726.6	0.9748
726.8	0.97589
727.0	0.97483
727.2	0.96956
727.4	0.96973
727.6	0.96672
727.8	0.96741
728.0	0.96687
728.2	0.9678
728.4	0.96448
728.6	0.96466
728.8	0.96637
729.0	0.96428
729.2	0.96159
729.4	0.96476
729.6	0.96689
729.8	0.96482
730.0	0.96517
730.2	0.96653
730.4	0.97026
730.6	0.97436
730.8	0.96706
731.0	0.9695
731.2	0.97511
731.4	0.97589
731.6	0.97191
731.8	0.97194
732.0	0.97525
732.2	0.98059
732.4	0.97588
732.6	0.97846
732.8	0.97984
733.0	0.97956
733.2	0.97895
733.4	0.9823
733.6	0.98499
733.8	0.98872
734.0	0.99536
734.2	0.99218
734.4	0.98859
734.6	0.99107
734.8	0.99252
735.0	0.98991
735.2	0.99067
735.4	0.98892
735.6	0.98861
735.8	0.9845
736.0	0.99191
736.2	0.99273
736.4	0.99165
736.6	0.98597
736.8	0.98316
737.0	0.97884
737.2	0.97799
737.4	0.98367
737.6	0.9807
737.8	0.97937
738.0	0.98022
738.2	0.9878
738.4	0.98893
738.6	0.9873
738.8	0.98193
739.0	0.98
739.2	0.97578
739.4	0.97709
739.6	0.9816
739.8	0.98847
740.0	0.98629
740.2	0.98536
740.4	0.98834
740.6	0.98831
740.8	0.98293
741.0	0.98135
741.2	0.9808
741.4	0.97735
741.6	0.976
741.8	0.97651
742.0	0.98091
742.2	0.98238
742.4	0.97832
742.6	0.97909
742.8	0.97661
743.0	0.98047
743.2	0.97789
743.4	0.97105
743.6	0.97098
743.8	0.9714
744.0	0.96956
744.2	0.97058
744.4	0.96977
744.6	0.97198
744.8	0.97472
745.0	0.96956
745.2	0.97176
745.4	0.96743
745.6	0.97097
745.8	0.97085
746.0	0.96876
746.2	0.96693
746.4	0.96402
746.6	0.96815
746.8	0.97252
747.0	0.96845
747.2	0.96266
747.4	0.96266
747.6	0.96212
747.8	0.96701
748.0	0.96589
748.2	0.96514
748.4	0.97125
748.6	0.97551
748.8	0.97541
749.0	0.97529
749.2	0.97836
749.4	0.97618
749.6	0.97625
749.8	0.98084
750.0	0.98173
750.2	0.98174
750.4	0.98035
750.6	0.9809
750.8	0.98135
751.0	0.97827
751.2	0.97962
751.4	0.97985
751.6	0.97802
751.8	0.97805
752.0	0.97806
752.2	0.97802
752.4	0.97892
752.6	0.97448
752.8	0.97202
753.0	0.97274
753.2	0.97771
753.4	0.97833
753.6	0.97491
753.8	0.97329
754.0	0.96931
754.2	0.96631
754.4	0.96731
754.6	0.96436
754.8	0.96375
755.0	0.96145
755.2	0.96147
755.4	0.95992
755.6	0.96196
755.8	0.95904
756.0	0.95989
756.2	0.95893
756.4	0.95796
756.6	0.95718
756.8	0.95604
757.0	0.95249
757.2	0.95594
757.4	0.9581
757.6	0.95874
757.8	0.95787
758.0	0.96076
758.2	0.96097
758.4	0.95556
758.6	0.96363
758.8	0.96673
759.0	0.96612
759.2	0.96655
759.4	0.9733
759.6	0.97122
759.8	0.97241
760.0	0.9771
760.2	0.98325
760.4	0.97853
760.6	0.97963
760.8	0.98299
761.0	0.97987
761.2	0.98067
761.4	0.97762
761.6	0.97623
761.8	0.98056
762.0	0.98347
762.2	0.9826
762.4	0.9817
762.6	0.98729
762.8	0.98573
763.0	0.98817
763.2	0.98539
763.4	0.98618
763.6	0.98308
763.8	0.98623
764.0	0.98368
764.2	0.97964
764.4	0.98195
764.6	0.98562
764.8	0.98319
765.0	0.97729
765.2	0.97959
765.4	0.97865
765.6	0.97741
765.8	0.97724
766.0	0.97787
766.2	0.9748
766.4	0.97843
766.6	0.97831
766.8	0.9821
767.0	0.98016
767.2	0.97856
767.4	0.97917
767.6	0.97897
767.8	0.97709
768.0	0.97753
768.2	0.97432
768.4	0.9772
768.6	0.97571
768.8	0.97365
769.0	0.98382
769.2	0.98014
769.4	0.97843
769.6	0.97861
769.8	0.97874
770.0	0.97837
770.2	0.98221
770.4	0.983
770.6	0.98483
770.8	0.98322
771.0	0.98373
771.2	0.98419
771.4	0.98642
771.6	0.99221
771.8	0.98505
772.0	0.98051
772.2	0.98093
772.4	0.98042
772.6	0.98138
772.8	0.98229
773.0	0.98051
773.2	0.97653
773.4	0.97551
773.6	0.975
773.8	0.97828
774.0	0.98013
774.2	0.97671
774.4	0.97428
774.6	0.97491
774.8	0.97435
775.0	0.97213
775.2	0.97231
775.4	0.97295
775.6	0.96985
775.8	0.97394
776.0	0.97194
776.2	0.97004
776.4	0.9705
776.6	0.96481
776.8	0.96441
777.0	0.96837
777.2	0.9685
777.4	0.96799
777.6	0.96473
777.8	0.96573
778.0	0.96372
778.2	0.96498
778.4	0.96379
778.6	0.96662
778.8	0.96245
779.0	0.96182
779.2	0.96471
779.4	0.97432
779.6	0.97667
779.8	0.97729
780.0	0.97489
780.2	0.97283
780.4	0.97337
780.6	0.97494
780.8	0.97756
781.0	0.97704
781.2	0.98119
781.4	0.97975
781.6	0.97846
781.8	0.98041
782.0	0.98594
782.2	0.99067
782.4	0.98929
782.6	0.99255
782.8	0.98946
783.0	0.98618
783.2	0.98657
783.4	0.99004
783.6	0.98694
783.8	0.98651
784.0	0.98741
784.2	0.98784
784.4	0.99307
784.6	0.99079
784.8	0.9882
785.0	0.9858
785.2	0.98686
785.4	0.98629
785.6	0.98618
785.8	0.98142
786.0	0.98275
786.2	0.9828
786.4	0.98473
786.6	0.98433
786.8	0.98171
787.0	0.98351
787.2	0.98099
787.4	0.98187
787.6	0.98118
787.8	0.98286
788.0	0.98901
788.2	0.98383
788.4	0.98169
788.6	0.98003
788.8	0.98215
789.0	0.98624
789.2	0.98864
789.4	0.98513
789.6	0.98345
789.8	0.98188
790.0	0.98073
790.2	0.98399
790.4	0.98946
790.6	0.98574
790.8	0.98613
791.0	0.9851
791.2	0.98985
791.4	0.99295
791.6	0.99247
791.8	0.99198
792.0	0.99328
792.2	0.98906
792.4	0.98762
792.6	0.98311
792.8	0.98619
793.0	0.9884
793.2	0.98833
793.4	0.98766
793.6	0.98454
793.8	0.98652
794.0	0.9858
794.2	0.98415
794.4	0.98589
794.6	0.98774
794.8	0.98564
795.0	0.98238
795.2	0.98179
795.4	0.98913
795.6	0.98377
795.8	0.98102
796.0	0.98346
796.2	0.98038
796.4	0.97722
796.6	0.9702
796.8	0.97064
797.0	0.97515
797.2	0.97721
797.4	0.97944
797.6	0.98007
797.8	0.98053
798.0	0.97699
798.2	0.97308
798.4	0.97248
798.6	0.97365
798.8	0.97318
799.0	0.9746
799.2	0.97418
799.4	0.97877
799.6	0.9704
799.8	0.97028
800.0	0.9705
800.2	0.97418
800.4	0.97646
800.6	0.97822
800.8	0.9815
801.0	0.98462
801.2	0.98247
801.4	0.97506
801.6	0.9759
801.8	0.97977
802.0	0.98229
802.2	0.98308
802.4	0.98585
802.6	0.99292
802.8	0.9917
803.0	0.99405
803.2	0.99722
803.4	0.99806
803.6	0.99757
803.8	0.99439
804.0	0.99154
804.2	0.98776
804.4	0.98777
804.6	0.9928
804.8	0.99725
805.0	0.99872
805.2	0.99896
805.4	0.99587
805.6	0.99362
805.8	0.99231
806.0	0.98869
806.2	0.98973
806.4	0.99179
806.6	0.99242
806.8	0.99553
807.0	0.99655
807.2	0.98903
807.4	0.98902
807.6	0.98984
807.8	0.99109
808.0	0.99153
808.2	0.99543
808.4	0.99215
808.6	0.98681
808.8	0.9851
809.0	0.98383
809.2	0.97992
809.4	0.97428
809.6	0.97906
809.8	0.98144
810.0	0.97931
810.2	0.97997
810.4	0.97764
810.6	0.98166
810.8	0.98677
811.0	0.98507
811.2	0.98366
811.4	0.98327
811.6	0.97995
811.8	0.98012
812.0	0.97421
812.2	0.97293
812.4	0.97921
812.6	0.98289
812.8	0.97975
813.0	0.97895
813.2	0.97362
813.4	0.97301
813.6	0.98079
813.8	0.98506
814.0	0.9852
814.2	0.9839
814.4	0.97968
814.6	0.97883
814.8	0.98301
815.0	0.98749
815.2	0.98412
815.4	0.98171
815.6	0.98374
815.8	0.98702
816.0	0.98249
816.2	0.97609
816.4	0.97313
816.6	0.97299
816.8	0.97845
817.0	0.9792
817.2	0.97816
817.4	0.98302
817.6	0.98377
817.8	0.98249
818.0	0.98177
818.2	0.98326
818.4	0.98048
818.6	0.98019
818.8	0.97967
819.0	0.98453
819.2	0.98687
819.4	0.97915
819.6	0.97642
819.8	0.98054
820.0	0.98112
820.2	0.98408
820.4	0.98266
820.6	0.98559
820.8	0.98772
821.0	0.98654
821.2	0.98748
821.4	0.97891
821.6	0.97883
821.8	0.98583
822.0	0.9884
822.2	0.99
822.4	0.99365
822.6	0.99273
822.8	0.98994
823.0	0.98572
823.2	0.98786
823.4	0.99026
823.6	0.98993
823.8	0.99094
824.0	0.99586
824.2	0.99761
824.4	0.99166
824.6	0.98818
824.8	0.99302
825.0	0.99728
825.2	0.99321
825.4	0.99145
825.6	0.99418
825.8	0.99194
826.0	0.9933
826.2	0.9914
826.4	0.9888
826.6	0.98929
826.8	0.98779
827.0	0.98362
827.2	0.98659
827.4	0.97829
827.6	0.97921
827.8	0.98711
828.0	0.98424
828.2	0.97958
828.4	0.98189
828.6	0.97647
828.8	0.97885
829.0	0.97778
829.2	0.98003
829.4	0.98059
829.6	0.97968
829.8	0.98137
830.0	0.98104
830.2	0.98601
830.4	0.98623
830.6	0.97596
830.8	0.97282
831.0	0.97694
831.2	0.97734
831.4	0.98413
831.6	0.98351
831.8	0.98434
832.0	0.98571
832.2	0.98398
832.4	0.98466
832.6	0.98474
832.8	0.98212
833.0	0.9796
833.2	0.9715
833.4	0.97166
833.6	0.97977
833.8	0.98156
834.0	0.97898
834.2	0.98227
834.4	0.98872
834.6	0.98562
834.8	0.99089
835.0	0.99364
835.2	0.98846
835.4	0.98619
835.6	0.98445
835.8	0.98271
836.0	0.98333
836.2	0.98287
836.4	0.98037
836.6	0.9847
836.8	0.98605
837.0	0.98531
837.2	0.9908
837.4	0.99228
837.6	0.98942
837.8	0.98734
838.0	0.98697
838.2	0.98412
838.4	0.98499
838.6	0.98155
838.8	0.98481
839.0	0.98442
839.2	0.98472
839.4	0.98572
839.6	0.99
839.8	0.98298
840.0	0.97597
840.2	0.97517
840.4	0.97323
840.6	0.97842
840.8	0.98265
841.0	0.98748
841.2	0.98836
841.4	0.9867
841.6	0.98373
841.8	0.98226
842.0	0.97898
842.2	0.97914
842.4	0.98073
842.6	0.98856
842.8	0.99306
843.0	0.9906
843.2	0.99266
843.4	0.99138
843.6	0.988
843.8	0.98452
844.0	0.98812
844.2	0.9918
844.4	0.99201
844.6	0.99542
844.8	0.99116
845.0	0.98826
845.2	0.99244
845.4	0.99223
845.6	0.9887
845.8	0.9949
846.0	0.99761
846.2	0.99365
846.4	0.98685
846.6	0.98401
846.8	0.98454
847.0	0.98821
847.2	0.98868
847.4	0.98604
847.6	0.98604
847.8	0.98538
848.0	0.97864
848.2	0.97853
848.4	0.98184
848.6	0.98056
848.8	0.98178
849.0	0.98799
849.2	0.98411
849.4	0.98637
849.6	0.98531
849.8	0.98394
850.0	0.99056
850.2	0.99372
850.4	0.98731
850.6	0.98582
850.8	0.98393
851.0	0.98174
851.2	0.98616
851.4	0.98206
851.6	0.97796
851.8	0.97937
852.0	0.98437
852.2	0.98509
852.4	0.98648
852.6	0.98484
852.8	0.98368
853.0	0.98126
853.2	0.98596
853.4	0.98817
853.6	0.98757
853.8	0.98689
854.0	0.98712
854.2	0.98765
854.4	0.99217
854.6	0.99307
854.8	0.99091
855.0	0.98545
855.2	0.98193
855.4	0.97902
855.6	0.98465
855.8	0.98661
856.0	0.98515
856.2	0.9879
856.4	0.98953
856.6	0.99297
856.8	0.99381
857.0	0.99011
857.2	0.98332
857.4	0.97859
857.6	0.97992
857.8	0.98202
858.0	0.98139
858.2	0.98314
858.4	0.9883
858.6	0.98843
858.8	0.98325
859.0	0.9838
859.2	0.98452
859.4	0.98148
859.6	0.98163
859.8	0.98327
860.0	0.98615
860.2	0.98615
860.4	0.98164
860.6	0.98061
860.8	0.98245
861.0	0.98625
861.2	0.98999
861.4	0.986
861.6	0.98093
861.8	0.98005
862.0	0.98314
862.2	0.98877
862.4	0.9892
862.6	0.99166
862.8	0.98852
863.0	0.99261
863.2	0.99955
863.4	0.99521
863.6	0.99572
863.8	0.99327
864.0	0.98984
864.2	0.98572
864.4	0.98491
864.6	0.98883
864.8	0.98786
865.0	0.98488
865.2	0.98276
865.4	0.98349
865.6	0.98332
865.8	0.98489
866.0	0.98679
866.2	0.98381
866.4	0.9826
866.6	0.97849
866.8	0.97398
867.0	0.96499
867.2	0.96569
867.4	0.9704
867.6	0.96932
867.8	0.96929
868.0	0.96306
868.2	0.95449
868.4	0.95378
868.6	0.953
868.8	0.94767
869.0	0.94491
869.2	0.94347
869.4	0.94489
869.6	0.9469
869.8	0.95115
870.0	0.94959
870.2	0.95049
870.4	0.95006
870.6	0.94849
870.8	0.94394
871.0	0.92977
871.2	0.91367
871.4	0.8952
871.6	0.86881
871.8	0.82068
872.0	0.75978
872.2	0.68336
872.4	0.60104
872.6	0.52106
872.8	0.44083
873.0	0.36542
873.2	0.30094
873.4	0.24544
873.6	0.19779
873.8	0.15855
874.0	0.11264
874.2	0.09033
874.4	0.07214
874.6	0.058
874.8	0.04672
875.0	0.03771
875.2	0.03041
875.4	0.02451
875.6	0.0201
875.8	0.01646
876.0	0.01362
876.2	0.01128
876.4	0.00938
876.6	0.00777
876.8	0.00646
877.0	0.0054
877.2	0.00457
877.4	0.00382
877.6	0.00323
877.8	0.00269
878.0	0.00225
878.2	0.00192
878.4	0.00165
878.6	0.00141
878.8	0.0012
879.0	0.00104
879.2	8.7124e-04
879.4	7.5572e-04
879.6	6.5243e-04
879.8	5.6745e-04
880.0	4.991e-04
880.2	4.3291e-04
880.4	3.7648e-04
880.6	3.2576e-04
880.8	2.8956e-04
881.0	2.5308e-04
881.2	2.2313e-04
881.4	1.9601e-04
881.6	1.7279e-04
881.8	1.5194e-04
882.0	1.3348e-04
882.2	1.2106e-04
882.4	1.0563e-04
882.6	9.4067e-05
882.8	8.337e-05
883.0	7.4011e-05
883.2	6.6102e-05
883.4	5.9581e-05
883.6	5.2519e-05
883.8	4.7999e-05
884.0	4.3292e-05
884.2	3.8874e-05
884.4	3.4975e-05
884.6	3.0319e-05
884.8	2.7218e-05
885.0	2.5977e-05
885.2	2.2128e-05
885.4	2.0656e-05
885.6	1.8226e-05
885.8	1.6379e-05
886.0	1.4838e-05
886.2	1.3769e-05
886.4	1.239e-05
886.6	1.1203e-05
886.8	1.0884e-05
887.0	9.6219e-06
887.2	9.3278e-06
887.4	8.1596e-06
887.6	6.7332e-06
887.8	6.7499e-06
888.0	6.5555e-06
888.2	5.5771e-06
888.4	5.464e-06
888.6	4.8171e-06
888.8	4.7559e-06
889.0	4.3411e-06
889.2	3.6524e-06
889.4	3.7276e-06
889.6	3.5141e-06
889.8	3.1437e-06
890.0	2.6793e-06
890.2	2.6137e-06
890.4	2.5405e-06
890.6	2.1817e-06
890.8	2.1293e-06
891.0	2.0051e-06
891.2	1.6262e-06
891.4	1.6711e-06
891.6	1.5914e-06
891.8	1.3541e-06
892.0	1.6481e-06
892.2	1.1559e-06
892.4	1.1931e-06
892.6	1.13e-06
892.8	1.2392e-06
893.0	1.1093e-06
893.2	1.161e-06
893.4	8.4974e-07
893.6	6.833e-07
893.8	7.7312e-07
894.0	5.813e-07
894.2	7.5076e-07
894.4	6.2185e-07
894.6	3.4386e-07
894.8	5.0992e-07
895.0	5.5255e-07
895.2	5.8516e-07
895.4	6.1969e-07
895.6	6.5626e-07
895.8	6.95e-07
896.0	7.3601e-07
896.2	7.7945e-07
896.4	8.2546e-07
896.6	8.3131e-07
896.8	8.118e-07
897.0	7.9275e-07
897.2	7.7415e-07
897.4	7.5598e-07
897.6	7.3824e-07
897.8	7.2092e-07
898.0	7.04e-07
898.2	6.8748e-07
898.4	6.7135e-07
898.6	6.5559e-07
898.8	6.4021e-07
899.0	6.2519e-07
899.2	6.1051e-07
899.4	5.9619e-07
899.6	5.822e-07
899.8	5.6853e-07
900.0	5.5768e-07
900.2	5.5003e-07
900.4	5.4249e-07
900.6	5.3505e-07
900.8	5.2772e-07
901.0	5.2048e-07
901.2	5.1334e-07
901.4	5.063e-07
901.6	4.9936e-07
901.8	4.9251e-07
902.0	4.8576e-07
902.2	4.791e-07
902.4	4.7253e-07
902.6	4.6605e-07
902.8	4.5966e-07
903.0	4.5335e-07
903.2	4.4714e-07
903.4	4.4101e-07
903.6	4.3496e-07
903.8	4.2899e-07
904.0	4.2311e-07
904.2	4.1731e-07
904.4	4.1159e-07
904.6	4.0594e-07
904.8	4.0038e-07
905.0	3.9822e-07
905.2	3.9625e-07
905.4	3.9429e-07
905.6	3.9234e-07
905.8	3.904e-07
906.0	3.8847e-07
906.2	3.8655e-07
906.4	3.8464e-07
906.6	3.8274e-07
906.8	3.8085e-07
907.0	3.7897e-07
907.2	3.7709e-07
907.4	3.7523e-07
907.6	3.7337e-07
907.8	3.7153e-07
908.0	3.6969e-07
908.2	3.6786e-07
908.4	3.6605e-07
908.6	3.6424e-07
908.8	3.6244e-07
909.0	3.6064e-07
909.2	3.5886e-07
909.4	3.5709e-07
909.6	3.5532e-07
909.8	3.5142e-07
910.0	3.4504e-07
910.2	3.3878e-07
910.4	3.3263e-07
910.6	3.2659e-07
910.8	3.2066e-07
911.0	3.1484e-07
911.2	3.0912e-07
911.4	3.0351e-07
911.6	2.98e-07
911.8	2.9259e-07
912.0	2.8728e-07
912.2	2.8207e-07
912.4	2.7694e-07
912.6	2.7192e-07
912.8	2.6698e-07
913.0	2.6213e-07
913.2	2.5737e-07
913.4	2.527e-07
913.6	2.4811e-07
913.8	2.4361e-07
914.0	2.3919e-07
914.2	2.3485e-07
914.4	2.3058e-07
914.6	2.264e-07
914.8	2.2151e-07
915.0	2.167e-07
915.2	2.1199e-07
915.4	2.0739e-07
915.6	2.0288e-07
915.8	1.9848e-07
916.0	1.9416e-07
916.2	1.8995e-07
916.4	1.8582e-07
916.6	1.8178e-07
916.8	1.7783e-07
917.0	1.7397e-07
917.2	1.7019e-07
917.4	1.665e-07
917.6	1.6288e-07
917.8	1.5934e-07
918.0	1.5588e-07
918.2	1.5249e-07
918.4	1.4918e-07
918.6	1.4594e-07
918.8	1.4277e-07
919.0	1.3967e-07
919.2	1.3664e-07
919.4	1.3367e-07
919.6	1.3221e-07
919.8	1.3242e-07
920.0	1.3263e-07
920.2	1.3285e-07
920.4	1.3306e-07
920.6	1.3327e-07
920.8	1.3349e-07
921.0	1.337e-07
921.2	1.3392e-07
921.4	1.3414e-07
921.6	1.3435e-07
921.8	1.3457e-07
922.0	1.3479e-07
922.2	1.35e-07
922.4	1.3522e-07
922.6	1.3544e-07
922.8	1.3566e-07
923.0	1.3587e-07
923.2	1.3609e-07
923.4	1.3631e-07
923.6	1.3653e-07
923.8	1.3675e-07
924.0	1.3697e-07
924.2	1.3719e-07
924.4	1.3742e-07
924.6	1.3936e-07
924.8	1.414e-07
925.0	1.4347e-07
925.2	1.4557e-07
925.4	1.477e-07
925.6	1.4987e-07
925.8	1.5206e-07
926.0	1.5429e-07
926.2	1.5655e-07
926.4	1.5885e-07
926.6	1.6117e-07
926.8	1.6353e-07
927.0	1.6593e-07
927.2	1.6836e-07
927.4	1.7083e-07
927.6	1.7333e-07
927.8	1.7587e-07
928.0	1.7845e-07
928.2	1.8106e-07
928.4	1.8371e-07
928.6	1.8641e-07
928.8	1.8914e-07
929.0	1.9191e-07
929.2	1.9472e-07
929.4	1.9694e-07
929.6	1.9843e-07
929.8	1.9992e-07
930.0	2.0143e-07
930.2	2.0295e-07
930.4	2.0448e-07
930.6	2.0602e-07
930.8	2.0757e-07
931.0	2.0914e-07
931.2	2.1071e-07
931.4	2.123e-07
931.6	2.139e-07
931.8	2.1552e-07
932.0	2.1714e-07
932.2	2.1878e-07
932.4	2.2043e-07
932.6	2.2209e-07
932.8	2.2377e-07
933.0	2.2545e-07
933.2	2.2715e-07
933.4	2.2886e-07
933.6	2.3059e-07
933.8	2.3233e-07
934.0	2.3408e-07
934.2	2.3585e-07
934.4	2.4386e-07
934.6	2.5242e-07
934.8	2.6128e-07
935.0	2.7045e-07
935.2	2.7994e-07
935.4	2.8977e-07
935.6	2.9994e-07
935.8	3.1046e-07
936.0	3.2136e-07
936.2	3.3264e-07
936.4	3.4432e-07
936.6	3.564e-07
936.8	3.6891e-07
937.0	3.8186e-07
937.2	3.9526e-07
937.4	4.0913e-07
937.6	4.2349e-07
937.8	4.3836e-07
938.0	4.5374e-07
938.2	4.6967e-07
938.4	4.8615e-07
938.6	5.0322e-07
938.8	5.2088e-07
939.0	5.3916e-07
939.2	5.5808e-07
939.4	5.7767e-07
939.6	5.9795e-07
939.8	6.1893e-07
940.0	6.4066e-07
940.2	6.6314e-07
940.4	6.861e-07
940.6	6.8857e-07
940.8	6.9104e-07
941.0	6.9353e-07
941.2	6.9603e-07
941.4	6.9853e-07
941.6	7.0104e-07
941.8	7.0356e-07
942.0	7.0609e-07
942.2	7.0863e-07
942.4	7.1118e-07
942.6	7.1374e-07
942.8	7.1631e-07
943.0	7.1889e-07
943.2	7.2147e-07
943.4	7.2407e-07
943.6	7.2667e-07
943.8	7.2929e-07
944.0	7.179e-07
944.2	7.0517e-07
944.4	6.9267e-07
944.6	6.8039e-07
944.8	6.6832e-07
945.0	6.5647e-07
945.2	6.4484e-07
945.4	6.334e-07
945.6	6.2217e-07
945.8	6.1114e-07
946.0	6.0031e-07
946.2	5.8966e-07
946.4	5.7921e-07
946.6	5.6894e-07
946.8	5.5885e-07
947.0	5.4895e-07
947.2	5.3921e-07
947.4	5.2965e-07
947.6	5.2026e-07
947.8	5.1104e-07
948.0	5.0198e-07
948.2	4.9308e-07
948.4	4.8434e-07
948.6	4.2037e-07
948.8	2.8538e-07
949.0	1.9374e-07
949.2	1.3153e-07
949.4	8.929e-08
949.6	6.0617e-08
949.8	4.1152e-08
950.0	2.7937e-08
950.2	1.8966e-08
950.4	1.2876e-08
950.6	1.1956e-08
950.8	1.1838e-08
951.0	1.1721e-08
951.2	1.1605e-08
951.4	1.149e-08
951.6	1.1377e-08
951.8	1.1269e-08
952.0	1.1173e-08
952.2	1.1077e-08
952.4	1.0983e-08
952.6	1.0889e-08
952.8	1.0796e-08
953.0	1.0703e-08
953.2	1.0616e-08
953.4	1.0531e-08
953.6	1.0446e-08
953.8	1.0362e-08
954.0	1.0279e-08
954.2	1.0196e-08
954.4	1.1288e-08
954.6	1.6051e-08
954.8	2.2823e-08
955.0	3.2452e-08
955.2	4.6143e-08
955.4	6.561e-08
955.6	9.3291e-08
955.8	1.0027e-07
956.0	1.0027e-07
956.2	1.0027e-07
956.4	1.0027e-07
956.6	1.0027e-07
956.8	1.0027e-07
957.0	1.0027e-07
957.2	1.0027e-07
957.4	1.0027e-07
957.6	1.0027e-07
957.8	1.0027e-07
958.0	1.0027e-07
958.2	1.0027e-07
958.4	1.0027e-07
958.6	1.0027e-07
958.8	1.0027e-07
959.0	1.0027e-07
959.2	1.0027e-07
959.4	1.0027e-07
959.6	1.0027e-07
959.8	1.0027e-07
960.0	1.0027e-07
960.2	1.0027e-07
960.4	1.0027e-07
960.6	1.0027e-07
960.8	1.0027e-07
961.0	1.0027e-07
961.2	1.0027e-07
961.4	1.0027e-07
961.6	1.0027e-07
961.8	1.0027e-07
962.0	1.0027e-07
962.2	1.0027e-07
962.4	1.0027e-07
962.6	1.0027e-07
962.8	1.0027e-07
963.0	1.0027e-07
963.2	1.0027e-07
963.4	1.0027e-07
963.6	1.0027e-07
963.8	1.0027e-07
964.0	1.0027e-07
964.2	1.0027e-07
964.4	1.0027e-07
964.6	1.0027e-07
964.8	1.0027e-07
965.0	1.0027e-07
965.2	1.0027e-07
965.4	1.0027e-07
965.6	1.0027e-07
965.8	1.0027e-07
966.0	1.0027e-07
966.2	1.0027e-07
966.4	1.0027e-07
966.6	1.0027e-07
966.8	1.0027e-07
967.0	1.0027e-07
967.2	1.0027e-07
967.4	1.0027e-07
967.6	1.0027e-07
967.8	1.0027e-07
968.0	1.0027e-07
968.2	1.0027e-07
968.4	1.0027e-07
968.6	1.0027e-07
968.8	1.0027e-07
969.0	1.0027e-07
969.2	1.0027e-07
969.4	1.0027e-07
969.6	1.0027e-07
969.8	1.0027e-07
970.0	1.0027e-07
970.2	1.0027e-07
970.4	1.0027e-07
970.6	1.0027e-07
970.8	1.0027e-07
971.0	1.0027e-07
971.2	1.0027e-07
971.4	1.0027e-07
971.6	1.0027e-07
971.8	1.0027e-07
972.0	1.0027e-07
972.2	1.0027e-07
972.4	1.0027e-07
972.6	1.0027e-07
972.8	1.0027e-07
973.0	1.0027e-07
973.2	1.0027e-07
973.4	1.0027e-07
973.6	1.0027e-07
973.8	1.0027e-07
974.0	1.0027e-07
974.2	1.0027e-07
974.4	1.0027e-07
974.6	1.0027e-07
974.8	1.0027e-07
975.0	1.0027e-07
975.2	1.0027e-07
975.4	1.0027e-07
975.6	1.0027e-07
975.8	1.0027e-07
976.0	1.0027e-07
976.2	1.0027e-07
976.4	1.0027e-07
976.6	1.0027e-07
976.8	1.0027e-07
977.0	1.0027e-07
977.2	1.0027e-07
977.4	1.0027e-07
977.6	1.0027e-07
977.8	1.0027e-07
978.0	1.0027e-07
978.2	1.0027e-07
978.4	1.0027e-07
978.6	1.0027e-07
978.8	1.0027e-07
979.0	1.0027e-07
979.2	1.0027e-07
979.4	1.0027e-07
979.6	1.0027e-07
979.8	1.0027e-07
980.0	1.0027e-07
980.2	1.0027e-07
980.4	1.0027e-07
980.6	1.0027e-07
980.8	1.0027e-07
981.0	1.0027e-07
981.2	1.0027e-07
981.4	1.0027e-07
981.6	1.0027e-07
981.8	1.0027e-07
982.0	1.0027e-07
982.2	1.0027e-07
982.4	1.0027e-07
982.6	1.0027e-07
982.8	1.0027e-07
983.0	1.0027e-07
983.2	1.0027e-07
983.4	1.0027e-07
983.6	1.0027e-07
983.8	1.0027e-07
984.0	1.0027e-07
984.2	1.0027e-07
984.4	1.0027e-07
984.6	1.0027e-07
984.8	1.0027e-07
985.0	1.0027e-07
985.2	1.0027e-07
985.4	1.0027e-07
985.6	1.0027e-07
985.8	1.0027e-07
986.0	1.0027e-07
986.2	1.0027e-07
986.4	1.0027e-07
986.6	1.0027e-07
986.8	1.0027e-07
987.0	1.0027e-07
987.2	1.0027e-07
987.4	1.0027e-07
987.6	1.0027e-07
987.8	1.0027e-07
988.0	1.0027e-07
988.2	1.0027e-07
988.4	1.0027e-07
988.6	1.0027e-07
988.8	1.0027e-07
989.0	1.0027e-07
989.2	1.0027e-07
989.4	1.0027e-07
989.6	1.0027e-07
989.8	1.0027e-07
990.0	1.0027e-07
990.2	1.0027e-07
990.4	1.0027e-07
990.6	1.0027e-07
990.8	1.0027e-07
991.0	1.0027e-07
991.2	1.0027e-07
991.4	1.0027e-07
991.6	1.0027e-07
991.8	1.0027e-07
992.0	1.0027e-07
992.2	1.0027e-07
992.4	1.0027e-07
992.6	1.0027e-07
992.8	1.0027e-07
993.0	1.0027e-07
993.2	1.0027e-07
993.4	1.0027e-07
993.6	1.0027e-07
993.8	1.0027e-07
994.0	1.0027e-07
994.2	1.0027e-07
994.4	1.0027e-07
994.6	1.0027e-07
994.8	1.0027e-07
995.0	1.0027e-07
995.2	1.0027e-07
995.4	1.0027e-07
995.6	1.0027e-07
995.8	1.0027e-07
996.0	1.0027e-07
996.2	1.0027e-07
996.4	1.0027e-07
996.6	1.0027e-07
996.8	1.0027e-07
997.0	1.0027e-07
997.2	1.0027e-07
997.4	1.0027e-07
997.6	1.0027e-07
997.8	1.0027e-07
998.0	1.0027e-07
998.2	1.0027e-07
998.4	1.0027e-07
998.6	1.0027e-07
998.8	1.0027e-07
999.0	1.0027e-07
999.2	1.0027e-07
999.4	1.0027e-07
999.6	1.0027e-07
999.8	1.0027e-07
1000.0	1.0027e-07
1000.2	1.1145e-07
1000.4	1.2387e-07
1000.6	1.3768e-07
1000.8	1.5303e-07
1001.0	1.7009e-07
1001.2	1.8114e-07
1001.4	1.8727e-07
1001.6	1.9361e-07
1001.8	2.0016e-07
1002.0	2.0693e-07
1002.2	2.1393e-07
1002.4	2.2117e-07
1002.6	2.2865e-07
1002.8	2.3639e-07
1003.0	2.4439e-07
1003.2	2.5266e-07
1003.4	2.6121e-07
1003.6	2.7004e-07
1003.8	2.7918e-07
1004.0	2.8863e-07
1004.2	2.9839e-07
1004.4	3.0849e-07
1004.6	3.1893e-07
1004.8	3.2388e-07
1005.0	3.2634e-07
1005.2	3.2881e-07
1005.4	3.3131e-07
1005.6	3.3382e-07
1005.8	3.3635e-07
1006.0	3.3891e-07
1006.2	3.4148e-07
1006.4	3.4407e-07
1006.6	3.4668e-07
1006.8	3.4931e-07
1007.0	3.5196e-07
1007.2	3.5463e-07
1007.4	3.5732e-07
1007.6	3.6003e-07
1007.8	3.6276e-07
1008.0	3.6552e-07
1008.2	3.6829e-07
1008.4	3.5903e-07
1008.6	3.473e-07
1008.8	3.3595e-07
1009.0	3.2497e-07
1009.2	3.1436e-07
1009.4	3.0408e-07
1009.6	2.9415e-07
1009.8	2.8454e-07
1010.0	2.7524e-07
1010.2	2.6625e-07
1010.4	2.5755e-07
1010.6	2.4913e-07
1010.8	2.4099e-07
1011.0	2.3312e-07
1011.2	2.255e-07
1011.4	2.1814e-07
1011.6	2.1101e-07
1011.8	2.0411e-07
1012.0	1.9394e-07
1012.2	1.8403e-07
1012.4	1.7462e-07
1012.6	1.6569e-07
1012.8	1.5722e-07
1013.0	1.4918e-07
1013.2	1.4156e-07
1013.4	1.3432e-07
1013.6	1.2746e-07
1013.8	1.2094e-07
1014.0	1.1476e-07
1014.2	1.0889e-07
1014.4	1.0332e-07
1014.6	9.8042e-08
1014.8	9.303e-08
1015.0	8.8275e-08
1015.2	8.3762e-08
1015.4	7.9797e-08
1015.6	8.0499e-08
1015.8	8.1208e-08
1016.0	8.1922e-08
1016.2	8.2643e-08
1016.4	8.337e-08
1016.6	8.4104e-08
1016.8	8.4844e-08
1017.0	8.5591e-08
1017.2	8.6344e-08
1017.4	8.7104e-08
1017.6	8.787e-08
1017.8	8.8644e-08
1018.0	8.9424e-08
1018.2	9.0211e-08
1018.4	9.1005e-08
1018.6	9.1805e-08
1018.8	9.2613e-08
1019.0	9.4379e-08
1019.2	1.0003e-07
1019.4	1.0602e-07
1019.6	1.1237e-07
1019.8	1.191e-07
1020.0	1.2623e-07
1020.2	1.3379e-07
1020.4	1.418e-07
1020.6	1.503e-07
1020.8	1.593e-07
1021.0	1.6884e-07
1021.2	1.7895e-07
1021.4	1.8966e-07
1021.6	2.0102e-07
1021.8	2.1306e-07
1022.0	2.2582e-07
1022.2	2.3934e-07
1022.4	2.5368e-07
1022.6	2.6285e-07
1022.8	2.616e-07
1023.0	2.6036e-07
1023.2	2.5913e-07
1023.4	2.579e-07
1023.6	2.5667e-07
1023.8	2.5546e-07
1024.0	2.5425e-07
1024.2	2.5304e-07
1024.4	2.5184e-07
1024.6	2.5065e-07
1024.8	2.4946e-07
1025.0	2.4828e-07
1025.2	2.3617e-07
1025.4	2.2465e-07
1025.6	2.137e-07
1025.8	2.0328e-07
1026.0	1.9337e-07
1026.2	1.8478e-07
1026.4	1.79e-07
1026.6	1.7341e-07
1026.8	1.6799e-07
1027.0	1.6274e-07
1027.2	1.5766e-07
1027.4	1.5273e-07
1027.6	1.4796e-07
1027.8	1.4333e-07
1028.0	1.3886e-07
1028.2	1.3452e-07
1028.4	1.3031e-07
1028.6	1.2624e-07
1028.8	1.223e-07
1029.0	1.1847e-07
1029.2	1.1477e-07
1029.4	1.1119e-07
1029.6	1.0771e-07
1029.8	1.0553e-07
1030.0	1.0522e-07
1030.2	1.0491e-07
1030.4	1.046e-07
1030.6	1.043e-07
1030.8	1.0399e-07
1031.0	1.0369e-07
1031.2	1.0339e-07
1031.4	1.0309e-07
1031.6	1.0278e-07
1031.8	1.0248e-07
1032.0	1.0219e-07
1032.2	1.0189e-07
1032.4	1.0159e-07
1032.6	1.0129e-07
1032.8	1.01e-07
1033.0	1.007e-07
1033.2	1.0041e-07
1033.4	9.8275e-08
1033.6	9.4649e-08
1033.8	9.1157e-08
1034.0	8.7793e-08
1034.2	8.4554e-08
1034.4	8.1434e-08
1034.6	7.843e-08
1034.8	7.5536e-08
1035.0	7.2749e-08
1035.2	7.0064e-08
1035.4	6.7479e-08
1035.6	6.4989e-08
1035.8	6.2591e-08
1036.0	6.0282e-08
1036.2	5.8058e-08
1036.4	5.5916e-08
1036.6	5.3852e-08
1036.8	5.1865e-08
1037.0	5.2655e-08
1037.2	5.4708e-08
1037.4	5.6841e-08
1037.6	5.9057e-08
1037.8	6.1359e-08
1038.0	6.3751e-08
1038.2	6.6237e-08
1038.4	6.8819e-08
1038.6	7.1502e-08
1038.8	7.429e-08
1039.0	7.7186e-08
1039.2	8.0195e-08
1039.4	8.3321e-08
1039.6	8.657e-08
1039.8	8.9945e-08
1040.0	9.3451e-08
1040.2	9.7095e-08
1040.4	1.0088e-07
1040.6	1.0137e-07
1040.8	1.013e-07
1041.0	1.0124e-07
1041.2	1.0117e-07
1041.4	1.0111e-07
1041.6	1.0104e-07
1041.8	1.0098e-07
1042.0	1.0091e-07
1042.2	1.0085e-07
1042.4	1.0078e-07
1042.6	1.0072e-07
1042.8	1.0066e-07
1043.0	1.0059e-07
1043.2	1.0053e-07
1043.4	1.0046e-07
1043.6	1.004e-07
1043.8	1.0033e-07
1044.0	1.0027e-07
1044.2	1.0027e-07
1044.4	1.0027e-07
1044.6	1.0027e-07
1044.8	1.0027e-07
1045.0	1.0027e-07
1045.2	1.0027e-07
1045.4	1.0027e-07
1045.6	1.0027e-07
1045.8	1.0027e-07
1046.0	1.0027e-07
1046.2	1.0027e-07
1046.4	1.0027e-07
1046.6	1.0027e-07
1046.8	1.0027e-07
1047.0	1.0027e-07
1047.2	1.0027e-07
1047.4	1.0027e-07
1047.6	1.0027e-07
1047.8	1.0027e-07
1048.0	1.0027e-07
1048.2	1.0027e-07
1048.4	1.0027e-07
1048.6	1.0027e-07
1048.8	1.0027e-07
1049.0	1.0027e-07
1049.2	1.0027e-07
1049.4	1.0027e-07
1049.6	1.0027e-07
1049.8	1.0027e-07
1050.0	1.0027e-07
1050.2	1.0027e-07
1050.4	1.0027e-07
1050.6	1.0027e-07
1050.8	1.0027e-07
1051.0	1.0027e-07
1051.2	1.0027e-07
1051.4	1.0027e-07
1051.6	1.0027e-07
1051.8	1.0027e-07
1052.0	1.0027e-07
1052.2	1.0027e-07
1052.4	1.0027e-07
1052.6	1.0027e-07
1052.8	1.0027e-07
1053.0	1.0027e-07
1053.2	1.0027e-07
1053.4	1.0151e-07
1053.6	1.0535e-07
1053.8	1.0933e-07
1054.0	1.1346e-07
1054.2	1.1775e-07
1054.4	1.2221e-07
1054.6	1.2683e-07
1054.8	1.3162e-07
1055.0	1.366e-07
1055.2	1.4176e-07
1055.4	1.4712e-07
1055.6	1.5269e-07
1055.8	1.5846e-07
1056.0	1.6445e-07
1056.2	1.7067e-07
1056.4	1.7712e-07
1056.6	1.8382e-07
1056.8	1.9077e-07
1057.0	1.9282e-07
1057.2	1.901e-07
1057.4	1.8742e-07
1057.6	1.8478e-07
1057.8	1.8217e-07
1058.0	1.796e-07
1058.2	1.7707e-07
1058.4	1.7457e-07
1058.6	1.7211e-07
1058.8	1.6968e-07
1059.0	1.6729e-07
1059.2	1.6493e-07
1059.4	1.6261e-07
1059.6	1.6031e-07
1059.8	1.5805e-07
1060.0	1.5582e-07
1060.2	1.5363e-07
1060.4	1.5146e-07
1060.6	1.3592e-07
1060.8	1.1738e-07
1061.0	1.0136e-07
1061.2	8.7534e-08
1061.4	7.5592e-08
1061.6	6.5279e-08
1061.8	5.6373e-08
1062.0	4.8682e-08
1062.2	4.204e-08
1062.4	3.6305e-08
1062.6	3.1352e-08
1062.8	2.7074e-08
1063.0	2.3381e-08
1063.2	2.0191e-08
1063.4	1.7436e-08
1063.6	1.5057e-08
1063.8	1.3003e-08
1064.0	1.1229e-08
1064.2	1.1306e-08
1064.4	1.1557e-08
1064.6	1.1814e-08
1064.8	1.2077e-08
1065.0	1.2345e-08
1065.2	1.5591e-08
1065.4	1.9689e-08
1065.6	2.4865e-08
1065.8	3.1401e-08
1066.0	3.9656e-08
1066.2	5.0081e-08
1066.4	5.0135e-08
1066.6	4.6639e-08
1066.8	4.3387e-08
1067.0	4.0362e-08
1067.2	3.7548e-08
1067.4	3.493e-08
1067.6	3.2495e-08
1067.8	3.0229e-08
1068.0	2.8121e-08
1068.2	2.616e-08
1068.4	2.4336e-08
1068.6	2.2639e-08
1068.8	2.1061e-08
1069.0	1.9592e-08
1069.2	1.8226e-08
1069.4	1.6956e-08
1069.6	1.5773e-08
1069.8	1.4674e-08
1070.0	1.6492e-08
1070.2	1.8721e-08
1070.4	2.1252e-08
1070.6	2.4125e-08
1070.8	2.7386e-08
1071.0	3.1088e-08
1071.2	3.529e-08
1071.4	4.0061e-08
1071.6	4.5476e-08
1071.8	5.1623e-08
1072.0	5.8601e-08
1072.2	6.6523e-08
1072.4	7.5515e-08
1072.6	8.5723e-08
1072.8	9.731e-08
1073.0	1.1046e-07
1073.2	1.254e-07
1073.4	1.4035e-07
1073.6	1.4501e-07
1073.8	1.4982e-07
1074.0	1.5479e-07
1074.2	1.5993e-07
1074.4	1.6523e-07
1074.6	1.7072e-07
1074.8	1.7638e-07
1075.0	1.8223e-07
1075.2	1.8828e-07
1075.4	1.9453e-07
1075.6	2.0098e-07
1075.8	2.0765e-07
1076.0	2.1454e-07
1076.2	2.2166e-07
1076.4	2.2902e-07
1076.6	2.3661e-07
1076.8	2.4447e-07
1077.0	2.5249e-07
1077.2	2.6061e-07
1077.4	2.6898e-07
1077.6	2.7763e-07
1077.8	2.8656e-07
1078.0	2.9577e-07
1078.2	3.0528e-07
1078.4	3.151e-07
1078.6	3.2523e-07
1078.8	3.3568e-07
1079.0	3.4648e-07
1079.2	3.5762e-07
1079.4	3.6912e-07
1079.6	3.8098e-07
1079.8	3.9323e-07
1080.0	4.0588e-07
1080.2	4.1893e-07
1080.4	4.3239e-07
1080.6	4.5326e-07
1080.8	4.805e-07
1081.0	5.0938e-07
1081.2	5.3999e-07
1081.4	5.7243e-07
1081.6	6.0683e-07
1081.8	6.433e-07
1082.0	6.8195e-07
1082.2	7.2293e-07
1082.4	7.6638e-07
1082.6	8.1243e-07
1082.8	8.6125e-07
1083.0	9.13e-07
1083.2	9.6787e-07
1083.4	1.026e-06
1083.6	1.0877e-06
1083.8	1.153e-06
1084.0	1.2223e-06
1084.2	1.2498e-06
1084.4	1.2672e-06
1084.6	1.2848e-06
1084.8	1.3026e-06
1085.0	1.3207e-06
1085.2	1.339e-06
1085.4	1.3576e-06
1085.6	1.3764e-06
1085.8	1.3955e-06
1086.0	1.4148e-06
1086.2	1.4345e-06
1086.4	1.4544e-06
1086.6	1.4746e-06
1086.8	1.495e-06
1087.0	1.5158e-06
1087.2	1.5368e-06
1087.4	1.5581e-06
1087.6	1.5742e-06
1087.8	1.4773e-06
1088.0	1.3862e-06
1088.2	1.3008e-06
1088.4	1.2207e-06
1088.6	1.1455e-06
1088.8	1.0749e-06
1089.0	1.0087e-06
1089.2	9.4653e-07
1089.4	8.8821e-07
1089.6	8.3349e-07
1089.8	7.8214e-07
1090.0	7.3395e-07
1090.2	5.7158e-07
1090.4	4.4513e-07
1090.6	3.4666e-07
1090.8	2.6997e-07
1091.0	2.1024e-07
1091.2	1.6373e-07
1091.4	1.4238e-07
1091.6	1.4462e-07
1091.8	1.4691e-07
1092.0	1.4923e-07
1092.2	1.5158e-07
1092.4	1.5398e-07
1092.6	1.5641e-07
1092.8	1.5888e-07
1093.0	1.6139e-07
1093.2	1.6394e-07
1093.4	1.6652e-07
1093.6	1.6915e-07
1093.8	1.7183e-07
1094.0	1.7454e-07
1094.2	1.7729e-07
1094.4	1.8009e-07
1094.6	1.8294e-07
1094.8	1.8583e-07
1095.0	1.9735e-07
1095.2	2.1489e-07
1095.4	2.34e-07
1095.6	2.548e-07
1095.8	2.7746e-07
1096.0	3.0212e-07
1096.2	3.2898e-07
1096.4	3.5823e-07
1096.6	3.9008e-07
1096.8	4.2476e-07
1097.0	4.6253e-07
1097.2	5.0365e-07
1097.4	5.4843e-07
1097.6	5.9718e-07
1097.8	6.5028e-07
1098.0	7.0809e-07
1098.2	7.7104e-07
1098.4	8.396e-07
1098.6	8.7588e-07
1098.8	9.0815e-07
1099.0	9.4161e-07
1099.2	9.763e-07
1099.4	1.0123e-06
1099.6	1.0496e-06
1099.8	1.0882e-06
1100.0	1.1283e-06
1100.2	1.1699e-06
1100.4	1.213e-06
1100.6	1.2577e-06
1100.8	1.304e-06
1101.0	1.3521e-06
1101.2	1.4019e-06
1101.4	1.4536e-06
1101.6	1.5071e-06
1101.8	1.5626e-06
1102.0	1.6005e-06
1102.2	1.4923e-06
1102.4	1.3913e-06
1102.6	1.2972e-06
1102.8	1.2094e-06
1103.0	1.1276e-06
1103.2	1.0513e-06
1103.4	9.8021e-07
1103.6	9.1389e-07
1103.8	8.5207e-07
1104.0	7.9443e-07
1104.2	7.4068e-07
1104.4	6.9057e-07
1104.6	6.4386e-07
1104.8	6.003e-07
1105.0	5.5969e-07
1105.2	5.2182e-07
1105.4	4.8652e-07
1105.6	4.4411e-07
1105.8	3.9105e-07
1106.0	3.4433e-07
1106.2	3.0319e-07
1106.4	2.6697e-07
1106.6	2.3508e-07
1106.8	2.0699e-07
1107.0	1.8226e-07
1107.2	1.6049e-07
1107.4	1.4131e-07
1107.6	1.2443e-07
1107.8	1.0956e-07
1108.0	9.6474e-08
1108.2	8.4948e-08
1108.4	7.4799e-08
1108.6	6.5863e-08
1108.8	5.7994e-08
1109.0	5.1065e-08
1109.2	5.0186e-08
1109.4	5.261e-08
1109.6	5.5151e-08
1109.8	5.7814e-08
1110.0	6.0606e-08
1110.2	6.3533e-08
1110.4	6.6601e-08
1110.6	6.9818e-08
1110.8	7.319e-08
1111.0	7.6724e-08
1111.2	8.043e-08
1111.4	8.4314e-08
1111.6	8.8386e-08
1111.8	9.2654e-08
1112.0	9.7129e-08
1112.2	1.0182e-07
1112.4	1.0674e-07
1112.6	1.1189e-07
1112.8	1.2666e-07
1113.0	1.4461e-07
1113.2	1.651e-07
1113.4	1.885e-07
1113.6	2.1521e-07
1113.8	2.457e-07
1114.0	2.8052e-07
1114.2	3.2027e-07
1114.4	3.6566e-07
1114.6	4.1747e-07
1114.8	4.7663e-07
1115.0	5.4417e-07
1115.2	6.2128e-07
1115.4	7.0932e-07
1115.6	8.0983e-07
1115.8	9.2459e-07
1116.0	1.0556e-06
1116.2	1.1757e-06
1116.4	1.1742e-06
1116.6	1.1727e-06
1116.8	1.1712e-06
1117.0	1.1697e-06
1117.2	1.1683e-06
1117.4	1.1668e-06
1117.6	1.1653e-06
1117.8	1.1638e-06
1118.0	1.1623e-06
1118.2	1.1608e-06
1118.4	1.1594e-06
1118.6	1.1579e-06
1118.8	1.1564e-06
1119.0	1.1549e-06
1119.2	1.1535e-06
1119.4	1.152e-06
1119.6	1.1505e-06
1119.8	3.3213e-06
1120.0	3.0988e-05
1120.2	3.0031e-05
1120.4	2.9105e-05
1120.6	2.8206e-05
1120.8	2.7336e-05
1121.0	2.6492e-05
1121.2	2.5675e-05
1121.4	2.4882e-05
1121.6	2.4114e-05
1121.8	2.337e-05
1122.0	2.2649e-05
1122.2	2.195e-05
1122.4	2.1273e-05
1122.6	2.0616e-05
1122.8	1.998e-05
1123.0	1.9363e-05
1123.2	1.8766e-05
1123.4	1.8186e-05
1123.6	1.7625e-05
1123.8	1.7081e-05
1124.0	1.6554e-05
1124.2	1.6043e-05
1124.4	1.5548e-05
1124.6	1.5068e-05
1124.8	1.4603e-05
1125.0	1.4153e-05
1125.2	1.4463e-05
1125.4	1.478e-05
1125.6	1.5104e-05
1125.8	1.5435e-05
1126.0	1.5773e-05
1126.2	1.6119e-05
1126.4	1.6472e-05
1126.6	1.6833e-05
1126.8	1.7202e-05
1127.0	1.7579e-05
1127.2	1.7964e-05
1127.4	1.8358e-05
1127.6	1.876e-05
1127.8	1.9171e-05
1128.0	1.9591e-05
1128.2	2.0021e-05
1128.4	2.046e-05
1128.6	2.0908e-05
1128.8	2.1366e-05
1129.0	2.1835e-05
1129.2	2.2313e-05
1129.4	2.2802e-05
1129.6	2.3302e-05
1129.8	2.3813e-05
1130.0	2.4335e-05
1130.2	2.4747e-05
1130.4	2.5166e-05
1130.6	2.5592e-05
1130.8	2.6026e-05
1131.0	2.6467e-05
1131.2	2.6915e-05
1131.4	2.7371e-05
1131.6	2.7834e-05
1131.8	2.8306e-05
1132.0	2.8785e-05
1132.2	2.9273e-05
1132.4	2.9769e-05
1132.6	3.0273e-05
1132.8	3.0786e-05
1133.0	3.1307e-05
1133.2	3.1837e-05
1133.4	3.2377e-05
1133.6	3.2925e-05
1133.8	3.3483e-05
1134.0	3.405e-05
1134.2	3.4627e-05
1134.4	3.5213e-05
1134.6	3.581e-05
1134.8	3.6416e-05
1135.0	3.7033e-05
1135.2	3.4586e-05
1135.4	3.2301e-05
1135.6	3.0167e-05
1135.8	2.8173e-05
1136.0	2.6312e-05
1136.2	2.4573e-05
1136.4	2.295e-05
1136.6	2.1433e-05
1136.8	2.0017e-05
1137.0	1.8695e-05
1137.2	1.7459e-05
1137.4	1.6306e-05
1137.6	1.5228e-05
1137.8	1.4222e-05
1138.0	1.3282e-05
1138.2	1.2405e-05
1138.4	1.1585e-05
1138.6	1.082e-05
1138.8	1.0105e-05
1139.0	9.4371e-06
1139.2	8.8136e-06
1139.4	8.2312e-06
1139.6	7.6873e-06
1139.8	7.1794e-06
1140.0	6.705e-06
1140.2	7.237e-06
1140.4	7.8112e-06
1140.6	8.4309e-06
1140.8	9.0998e-06
1141.0	9.8218e-06
1141.2	1.0601e-05
1141.4	1.1442e-05
1141.6	1.235e-05
1141.8	1.333e-05
1142.0	1.4387e-05
1142.2	1.5529e-05
1142.4	1.6761e-05
1142.6	1.8091e-05
1142.8	1.9526e-05
1143.0	2.1075e-05
1143.2	2.2747e-05
1143.4	2.4552e-05
1143.6	2.65e-05
1143.8	2.8602e-05
1144.0	3.0872e-05
1144.2	3.3321e-05
1144.4	3.5965e-05
1144.6	3.8818e-05
1144.8	4.1898e-05
1145.0	4.5222e-05
1145.2	4.4588e-05
1145.4	4.3963e-05
1145.6	4.3347e-05
1145.8	4.2739e-05
1146.0	4.214e-05
1146.2	4.1549e-05
1146.4	4.0967e-05
1146.6	4.0392e-05
1146.8	3.9826e-05
1147.0	3.9268e-05
1147.2	3.8717e-05
1147.4	3.8175e-05
1147.6	3.7639e-05
1147.8	3.7112e-05
1148.0	3.6591e-05
1148.2	3.6079e-05
1148.4	3.5573e-05
1148.6	3.5074e-05
1148.8	3.4582e-05
1149.0	3.4098e-05
1149.2	3.362e-05
1149.4	3.3148e-05
1149.6	3.2684e-05
1149.8	3.2225e-05
1150.0	3.1774e-05
1150.2	3.1851e-05
1150.4	3.1929e-05
1150.6	3.2006e-05
1150.8	3.2084e-05
1151.0	3.2162e-05
1151.2	3.224e-05
1151.4	3.2319e-05
1151.6	3.2397e-05
1151.8	3.2476e-05
1152.0	3.2555e-05
1152.2	3.2635e-05
1152.4	3.2714e-05
1152.6	3.2793e-05
1152.8	3.2873e-05
1153.0	3.2953e-05
1153.2	3.3033e-05
1153.4	3.3114e-05
1153.6	3.3194e-05
1153.8	3.3275e-05
1154.0	3.3356e-05
1154.2	3.3437e-05
1154.4	3.3519e-05
1154.6	3.36e-05
1154.8	3.3682e-05
1155.0	3.3764e-05
1155.2	3.4116e-05
1155.4	3.4473e-05
1155.6	3.4833e-05
1155.8	3.5196e-05
1156.0	3.5564e-05
1156.2	3.5935e-05
1156.4	3.631e-05
1156.6	3.6689e-05
1156.8	3.7073e-05
1157.0	3.746e-05
1157.2	3.7851e-05
1157.4	3.8246e-05
1157.6	3.8645e-05
1157.8	3.9049e-05
1158.0	3.9457e-05
1158.2	3.9869e-05
1158.4	4.0285e-05
1158.6	4.0705e-05
1158.8	4.113e-05
1159.0	4.156e-05
1159.2	4.1994e-05
1159.4	4.2432e-05
1159.6	4.2875e-05
1159.8	4.3323e-05
1160.0	4.3775e-05
1160.2	4.2985e-05
1160.4	4.2209e-05
1160.6	4.1447e-05
1160.8	4.0698e-05
1161.0	3.9963e-05
1161.2	3.9242e-05
1161.4	3.8533e-05
1161.6	3.7837e-05
1161.8	3.7154e-05
1162.0	3.6483e-05
1162.2	3.5824e-05
1162.4	3.5178e-05
1162.6	3.4542e-05
1162.8	3.3919e-05
1163.0	3.3306e-05
1163.2	3.2705e-05
1163.4	3.2114e-05
1163.6	3.1534e-05
1163.8	3.0965e-05
1164.0	3.0406e-05
1164.2	2.9857e-05
1164.4	2.9318e-05
1164.6	2.8788e-05
1164.8	2.8268e-05
1165.0	2.7758e-05
1165.2	2.6167e-05
1165.4	2.4667e-05
1165.6	2.3254e-05
1165.8	2.1921e-05
1166.0	2.0665e-05
1166.2	1.948e-05
1166.4	1.8364e-05
1166.6	1.7311e-05
1166.8	1.6319e-05
1167.0	1.5384e-05
1167.2	1.4502e-05
1167.4	1.3671e-05
1167.6	1.2887e-05
1167.8	1.2149e-05
1168.0	1.1453e-05
1168.2	1.0796e-05
1168.4	1.0177e-05
1168.6	9.5942e-06
1168.8	9.0443e-06
1169.0	8.526e-06
1169.2	8.0373e-06
1169.4	7.5767e-06
1169.6	7.1424e-06
1169.8	6.7331e-06
1170.0	6.3472e-06
1170.2	6.8365e-06
1170.4	7.3636e-06
1170.6	7.9313e-06
1170.8	8.5428e-06
1171.0	9.2015e-06
1171.2	9.9109e-06
1171.4	1.0675e-05
1171.6	1.1498e-05
1171.8	1.2384e-05
1172.0	1.3339e-05
1172.2	1.4368e-05
1172.4	1.5475e-05
1172.6	1.6668e-05
1172.8	1.7954e-05
1173.0	1.9338e-05
1173.2	2.0829e-05
1173.4	2.2434e-05
1173.6	2.4164e-05
1173.8	2.6027e-05
1174.0	2.8034e-05
1174.2	3.0195e-05
1174.4	3.2523e-05
1174.6	3.503e-05
1174.8	3.7731e-05
1175.0	4.064e-05
1175.2	3.8752e-05
1175.4	3.6951e-05
1175.6	3.5235e-05
1175.8	3.3598e-05
1176.0	3.2037e-05
1176.2	3.0548e-05
1176.4	2.9129e-05
1176.6	2.7776e-05
1176.8	2.6485e-05
1177.0	2.5255e-05
1177.2	2.4081e-05
1177.4	2.2962e-05
1177.6	2.1896e-05
1177.8	2.0878e-05
1178.0	1.9908e-05
1178.2	1.8983e-05
1178.4	1.8101e-05
1178.6	1.726e-05
1178.8	1.6458e-05
1179.0	1.5694e-05
1179.2	1.4965e-05
1179.4	1.4269e-05
1179.6	1.3606e-05
1179.8	1.2974e-05
1180.0	1.2371e-05
1180.2	1.2667e-05
1180.4	1.2969e-05
1180.6	1.3279e-05
1180.8	1.3596e-05
1181.0	1.392e-05
1181.2	1.4253e-05
1181.4	1.4593e-05
1181.6	1.4941e-05
1181.8	1.5298e-05
1182.0	1.5663e-05
1182.2	1.6037e-05
1182.4	1.642e-05
1182.6	1.6812e-05
1182.8	1.7213e-05
1183.0	1.7624e-05
1183.2	1.8045e-05
1183.4	1.8476e-05
1183.6	1.8917e-05
1183.8	1.9369e-05
1184.0	1.9831e-05
1184.2	2.0304e-05
1184.4	2.0789e-05
1184.6	2.1285e-05
1184.8	2.1793e-05
1185.0	2.2314e-05
1185.2	2.2773e-05
1185.4	2.3243e-05
1185.6	2.3722e-05
1185.8	2.421e-05
1186.0	2.4709e-05
1186.2	2.5218e-05
1186.4	2.5738e-05
1186.6	2.6268e-05
1186.8	2.6809e-05
1187.0	2.7362e-05
1187.2	2.7925e-05
1187.4	2.8501e-05
1187.6	2.9088e-05
1187.8	2.9687e-05
1188.0	3.0299e-05
1188.2	3.0923e-05
1188.4	3.156e-05
1188.6	3.221e-05
1188.8	3.2874e-05
1189.0	3.3551e-05
1189.2	3.4242e-05
1189.4	3.4948e-05
1189.6	3.5668e-05
1189.8	3.6403e-05
1190.0	3.7153e-05
1190.2	3.7253e-05
1190.4	3.7353e-05
1190.6	3.7453e-05
1190.8	3.7554e-05
1191.0	3.7655e-05
1191.2	3.7756e-05
1191.4	3.7858e-05
1191.6	3.796e-05
1191.8	3.8062e-05
1192.0	3.8164e-05
1192.2	3.8267e-05
1192.4	3.837e-05
1192.6	3.8473e-05
1192.8	3.8576e-05
1193.0	3.868e-05
1193.2	3.8784e-05
1193.4	3.8888e-05
1193.6	3.8993e-05
1193.8	3.9098e-05
1194.0	3.9203e-05
1194.2	3.9308e-05
1194.4	3.9414e-05
1194.6	3.952e-05
1194.8	3.9626e-05
1195.0	3.9733e-05
1195.2	3.8898e-05
1195.4	3.808e-05
1195.6	3.728e-05
1195.8	3.6496e-05
1196.0	3.5729e-05
1196.2	3.4978e-05
1196.4	3.4243e-05
1196.6	3.3523e-05
1196.8	3.2819e-05
1197.0	3.2129e-05
1197.2	3.1454e-05
1197.4	3.0793e-05
1197.6	3.0145e-05
1197.8	2.9512e-05
1198.0	2.8891e-05
1198.2	2.8284e-05
1198.4	2.769e-05
1198.6	2.7108e-05
1198.8	2.6538e-05
1199.0	2.598e-05
1199.2	2.5434e-05
1199.4	2.49e-05
1199.6	2.4376e-05
1199.8	2.3864e-05
1200.0	2.3362e-05
1200.2	2.3897e-05
1200.4	2.4445e-05
1200.6	2.5005e-05
1200.8	2.5578e-05
1201.0	2.6163e-05
1201.2	2.6763e-05
1201.4	2.7376e-05
1201.6	2.8003e-05
1201.8	2.8644e-05
1202.0	2.93e-05
1202.2	2.9971e-05
1202.4	3.0658e-05
1202.6	3.136e-05
1202.8	3.2078e-05
1203.0	3.2813e-05
1203.2	3.3565e-05
1203.4	3.4334e-05
1203.6	3.512e-05
1203.8	3.5925e-05
1204.0	3.6747e-05
1204.2	3.7589e-05
1204.4	3.845e-05
1204.6	3.9331e-05
1204.8	4.0232e-05
1205.0	4.1153e-05
1205.2	4.1266e-05
1205.4	4.1379e-05
1205.6	4.1493e-05
1205.8	4.1606e-05
1206.0	4.172e-05
1206.2	4.1835e-05
1206.4	4.1949e-05
1206.6	4.2064e-05
1206.8	4.218e-05
1207.0	4.2295e-05
1207.2	4.2411e-05
1207.4	4.2527e-05
1207.6	4.2644e-05
1207.8	4.2761e-05
1208.0	4.2878e-05
1208.2	4.2995e-05
1208.4	4.3113e-05
1208.6	4.3231e-05
1208.8	4.335e-05
1209.0	4.3469e-05
1209.2	4.3588e-05
1209.4	4.3707e-05
1209.6	4.3827e-05
1209.8	4.3947e-05
1210.0	4.4068e-05
