Typical Measured Spectrum of Semrock FF01-690/8 Optical Filter	
For wavelengths between 320 and 1120 nm, values near or below 1e-6 (Optical Density 6) are measurement noise limited.
For wavelengths < 320 nm and > 1120 nm, values near or below 3e-6 (Optical Density 5.5) are measurement noise limited. 
Data format:  Wavelength (nm) <tab> Transmission (0 to 1)
290.0	7.7224e-06
290.2	6.1029e-06
290.4	4.823e-06
290.6	3.8116e-06
290.8	3.0123e-06
291.0	2.3806e-06
291.2	1.8813e-06
291.4	1.4868e-06
291.6	1.175e-06
291.8	9.2858e-07
292.0	7.3385e-07
292.2	5.7995e-07
292.4	4.5833e-07
292.6	3.6221e-07
292.8	2.8625e-07
293.0	2.3809e-07
293.2	2.4996e-07
293.4	2.6242e-07
293.6	2.7551e-07
293.8	2.8924e-07
294.0	3.0367e-07
294.2	3.1881e-07
294.4	3.347e-07
294.6	3.5139e-07
294.8	3.6891e-07
295.0	3.8731e-07
295.2	4.357e-07
295.4	4.9014e-07
295.6	5.5137e-07
295.8	6.2027e-07
296.0	6.9776e-07
296.2	7.8495e-07
296.4	8.8302e-07
296.6	9.9335e-07
296.8	1.1175e-06
297.0	1.2571e-06
297.2	1.4141e-06
297.4	1.5908e-06
297.6	1.7896e-06
297.8	2.0132e-06
298.0	2.2081e-06
298.2	1.9516e-06
298.4	1.7249e-06
298.6	1.5245e-06
298.8	1.3474e-06
299.0	1.1909e-06
299.2	1.0525e-06
299.4	9.3027e-07
299.6	8.222e-07
299.8	7.2669e-07
300.0	6.4227e-07
300.2	5.6766e-07
300.4	5.0172e-07
300.6	4.4343e-07
300.8	3.9192e-07
301.0	3.4639e-07
301.2	3.0615e-07
301.4	2.7059e-07
301.6	2.3915e-07
301.8	2.3173e-07
302.0	2.5124e-07
302.2	2.724e-07
302.4	2.9534e-07
302.6	3.2021e-07
302.8	3.4717e-07
303.0	3.764e-07
303.2	4.081e-07
303.4	4.4246e-07
303.6	4.7972e-07
303.8	5.2012e-07
304.0	5.6391e-07
304.2	6.114e-07
304.4	6.6288e-07
304.6	7.187e-07
304.8	7.7922e-07
305.0	8.4483e-07
305.2	9.4856e-07
305.4	1.065e-06
305.6	1.1581e-06
305.8	1.1439e-06
306.0	1.1299e-06
306.2	1.1161e-06
306.4	1.1025e-06
306.6	1.089e-06
306.8	1.0757e-06
307.0	1.0625e-06
307.2	1.0495e-06
307.4	1.0367e-06
307.6	1.024e-06
307.8	1.0115e-06
308.0	9.991e-07
308.2	9.8688e-07
308.4	9.7481e-07
308.6	9.6289e-07
308.8	9.5111e-07
309.0	9.3948e-07
309.2	9.2799e-07
309.4	8.7063e-07
309.6	7.8751e-07
309.8	7.1233e-07
310.0	6.4432e-07
310.2	5.8281e-07
310.4	5.2717e-07
310.6	4.7685e-07
310.8	4.3132e-07
311.0	3.9014e-07
311.2	3.529e-07
311.4	3.1921e-07
311.6	2.8873e-07
311.8	2.6117e-07
312.0	2.3624e-07
312.2	2.1368e-07
312.4	1.9328e-07
312.6	1.7483e-07
312.8	1.5814e-07
313.0	1.4304e-07
313.2	1.6e-07
313.4	1.8186e-07
313.6	2.0671e-07
313.8	2.3494e-07
314.0	2.6704e-07
314.2	3.0352e-07
314.4	3.4498e-07
314.6	3.921e-07
314.8	4.4567e-07
315.0	5.0655e-07
315.2	5.7574e-07
315.4	6.5439e-07
315.6	7.4379e-07
315.8	8.4539e-07
316.0	9.6088e-07
316.2	1.0921e-06
316.4	1.2413e-06
316.6	1.4109e-06
316.8	1.4887e-06
317.0	1.2973e-06
317.2	1.1306e-06
317.4	9.8527e-07
317.6	8.5863e-07
317.8	7.4827e-07
318.0	6.5209e-07
318.2	5.6828e-07
318.4	4.9523e-07
318.6	4.3158e-07
318.8	3.7611e-07
319.0	3.2776e-07
319.2	2.8563e-07
319.4	2.4892e-07
319.6	2.1693e-07
319.8	1.8904e-07
320.0	1.6475e-07
320.2	1.4357e-07
320.4	1.2512e-07
320.6	1.2797e-07
320.8	1.4351e-07
321.0	1.6094e-07
321.2	1.8049e-07
321.4	2.024e-07
321.6	2.2698e-07
321.8	2.5455e-07
322.0	2.8546e-07
322.2	3.2013e-07
322.4	3.59e-07
322.6	4.026e-07
322.8	4.5149e-07
323.0	5.0632e-07
323.2	5.6781e-07
323.4	6.3676e-07
323.6	7.1409e-07
323.8	8.0081e-07
324.0	8.9806e-07
324.2	1.0059e-06
324.4	8.8297e-07
324.6	7.7508e-07
324.8	6.8036e-07
325.0	5.9722e-07
325.2	5.2424e-07
325.4	4.6018e-07
325.6	4.0395e-07
325.8	3.5459e-07
326.0	3.1126e-07
326.2	2.7322e-07
326.4	2.3983e-07
326.6	2.1053e-07
326.8	1.848e-07
327.0	1.6222e-07
327.2	1.424e-07
327.4	1.2499e-07
327.6	1.0972e-07
327.8	9.6313e-08
328.0	9.1417e-08
328.2	9.8573e-08
328.4	1.0629e-07
328.6	1.1461e-07
328.8	1.2358e-07
329.0	1.3325e-07
329.2	1.4368e-07
329.4	1.5493e-07
329.6	1.6706e-07
329.8	1.8013e-07
330.0	1.9423e-07
330.2	2.0943e-07
330.4	2.2583e-07
330.6	2.435e-07
330.8	2.6256e-07
331.0	2.8312e-07
331.2	3.0528e-07
331.4	3.2917e-07
331.6	3.5494e-07
331.8	3.6686e-07
332.0	3.7415e-07
332.2	3.8158e-07
332.4	3.8916e-07
332.6	3.9689e-07
332.8	4.0478e-07
333.0	4.1282e-07
333.2	4.2102e-07
333.4	4.2939e-07
333.6	4.3792e-07
333.8	4.4662e-07
334.0	4.5549e-07
334.2	4.6454e-07
334.4	4.7377e-07
334.6	4.8318e-07
334.8	4.9278e-07
335.0	5.0257e-07
335.2	2.313e-07
335.4	1.0645e-07
335.6	6.165e-08
335.8	6.1039e-08
336.0	6.0434e-08
336.2	5.9835e-08
336.4	5.9242e-08
336.6	5.8655e-08
336.8	5.8074e-08
337.0	5.7499e-08
337.2	5.6929e-08
337.4	5.6365e-08
337.6	5.5806e-08
337.8	5.5253e-08
338.0	5.4706e-08
338.2	5.4164e-08
338.4	5.3627e-08
338.6	5.3095e-08
338.8	5.2569e-08
339.0	5.2048e-08
339.2	5.1533e-08
339.4	5.1114e-08
339.6	5.0745e-08
339.8	5.0378e-08
340.0	5.0014e-08
340.2	4.9652e-08
340.4	4.9293e-08
340.6	4.8936e-08
340.8	4.8583e-08
341.0	4.8231e-08
341.2	4.7883e-08
341.4	4.7536e-08
341.6	4.7193e-08
341.8	4.6851e-08
342.0	4.6512e-08
342.2	4.6176e-08
342.4	4.5842e-08
342.6	4.5511e-08
342.8	4.5182e-08
343.0	4.4863e-08
343.2	4.472e-08
343.4	4.4577e-08
343.6	4.4434e-08
343.8	4.4292e-08
344.0	4.415e-08
344.2	4.4009e-08
344.4	4.3868e-08
344.6	4.3728e-08
344.8	4.3588e-08
345.0	4.3449e-08
345.2	4.331e-08
345.4	4.3172e-08
345.6	4.3033e-08
345.8	4.2896e-08
346.0	4.2759e-08
346.2	4.2622e-08
346.4	4.2486e-08
346.6	4.235e-08
346.8	4.2301e-08
347.0	4.2367e-08
347.2	4.2434e-08
347.4	4.25e-08
347.6	4.2567e-08
347.8	4.2633e-08
348.0	4.27e-08
348.2	4.2767e-08
348.4	4.2834e-08
348.6	4.2901e-08
348.8	4.2968e-08
349.0	4.3035e-08
349.2	4.3103e-08
349.4	4.317e-08
349.6	4.3238e-08
349.8	4.3306e-08
350.0	4.3373e-08
350.2	4.3441e-08
350.4	4.3509e-08
350.6	4.3546e-08
350.8	4.3575e-08
351.0	4.3604e-08
351.2	4.3634e-08
351.4	4.3663e-08
351.6	4.3693e-08
351.8	4.3722e-08
352.0	4.3752e-08
352.2	4.3781e-08
352.4	4.3811e-08
352.6	4.3841e-08
352.8	4.387e-08
353.0	4.39e-08
353.2	4.3929e-08
353.4	4.3959e-08
353.6	4.3989e-08
353.8	4.4018e-08
354.0	4.4048e-08
354.2	4.4068e-08
354.4	4.4053e-08
354.6	4.4037e-08
354.8	4.4022e-08
355.0	4.4007e-08
355.2	4.3992e-08
355.4	4.3976e-08
355.6	4.3961e-08
355.8	4.3946e-08
356.0	4.3931e-08
356.2	4.3915e-08
356.4	4.39e-08
356.6	4.3885e-08
356.8	4.387e-08
357.0	4.3855e-08
357.2	4.384e-08
357.4	4.3824e-08
357.6	4.3809e-08
357.8	4.3794e-08
358.0	4.6509e-08
358.2	5.114e-08
358.4	5.6231e-08
358.6	6.183e-08
358.8	6.7986e-08
359.0	7.4756e-08
359.2	8.2199e-08
359.4	9.0383e-08
359.6	9.9382e-08
359.8	1.0928e-07
360.0	1.2016e-07
360.2	1.3212e-07
360.4	1.4528e-07
360.6	1.5974e-07
360.8	1.7565e-07
361.0	1.9313e-07
361.2	2.1236e-07
361.4	2.3351e-07
361.6	2.5584e-07
361.8	2.6348e-07
362.0	2.7135e-07
362.2	2.7946e-07
362.4	2.8781e-07
362.6	2.9641e-07
362.8	3.0527e-07
363.0	3.1439e-07
363.2	3.2379e-07
363.4	3.3346e-07
363.6	3.4343e-07
363.8	3.5369e-07
364.0	3.6426e-07
364.2	3.7514e-07
364.4	3.8635e-07
364.6	3.979e-07
364.8	4.0979e-07
365.0	4.2203e-07
365.2	3.4454e-07
365.4	2.8128e-07
365.6	2.2963e-07
365.8	1.8746e-07
366.0	1.5304e-07
366.2	1.2494e-07
366.4	1.02e-07
366.6	8.3269e-08
366.8	6.7979e-08
367.0	6.2387e-08
367.2	7.1153e-08
367.4	8.1151e-08
367.6	9.2554e-08
367.8	1.0556e-07
368.0	1.2039e-07
368.2	1.3731e-07
368.4	1.566e-07
368.6	1.7861e-07
368.8	2.0371e-07
369.0	2.3233e-07
369.2	2.6498e-07
369.4	3.0221e-07
369.6	3.4468e-07
369.8	3.9311e-07
370.0	4.4835e-07
370.2	5.1135e-07
370.4	5.832e-07
370.6	6.6515e-07
370.8	6.222e-07
371.0	5.4286e-07
371.2	4.7364e-07
371.4	4.1325e-07
371.6	3.6055e-07
371.8	3.1458e-07
372.0	2.7447e-07
372.2	2.3947e-07
372.4	2.0894e-07
372.6	1.8229e-07
372.8	1.5905e-07
373.0	1.3877e-07
373.2	1.2108e-07
373.4	1.0564e-07
373.6	9.2167e-08
373.8	8.0415e-08
374.0	7.0161e-08
374.2	6.1215e-08
374.4	5.4418e-08
374.6	5.4268e-08
374.8	5.4119e-08
375.0	5.397e-08
375.2	5.3821e-08
375.4	5.3673e-08
375.6	5.3525e-08
375.8	5.3378e-08
376.0	5.3231e-08
376.2	5.3084e-08
376.4	5.2938e-08
376.6	5.2792e-08
376.8	5.2647e-08
377.0	5.2502e-08
377.2	5.2357e-08
377.4	5.2213e-08
377.6	5.2069e-08
377.8	5.1926e-08
378.0	5.1783e-08
378.2	5.1601e-08
378.4	5.1389e-08
378.6	5.1177e-08
378.8	5.0965e-08
379.0	5.0755e-08
379.2	5.0546e-08
379.4	5.0337e-08
379.6	5.013e-08
379.8	4.9923e-08
380.0	4.9717e-08
380.2	4.9512e-08
380.4	4.9308e-08
380.6	4.9104e-08
380.8	4.8902e-08
381.0	4.87e-08
381.2	4.8499e-08
381.4	4.8299e-08
381.6	4.81e-08
381.8	4.7901e-08
382.0	4.9417e-08
382.2	5.1057e-08
382.4	5.275e-08
382.6	5.45e-08
382.8	5.6308e-08
383.0	5.8176e-08
383.2	6.0106e-08
383.4	6.21e-08
383.6	6.416e-08
383.8	6.6288e-08
384.0	6.8487e-08
384.2	7.0759e-08
384.4	7.3106e-08
384.6	7.5531e-08
384.8	7.8036e-08
385.0	8.0625e-08
385.2	8.3299e-08
385.4	8.6063e-08
385.6	8.6414e-08
385.8	8.2816e-08
386.0	7.9367e-08
386.2	7.6063e-08
386.4	7.2895e-08
386.6	6.986e-08
386.8	6.6951e-08
387.0	6.4164e-08
387.2	6.1492e-08
387.4	5.8932e-08
387.6	5.6478e-08
387.8	5.4126e-08
388.0	5.1872e-08
388.2	4.9712e-08
388.4	4.7643e-08
388.6	4.5659e-08
388.8	4.3758e-08
389.0	4.1936e-08
389.2	4.0189e-08
389.4	3.8559e-08
389.6	3.7005e-08
389.8	3.5513e-08
390.0	3.4082e-08
390.2	3.2708e-08
390.4	3.1389e-08
390.6	3.0124e-08
390.8	2.891e-08
391.0	2.7744e-08
391.2	2.6626e-08
391.4	2.5553e-08
391.6	2.4523e-08
391.8	2.3534e-08
392.0	2.2585e-08
392.2	2.2349e-08
392.4	2.2114e-08
392.6	2.1882e-08
392.8	2.1653e-08
393.0	2.1425e-08
393.2	2.1199e-08
393.4	2.0976e-08
393.6	2.0755e-08
393.8	2.0536e-08
394.0	2.032e-08
394.2	2.0106e-08
394.4	1.9894e-08
394.6	1.9685e-08
394.8	1.9477e-08
395.0	1.9272e-08
395.2	1.9069e-08
395.4	1.8868e-08
395.6	1.8669e-08
395.8	1.8473e-08
396.0	1.8278e-08
396.2	1.8086e-08
396.4	1.7895e-08
396.6	1.851e-08
396.8	2.3599e-08
397.0	3.0088e-08
397.2	3.8362e-08
397.4	4.891e-08
397.6	6.2359e-08
397.8	7.9505e-08
398.0	1.0137e-07
398.2	1.2924e-07
398.4	1.6477e-07
398.6	2.1008e-07
398.8	2.6785e-07
399.0	3.415e-07
399.2	4.354e-07
399.4	5.5512e-07
399.6	7.0775e-07
399.8	9.0236e-07
400.0	1.1505e-06
400.2	1.4668e-06
400.4	1.597e-06
400.6	1.5783e-06
400.8	1.5598e-06
401.0	1.5416e-06
401.2	1.5235e-06
401.4	1.5057e-06
401.6	1.4881e-06
401.8	1.4706e-06
402.0	1.4534e-06
402.2	1.4364e-06
402.4	1.4196e-06
402.6	1.403e-06
402.8	1.3866e-06
403.0	1.3703e-06
403.2	1.3543e-06
403.4	1.3384e-06
403.6	1.3228e-06
403.8	1.3073e-06
404.0	1.2685e-06
404.2	9.8121e-07
404.4	7.59e-07
404.6	5.8712e-07
404.8	4.5416e-07
405.0	3.5131e-07
405.2	2.7175e-07
405.4	2.1021e-07
405.6	1.6261e-07
405.8	1.2578e-07
406.0	9.7298e-08
406.2	7.5264e-08
406.4	5.822e-08
406.6	4.5035e-08
406.8	3.4837e-08
407.0	2.6947e-08
407.2	2.0845e-08
407.4	1.6124e-08
407.6	1.2473e-08
407.8	1.19e-08
408.0	1.3573e-08
408.2	1.5483e-08
408.4	1.766e-08
408.6	2.0144e-08
408.8	2.2978e-08
409.0	2.621e-08
409.2	2.9897e-08
409.4	3.4102e-08
409.6	3.8899e-08
409.8	4.437e-08
410.0	5.0611e-08
410.2	5.773e-08
410.4	6.585e-08
410.6	7.5113e-08
410.8	8.5678e-08
411.0	9.7729e-08
411.2	1.1148e-07
411.4	1.2688e-07
411.6	1.2526e-07
411.8	1.2366e-07
412.0	1.2207e-07
412.2	1.2051e-07
412.4	1.1897e-07
412.6	1.1745e-07
412.8	1.1595e-07
413.0	1.1446e-07
413.2	1.13e-07
413.4	1.1156e-07
413.6	1.1013e-07
413.8	1.0872e-07
414.0	1.0733e-07
414.2	1.0596e-07
414.4	1.046e-07
414.6	1.0326e-07
414.8	1.0194e-07
415.0	1.0064e-07
415.2	1.0e-07
415.4	1.0e-07
415.6	1.0e-07
415.8	1.0e-07
416.0	1.0e-07
416.2	1.0e-07
416.4	1.0e-07
416.6	1.0e-07
416.8	1.0e-07
417.0	1.0e-07
417.2	1.0e-07
417.4	1.0e-07
417.6	1.0e-07
417.8	1.0e-07
418.0	1.0e-07
418.2	1.0e-07
418.4	1.0e-07
418.6	1.0e-07
418.8	1.0e-07
419.0	1.0e-07
419.2	1.0e-07
419.4	1.0e-07
419.6	1.0e-07
419.8	1.0e-07
420.0	1.0e-07
420.2	1.0e-07
420.4	1.0e-07
420.6	1.0e-07
420.8	1.0e-07
421.0	1.0e-07
421.2	1.0e-07
421.4	1.0e-07
421.6	1.0e-07
421.8	1.0e-07
422.0	1.0e-07
422.2	1.0e-07
422.4	1.0e-07
422.6	1.0826e-07
422.8	1.2668e-07
423.0	1.4823e-07
423.2	1.7345e-07
423.4	2.0296e-07
423.6	2.3749e-07
423.8	2.779e-07
424.0	3.2518e-07
424.2	3.8051e-07
424.4	4.4525e-07
424.6	5.2101e-07
424.8	6.0965e-07
425.0	7.1338e-07
425.2	8.3475e-07
425.4	9.7678e-07
425.6	1.143e-06
425.8	1.3374e-06
426.0	1.565e-06
426.2	1.7993e-06
426.4	8.7364e-07
426.6	4.2418e-07
426.8	2.0596e-07
427.0	1.0e-07
427.2	1.0e-07
427.4	1.0e-07
427.6	1.0e-07
427.8	1.0e-07
428.0	1.0e-07
428.2	1.0e-07
428.4	1.0e-07
428.6	1.0e-07
428.8	1.0e-07
429.0	1.0e-07
429.2	1.0e-07
429.4	1.0e-07
429.6	1.0e-07
429.8	1.0e-07
430.0	1.0e-07
430.2	1.0e-07
430.4	1.0e-07
430.6	1.0e-07
430.8	1.0e-07
431.0	1.0e-07
431.2	1.0e-07
431.4	1.0e-07
431.6	1.0e-07
431.8	1.0e-07
432.0	1.0e-07
432.2	1.0e-07
432.4	1.0e-07
432.6	1.0e-07
432.8	1.0e-07
433.0	1.0e-07
433.2	1.0e-07
433.4	1.0e-07
433.6	1.0e-07
433.8	1.0e-07
434.0	1.0e-07
434.2	1.0e-07
434.4	1.0e-07
434.6	1.0e-07
434.8	1.0e-07
435.0	1.0e-07
435.2	1.0e-07
435.4	1.0e-07
435.6	1.0e-07
435.8	1.0e-07
436.0	1.0e-07
436.2	1.0e-07
436.4	1.0e-07
436.6	1.0e-07
436.8	1.0e-07
437.0	1.0e-07
437.2	1.0e-07
437.4	1.0e-07
437.6	1.0e-07
437.8	1.0e-07
438.0	1.0e-07
438.2	1.0e-07
438.4	1.0e-07
438.6	1.0e-07
438.8	1.0e-07
439.0	1.0e-07
439.2	1.0e-07
439.4	1.0e-07
439.6	1.0e-07
439.8	1.0e-07
440.0	1.0e-07
440.2	1.0e-07
440.4	1.0e-07
440.6	1.0e-07
440.8	1.0e-07
441.0	1.0e-07
441.2	1.0e-07
441.4	1.0e-07
441.6	1.0e-07
441.8	1.0e-07
442.0	1.0e-07
442.2	1.0e-07
442.4	1.0e-07
442.6	1.0e-07
442.8	1.0e-07
443.0	1.0e-07
443.2	1.0e-07
443.4	1.0e-07
443.6	1.0e-07
443.8	1.0e-07
444.0	1.0e-07
444.2	1.0e-07
444.4	1.0e-07
444.6	1.0e-07
444.8	1.0e-07
445.0	9.7931e-08
445.2	8.8856e-08
445.4	8.0623e-08
445.6	7.3152e-08
445.8	6.6373e-08
446.0	6.0223e-08
446.2	5.4642e-08
446.4	4.9579e-08
446.6	4.4985e-08
446.8	4.0816e-08
447.0	3.7034e-08
447.2	3.3602e-08
447.4	3.0489e-08
447.6	2.7663e-08
447.8	2.51e-08
448.0	2.2774e-08
448.2	2.0664e-08
448.4	1.8749e-08
448.6	1.7012e-08
448.8	1.6792e-08
449.0	1.7114e-08
449.2	1.7442e-08
449.4	1.7777e-08
449.6	1.8117e-08
449.8	1.8465e-08
450.0	1.8818e-08
450.2	1.9179e-08
450.4	1.9547e-08
450.6	1.9921e-08
450.8	2.0303e-08
451.0	2.0692e-08
451.2	2.1089e-08
451.4	2.1493e-08
451.6	2.1905e-08
451.8	2.2325e-08
452.0	2.2753e-08
452.2	2.3189e-08
452.4	2.3973e-08
452.6	2.5926e-08
452.8	2.8039e-08
453.0	3.0324e-08
453.2	3.2796e-08
453.4	3.5469e-08
453.6	3.8359e-08
453.8	4.1485e-08
454.0	4.4866e-08
454.2	4.8523e-08
454.4	5.2477e-08
454.6	5.6754e-08
454.8	6.1379e-08
455.0	6.6381e-08
455.2	7.1791e-08
455.4	7.7642e-08
455.6	8.397e-08
455.8	9.0813e-08
456.0	9.8214e-08
456.2	1.0e-07
456.4	1.0e-07
456.6	1.0e-07
456.8	1.0e-07
457.0	1.0e-07
457.2	1.0e-07
457.4	1.0e-07
457.6	1.0e-07
457.8	1.0e-07
458.0	1.0e-07
458.2	1.0e-07
458.4	1.0e-07
458.6	1.0e-07
458.8	1.0e-07
459.0	1.0e-07
459.2	1.0e-07
459.4	1.0e-07
459.6	1.0e-07
459.8	1.0e-07
460.0	1.0e-07
460.2	1.0e-07
460.4	1.0e-07
460.6	1.0e-07
460.8	1.0e-07
461.0	1.0e-07
461.2	1.0e-07
461.4	1.0e-07
461.6	1.0e-07
461.8	1.0e-07
462.0	1.0e-07
462.2	1.0e-07
462.4	1.0e-07
462.6	1.0e-07
462.8	1.0e-07
463.0	1.0e-07
463.2	1.0e-07
463.4	1.0e-07
463.6	1.0e-07
463.8	1.0e-07
464.0	1.0e-07
464.2	1.0e-07
464.4	1.0e-07
464.6	1.0e-07
464.8	1.0e-07
465.0	1.0e-07
465.2	1.0e-07
465.4	1.0e-07
465.6	1.0e-07
465.8	1.0e-07
466.0	1.0e-07
466.2	1.0e-07
466.4	1.0e-07
466.6	1.0e-07
466.8	1.0e-07
467.0	1.0e-07
467.2	9.5938e-08
467.4	8.6917e-08
467.6	7.8745e-08
467.8	7.1341e-08
468.0	6.4633e-08
468.2	7.0399e-08
468.4	7.668e-08
468.6	8.3521e-08
468.8	9.0972e-08
469.0	9.9088e-08
469.2	1.0793e-07
469.4	1.1756e-07
469.6	1.2804e-07
469.8	1.3947e-07
470.0	1.5191e-07
470.2	1.6546e-07
470.4	1.8022e-07
470.6	1.9731e-07
470.8	2.1896e-07
471.0	2.4299e-07
471.2	2.6965e-07
471.4	2.9924e-07
471.6	3.3208e-07
471.8	3.6852e-07
472.0	4.0896e-07
472.2	4.5383e-07
472.4	5.0363e-07
472.6	5.589e-07
472.8	6.2022e-07
473.0	6.8828e-07
473.2	7.6381e-07
473.4	8.4762e-07
473.6	9.4063e-07
473.8	1.0438e-06
474.0	1.1584e-06
474.2	1.2855e-06
474.4	1.3823e-06
474.6	1.4747e-06
474.8	1.5733e-06
475.0	1.6784e-06
475.2	1.7906e-06
475.4	1.9103e-06
475.6	2.038e-06
475.8	2.1742e-06
476.0	2.3196e-06
476.2	2.4746e-06
476.4	2.64e-06
476.6	2.8165e-06
476.8	3.0048e-06
477.0	3.2057e-06
477.2	3.4199e-06
477.4	3.6485e-06
477.6	3.8924e-06
477.8	4.1526e-06
478.0	4.0881e-06
478.2	3.4186e-06
478.4	2.8588e-06
478.6	2.3906e-06
478.8	1.9991e-06
479.0	1.6717e-06
479.2	1.398e-06
479.4	1.169e-06
479.6	9.776e-07
479.8	8.175e-07
480.0	6.8363e-07
480.2	5.7168e-07
480.4	4.7806e-07
480.6	3.9977e-07
480.8	3.343e-07
481.0	2.7956e-07
481.2	2.3378e-07
481.4	1.9549e-07
481.6	1.6348e-07
481.8	1.6206e-07
482.0	1.646e-07
482.2	1.6718e-07
482.4	1.698e-07
482.6	1.7247e-07
482.8	1.7517e-07
483.0	1.7792e-07
483.2	1.8071e-07
483.4	1.8354e-07
483.6	1.8642e-07
483.8	1.8935e-07
484.0	1.9232e-07
484.2	1.9533e-07
484.4	1.984e-07
484.6	2.0151e-07
484.8	2.0467e-07
485.0	2.0788e-07
485.2	2.1114e-07
485.4	2.2142e-07
485.6	2.4248e-07
485.8	2.6554e-07
486.0	2.9079e-07
486.2	3.1844e-07
486.4	3.4873e-07
486.6	3.8189e-07
486.8	4.1821e-07
487.0	4.5797e-07
487.2	5.0153e-07
487.4	5.4922e-07
487.6	6.0145e-07
487.8	6.5864e-07
488.0	7.2127e-07
488.2	7.8986e-07
488.4	8.6498e-07
488.6	9.4723e-07
488.8	1.0373e-06
489.0	1.136e-06
489.2	1.0615e-06
489.4	9.9025e-07
489.6	9.2382e-07
489.8	8.6185e-07
490.0	8.0404e-07
490.2	7.5011e-07
490.4	6.9979e-07
490.6	6.5285e-07
490.8	6.0905e-07
491.0	5.682e-07
491.2	5.3008e-07
491.4	4.9453e-07
491.6	4.6135e-07
491.8	4.3041e-07
492.0	4.0153e-07
492.2	3.746e-07
492.4	3.4947e-07
492.6	3.2603e-07
492.8	3.1357e-07
493.0	3.0874e-07
493.2	3.0398e-07
493.4	2.993e-07
493.6	2.9469e-07
493.8	2.9016e-07
494.0	2.8569e-07
494.2	2.8129e-07
494.4	2.7696e-07
494.6	2.7269e-07
494.8	2.6849e-07
495.0	2.6436e-07
495.2	2.6029e-07
495.4	2.5628e-07
495.6	2.5233e-07
495.8	2.4845e-07
496.0	2.4462e-07
496.2	2.4086e-07
496.4	2.4084e-07
496.6	2.6376e-07
496.8	2.8887e-07
497.0	3.1636e-07
497.2	3.4648e-07
497.4	3.7945e-07
497.6	4.1557e-07
497.8	4.5513e-07
498.0	4.9845e-07
498.2	5.459e-07
498.4	5.9786e-07
498.6	6.5477e-07
498.8	7.1709e-07
499.0	7.8535e-07
499.2	8.6011e-07
499.4	9.4198e-07
499.6	1.0316e-06
499.8	1.1298e-06
500.0	1.2374e-06
500.2	1.4526e-06
500.4	1.7054e-06
500.6	2.002e-06
500.8	2.2942e-06
501.0	2.3267e-06
501.2	2.3597e-06
501.4	2.3931e-06
501.6	2.4269e-06
501.8	2.4613e-06
502.0	2.4961e-06
502.2	2.5315e-06
502.4	2.5673e-06
502.6	2.6036e-06
502.8	2.6405e-06
503.0	2.6779e-06
503.2	2.7158e-06
503.4	2.7542e-06
503.6	2.7932e-06
503.8	2.8328e-06
504.0	2.8729e-06
504.2	2.9135e-06
504.4	2.9548e-06
504.6	2.4401e-06
504.8	1.8413e-06
505.0	1.3895e-06
505.2	1.0485e-06
505.4	7.9121e-07
505.6	5.9705e-07
505.8	4.5054e-07
506.0	3.3998e-07
506.2	2.5655e-07
506.4	1.936e-07
506.6	1.4609e-07
506.8	1.1024e-07
507.0	8.3189e-08
507.2	6.2775e-08
507.4	4.7371e-08
507.6	3.5746e-08
507.8	2.6974e-08
508.0	2.0355e-08
508.2	1.6793e-08
508.4	1.8521e-08
508.6	2.0427e-08
508.8	2.2529e-08
509.0	2.4848e-08
509.2	2.7405e-08
509.4	3.0225e-08
509.6	3.3336e-08
509.8	3.6766e-08
510.0	4.055e-08
510.2	4.4723e-08
510.4	4.9326e-08
510.6	5.4402e-08
510.8	6.0e-08
511.0	6.6175e-08
511.2	7.2985e-08
511.4	8.0496e-08
511.6	8.878e-08
511.8	9.7916e-08
512.0	9.7072e-08
512.2	9.3467e-08
512.4	8.9995e-08
512.6	8.6653e-08
512.8	8.3434e-08
513.0	8.0335e-08
513.2	7.7351e-08
513.4	7.4478e-08
513.6	7.1712e-08
513.8	6.9048e-08
514.0	6.6484e-08
514.2	6.4014e-08
514.4	6.1637e-08
514.6	5.9347e-08
514.8	5.7143e-08
515.0	5.5021e-08
515.2	5.2977e-08
515.4	5.1009e-08
515.6	5.0434e-08
515.8	5.238e-08
516.0	5.4401e-08
516.2	5.65e-08
516.4	5.868e-08
516.6	6.0944e-08
516.8	6.3296e-08
517.0	6.5738e-08
517.2	6.8275e-08
517.4	7.0909e-08
517.6	7.3645e-08
517.8	7.6487e-08
518.0	7.9438e-08
518.2	8.2503e-08
518.4	8.5687e-08
518.6	8.8993e-08
518.8	9.2427e-08
519.0	9.5994e-08
519.2	9.9698e-08
519.4	1.0e-07
519.6	1.0e-07
519.8	1.0e-07
520.0	1.0e-07
520.2	1.0e-07
520.4	1.0e-07
520.6	1.0e-07
520.8	1.0e-07
521.0	1.0e-07
521.2	1.0e-07
521.4	1.0e-07
521.6	1.0e-07
521.8	1.0e-07
522.0	1.0e-07
522.2	1.0e-07
522.4	1.0e-07
522.6	1.0e-07
522.8	1.0e-07
523.0	1.0e-07
523.2	1.0e-07
523.4	1.0e-07
523.6	1.0e-07
523.8	1.0e-07
524.0	1.0e-07
524.2	1.0e-07
524.4	1.0e-07
524.6	1.0e-07
524.8	1.0e-07
525.0	1.0e-07
525.2	1.0e-07
525.4	1.0e-07
525.6	1.0e-07
525.8	1.0e-07
526.0	1.0e-07
526.2	1.0e-07
526.4	1.0e-07
526.6	1.0e-07
526.8	1.0e-07
527.0	1.0e-07
527.2	1.0e-07
527.4	1.0e-07
527.6	1.0e-07
527.8	1.0e-07
528.0	1.0e-07
528.2	1.0e-07
528.4	1.0e-07
528.6	1.0e-07
528.8	1.0e-07
529.0	1.0e-07
529.2	1.0e-07
529.4	1.0e-07
529.6	1.0e-07
529.8	1.0e-07
530.0	1.0e-07
530.2	1.0e-07
530.4	1.0e-07
530.6	1.0e-07
530.8	1.0e-07
531.0	1.0e-07
531.2	1.0e-07
531.4	1.0e-07
531.6	1.0e-07
531.8	1.0e-07
532.0	1.0e-07
532.2	1.0e-07
532.4	1.0e-07
532.6	1.0e-07
532.8	1.0e-07
533.0	1.0e-07
533.2	1.0e-07
533.4	1.0e-07
533.6	1.0e-07
533.8	1.0e-07
534.0	1.0174e-07
534.2	1.0768e-07
534.4	1.1395e-07
534.6	1.206e-07
534.8	1.2763e-07
535.0	1.3507e-07
535.2	1.4295e-07
535.4	1.5128e-07
535.6	1.601e-07
535.8	1.6944e-07
536.0	1.7932e-07
536.2	1.8977e-07
536.4	2.0084e-07
536.6	2.1255e-07
536.8	2.2494e-07
537.0	2.3806e-07
537.2	2.5194e-07
537.4	2.6663e-07
537.6	2.8217e-07
537.8	2.8537e-07
538.0	2.8754e-07
538.2	2.8973e-07
538.4	2.9194e-07
538.6	2.9416e-07
538.8	2.964e-07
539.0	2.9865e-07
539.2	3.0093e-07
539.4	3.0322e-07
539.6	3.0552e-07
539.8	3.0785e-07
540.0	3.1019e-07
540.2	3.1255e-07
540.4	3.1493e-07
540.6	3.1733e-07
540.8	3.1974e-07
541.0	3.2218e-07
541.2	3.2463e-07
541.4	3.1326e-07
541.6	2.9198e-07
541.8	2.7215e-07
542.0	2.5366e-07
542.2	2.3643e-07
542.4	2.2037e-07
542.6	2.054e-07
542.8	1.9145e-07
543.0	1.7845e-07
543.2	1.5037e-07
543.4	1.267e-07
543.6	1.0676e-07
543.8	9.8315e-08
544.0	9.5595e-08
544.2	9.2951e-08
544.4	9.038e-08
544.6	8.788e-08
544.8	8.5449e-08
545.0	8.3086e-08
545.2	8.0787e-08
545.4	7.8553e-08
545.6	7.638e-08
545.8	7.4267e-08
546.0	7.2213e-08
546.2	7.0216e-08
546.4	6.8273e-08
546.6	6.6385e-08
546.8	6.4549e-08
547.0	6.2763e-08
547.2	6.1027e-08
547.4	5.9874e-08
547.6	6.1577e-08
547.8	6.3328e-08
548.0	6.5129e-08
548.2	6.6982e-08
548.4	6.8887e-08
548.6	7.0846e-08
548.8	7.2861e-08
549.0	7.4933e-08
549.2	7.7064e-08
549.4	7.9256e-08
549.6	8.151e-08
549.8	8.3828e-08
550.0	8.6213e-08
550.2	8.8665e-08
550.4	9.1186e-08
550.6	9.378e-08
550.8	9.6447e-08
551.0	9.919e-08
551.2	1.0e-07
551.4	1.0e-07
551.6	1.0e-07
551.8	1.0e-07
552.0	1.0e-07
552.2	1.0e-07
552.4	1.0e-07
552.6	1.0e-07
552.8	1.0e-07
553.0	1.0e-07
553.2	1.0e-07
553.4	1.0e-07
553.6	1.0e-07
553.8	1.0e-07
554.0	1.0e-07
554.2	1.0e-07
554.4	1.0e-07
554.6	1.0e-07
554.8	1.0e-07
555.0	1.0e-07
555.2	1.0e-07
555.4	1.0e-07
555.6	1.0e-07
555.8	1.0e-07
556.0	1.0e-07
556.2	1.0e-07
556.4	1.0e-07
556.6	1.0e-07
556.8	1.0e-07
557.0	1.0e-07
557.2	1.0e-07
557.4	1.0e-07
557.6	1.0e-07
557.8	1.0e-07
558.0	1.0e-07
558.2	1.0e-07
558.4	1.0e-07
558.6	1.0e-07
558.8	1.0e-07
559.0	1.0e-07
559.2	1.0e-07
559.4	1.0e-07
559.6	1.0e-07
559.8	1.0e-07
560.0	1.0e-07
560.2	1.0e-07
560.4	1.0e-07
560.6	1.0e-07
560.8	1.0e-07
561.0	1.0e-07
561.2	1.0e-07
561.4	1.0e-07
561.6	1.0e-07
561.8	1.0e-07
562.0	1.0e-07
562.2	1.0e-07
562.4	1.0e-07
562.6	1.0e-07
562.8	1.0e-07
563.0	1.0e-07
563.2	1.0e-07
563.4	1.0e-07
563.6	1.0e-07
563.8	1.0e-07
564.0	1.0e-07
564.2	1.0e-07
564.4	1.0e-07
564.6	1.0e-07
564.8	1.0e-07
565.0	1.0e-07
565.2	1.0e-07
565.4	1.0e-07
565.6	1.0e-07
565.8	9.9983e-08
566.0	9.8279e-08
566.2	9.6604e-08
566.4	9.4957e-08
566.6	9.3339e-08
566.8	9.1748e-08
567.0	9.0184e-08
567.2	8.8647e-08
567.4	8.7136e-08
567.6	8.5651e-08
567.8	8.4191e-08
568.0	8.2757e-08
568.2	8.1346e-08
568.4	7.996e-08
568.6	7.8597e-08
568.8	7.7257e-08
569.0	7.5941e-08
569.2	7.4646e-08
569.4	7.3374e-08
569.6	7.3811e-08
569.8	7.5355e-08
570.0	7.6933e-08
570.2	7.8543e-08
570.4	8.0187e-08
570.6	8.1866e-08
570.8	8.3579e-08
571.0	8.5329e-08
571.2	8.7115e-08
571.4	8.8938e-08
571.6	9.08e-08
571.8	9.27e-08
572.0	9.4641e-08
572.2	9.6622e-08
572.4	9.8644e-08
572.6	1.0071e-07
572.8	1.0282e-07
573.0	1.0497e-07
573.2	1.0794e-07
573.4	1.1375e-07
573.6	1.1988e-07
573.8	1.2635e-07
574.0	1.3316e-07
574.2	1.4033e-07
574.4	1.479e-07
574.6	1.5587e-07
574.8	1.6427e-07
575.0	1.7312e-07
575.2	1.8245e-07
575.4	1.9229e-07
575.6	2.0265e-07
575.8	2.1357e-07
576.0	2.2508e-07
576.2	2.3722e-07
576.4	2.5e-07
576.6	2.6348e-07
576.8	2.7768e-07
577.0	2.7402e-07
577.2	2.6717e-07
577.4	2.6048e-07
577.6	2.5397e-07
577.8	2.4762e-07
578.0	2.4142e-07
578.2	2.3539e-07
578.4	2.295e-07
578.6	2.2376e-07
578.8	2.1816e-07
579.0	2.1271e-07
579.2	2.0739e-07
579.4	2.022e-07
579.6	1.9714e-07
579.8	1.9221e-07
580.0	1.8741e-07
580.2	1.8272e-07
580.4	1.7815e-07
580.6	1.6564e-07
580.8	1.4613e-07
581.0	1.2893e-07
581.2	1.1374e-07
581.4	1.0035e-07
581.6	8.8534e-08
581.8	7.8109e-08
582.0	6.8911e-08
582.2	6.0796e-08
582.4	5.3637e-08
582.6	4.7321e-08
582.8	4.1749e-08
583.0	3.6833e-08
583.2	3.2495e-08
583.4	2.8669e-08
583.6	2.5293e-08
583.8	2.2315e-08
584.0	1.9687e-08
584.2	1.7686e-08
584.4	1.8268e-08
584.6	1.8868e-08
584.8	1.9488e-08
585.0	2.0128e-08
585.2	2.079e-08
585.4	2.1473e-08
585.6	2.2179e-08
585.8	2.2908e-08
586.0	2.366e-08
586.2	2.4438e-08
586.4	2.5241e-08
586.6	2.607e-08
586.8	2.6927e-08
587.0	2.7812e-08
587.2	2.8726e-08
587.4	2.967e-08
587.6	3.0645e-08
587.8	3.1652e-08
588.0	3.2797e-08
588.2	3.4015e-08
588.4	3.5278e-08
588.6	3.6588e-08
588.8	3.7947e-08
589.0	3.9356e-08
589.2	4.0818e-08
589.4	4.2334e-08
589.6	4.3906e-08
589.8	4.5537e-08
590.0	4.7228e-08
590.2	4.8982e-08
590.4	5.0801e-08
590.6	5.2688e-08
590.8	5.4645e-08
591.0	5.6674e-08
591.2	5.8779e-08
591.4	6.0962e-08
591.6	6.273e-08
591.8	6.3879e-08
592.0	6.5049e-08
592.2	6.624e-08
592.4	6.7452e-08
592.6	6.8688e-08
592.8	6.9945e-08
593.0	7.1226e-08
593.2	7.253e-08
593.4	7.3858e-08
593.6	7.5211e-08
593.8	7.6588e-08
594.0	7.799e-08
594.2	7.9418e-08
594.4	8.0872e-08
594.6	8.2353e-08
594.8	8.3861e-08
595.0	8.5397e-08
595.2	8.6966e-08
595.4	8.8619e-08
595.6	9.0302e-08
595.8	9.2018e-08
596.0	9.3766e-08
596.2	9.5547e-08
596.4	9.7362e-08
596.6	9.9212e-08
596.8	1.011e-07
597.0	1.0302e-07
597.2	1.0497e-07
597.4	1.0697e-07
597.6	1.09e-07
597.8	1.1107e-07
598.0	1.1318e-07
598.2	1.1533e-07
598.4	1.1752e-07
598.6	1.1976e-07
598.8	1.2203e-07
599.0	1.2491e-07
599.2	1.2801e-07
599.4	1.3119e-07
599.6	1.3445e-07
599.8	1.3779e-07
600.0	1.4121e-07
600.2	1.4472e-07
600.4	1.4831e-07
600.6	1.52e-07
600.8	1.5577e-07
601.0	1.5964e-07
601.2	1.6361e-07
601.4	1.6767e-07
601.6	1.7184e-07
601.8	1.761e-07
602.0	1.8048e-07
602.2	1.8496e-07
602.4	1.8956e-07
602.6	1.9404e-07
602.8	1.9839e-07
603.0	2.0283e-07
603.2	2.0738e-07
603.4	2.1202e-07
603.6	2.1677e-07
603.8	2.2163e-07
604.0	2.266e-07
604.2	2.3167e-07
604.4	2.3686e-07
604.6	2.4217e-07
604.8	2.4759e-07
605.0	2.5314e-07
605.2	2.5881e-07
605.4	2.6461e-07
605.6	2.7054e-07
605.8	2.766e-07
606.0	2.828e-07
606.2	2.8913e-07
606.4	2.9561e-07
606.6	3.0223e-07
606.8	3.09e-07
607.0	3.1592e-07
607.2	3.23e-07
607.4	3.3032e-07
607.6	3.3981e-07
607.8	3.4958e-07
608.0	3.5962e-07
608.2	3.6995e-07
608.4	3.8058e-07
608.6	3.9152e-07
608.8	4.0277e-07
609.0	4.1434e-07
609.2	4.2625e-07
609.4	4.385e-07
609.6	4.511e-07
609.8	4.6406e-07
610.0	4.7739e-07
610.2	4.9111e-07
610.4	5.0522e-07
610.6	5.1974e-07
610.8	5.3467e-07
611.0	5.1746e-07
611.2	4.7441e-07
611.4	4.3494e-07
611.6	3.9875e-07
611.8	3.6558e-07
612.0	3.3516e-07
612.2	3.0728e-07
612.4	2.8171e-07
612.6	2.5827e-07
612.8	2.3679e-07
613.0	2.1709e-07
613.2	1.9902e-07
613.4	1.8247e-07
613.6	1.6729e-07
613.8	1.5337e-07
614.0	1.4061e-07
614.2	1.2891e-07
614.4	1.1818e-07
614.6	1.0835e-07
614.8	9.9337e-08
615.0	9.1072e-08
615.2	8.3495e-08
615.4	7.6549e-08
615.6	7.018e-08
615.8	6.4476e-08
616.0	6.5642e-08
616.2	6.6829e-08
616.4	6.8037e-08
616.6	6.9267e-08
616.8	7.052e-08
617.0	7.1795e-08
617.2	7.3093e-08
617.4	7.4415e-08
617.6	7.5761e-08
617.8	7.7131e-08
618.0	7.8525e-08
618.2	7.9945e-08
618.4	8.1391e-08
618.6	8.2862e-08
618.8	8.4361e-08
619.0	8.5886e-08
619.2	8.7439e-08
619.4	8.902e-08
619.6	9.063e-08
619.8	9.2269e-08
620.0	9.3937e-08
620.2	9.5636e-08
620.4	9.7365e-08
620.6	9.9126e-08
620.8	9.7352e-08
621.0	9.236e-08
621.2	8.7625e-08
621.4	8.3132e-08
621.6	7.887e-08
621.8	7.4827e-08
622.0	7.099e-08
622.2	6.7351e-08
622.4	6.3897e-08
622.6	6.0621e-08
622.8	5.7513e-08
623.0	5.4565e-08
623.2	5.1767e-08
623.4	4.9113e-08
623.6	4.6595e-08
623.8	4.4206e-08
624.0	4.194e-08
624.2	3.9789e-08
624.4	3.7749e-08
624.6	3.5814e-08
624.8	3.3978e-08
625.0	3.2236e-08
625.2	3.0583e-08
625.4	2.9015e-08
625.6	2.7556e-08
625.8	2.9046e-08
626.0	3.0616e-08
626.2	3.2271e-08
626.4	3.4015e-08
626.6	3.5854e-08
626.8	3.7792e-08
627.0	3.9834e-08
627.2	4.1987e-08
627.4	4.4257e-08
627.6	4.6649e-08
627.8	4.9171e-08
628.0	5.1828e-08
628.2	5.463e-08
628.4	5.7583e-08
628.6	6.0695e-08
628.8	6.3976e-08
629.0	6.7434e-08
629.2	7.1079e-08
629.4	7.4921e-08
629.6	7.897e-08
629.8	8.3239e-08
630.0	8.7738e-08
630.2	9.248e-08
630.4	9.7479e-08
630.6	9.7284e-08
630.8	9.2219e-08
631.0	8.7417e-08
631.2	8.2866e-08
631.4	7.8551e-08
631.6	7.4461e-08
631.8	7.0584e-08
632.0	6.6909e-08
632.2	6.3425e-08
632.4	6.0123e-08
632.6	5.6993e-08
632.8	5.4025e-08
633.0	5.1212e-08
633.2	4.8546e-08
633.4	4.6018e-08
633.6	4.3622e-08
633.8	4.1351e-08
634.0	3.9198e-08
634.2	3.7157e-08
634.4	3.5223e-08
634.6	3.3389e-08
634.8	3.165e-08
635.0	3.0002e-08
635.2	2.844e-08
635.4	2.6988e-08
635.6	2.8471e-08
635.8	3.0035e-08
636.0	3.1685e-08
636.2	3.3426e-08
636.4	3.5262e-08
636.6	3.7199e-08
636.8	3.9243e-08
637.0	4.1399e-08
637.2	4.3673e-08
637.4	4.6073e-08
637.6	4.8604e-08
637.8	5.1274e-08
638.0	5.4091e-08
638.2	5.7062e-08
638.4	6.0197e-08
638.6	6.3504e-08
638.8	6.6993e-08
639.0	7.0674e-08
639.2	7.4556e-08
639.4	7.8652e-08
639.6	8.2973e-08
639.8	8.7532e-08
640.0	9.234e-08
640.2	9.7413e-08
640.4	1.0e-07
640.6	1.0e-07
640.8	1.0e-07
641.0	1.0e-07
641.2	1.0e-07
641.4	1.0e-07
641.6	1.0e-07
641.8	1.0e-07
642.0	1.0e-07
642.2	1.0e-07
642.4	1.0e-07
642.6	1.0e-07
642.8	1.0e-07
643.0	1.0e-07
643.2	1.0e-07
643.4	1.0e-07
643.6	1.0e-07
643.8	1.0e-07
644.0	1.0e-07
644.2	1.0e-07
644.4	1.0e-07
644.6	1.0e-07
644.8	1.0e-07
645.0	1.0e-07
645.2	1.0e-07
645.4	1.0e-07
645.6	1.0e-07
645.8	1.0e-07
646.0	1.0e-07
646.2	1.0e-07
646.4	1.0e-07
646.6	1.0e-07
646.8	1.0e-07
647.0	1.0e-07
647.2	1.0e-07
647.4	1.0e-07
647.6	1.0e-07
647.8	1.0e-07
648.0	1.0e-07
648.2	1.0e-07
648.4	1.0e-07
648.6	1.0e-07
648.8	1.0e-07
649.0	1.0e-07
649.2	1.0e-07
649.4	1.0e-07
649.6	1.0e-07
649.8	1.0e-07
650.0	1.0e-07
650.2	9.6453e-08
650.4	9.0099e-08
650.6	8.4163e-08
650.8	7.8619e-08
651.0	7.344e-08
651.2	6.8602e-08
651.4	6.4083e-08
651.6	5.9861e-08
651.8	5.5918e-08
652.0	5.2234e-08
652.2	4.8793e-08
652.4	4.5579e-08
652.6	4.2576e-08
652.8	3.9771e-08
653.0	3.7151e-08
653.2	3.4704e-08
653.4	3.2418e-08
653.6	3.0282e-08
653.8	2.8287e-08
654.0	2.6424e-08
654.2	2.4683e-08
654.4	2.3057e-08
654.6	2.1538e-08
654.8	2.0119e-08
655.0	1.8897e-08
655.2	2.0655e-08
655.4	2.2575e-08
655.6	2.4674e-08
655.8	2.6968e-08
656.0	2.9476e-08
656.2	3.2216e-08
656.4	3.5212e-08
656.6	3.8486e-08
656.8	4.2064e-08
657.0	4.5976e-08
657.2	5.025e-08
657.4	5.4923e-08
657.6	6.003e-08
657.8	6.5611e-08
658.0	7.1712e-08
658.2	7.8379e-08
658.4	8.5667e-08
658.6	9.3633e-08
658.8	9.8413e-08
659.0	9.2539e-08
659.2	8.7015e-08
659.4	8.1822e-08
659.6	7.6938e-08
659.8	7.2346e-08
660.0	6.8028e-08
660.2	6.3967e-08
660.4	6.0149e-08
660.6	5.6559e-08
660.8	5.3183e-08
661.0	5.0009e-08
661.2	4.7024e-08
661.4	4.4217e-08
661.6	4.1578e-08
661.8	3.9097e-08
662.0	3.6763e-08
662.2	3.4569e-08
662.4	3.5058e-08
662.6	3.6189e-08
662.8	3.7358e-08
663.0	3.8564e-08
663.2	3.9809e-08
663.4	4.1094e-08
663.6	4.2421e-08
663.8	4.379e-08
664.0	4.5204e-08
664.2	4.6663e-08
664.4	4.817e-08
664.6	4.9958e-08
664.8	5.489e-08
665.0	6.0309e-08
665.2	6.6263e-08
665.4	7.2805e-08
665.6	7.9993e-08
665.8	8.789e-08
666.0	9.6567e-08
666.2	1.0624e-07
666.4	7.9757e-08
666.6	1.5661e-07
666.8	1.0633e-07
667.0	2.2255e-07
667.2	1.7498e-07
667.4	8.2437e-08
667.6	1.0129e-07
667.8	7.9325e-08
668.0	7.9323e-08
668.2	1.0643e-07
668.4	4.7275e-07
668.6	9.1328e-08
668.8	7.9315e-08
669.0	1.3502e-07
669.2	7.9435e-08
669.4	1.8227e-07
669.6	7.9427e-08
669.8	7.9696e-08
670.0	8.0007e-08
670.2	1.2371e-07
670.4	7.9779e-08
670.6	7.9882e-08
670.8	7.9982e-08
671.0	4.0092e-07
671.2	1.3767e-07
671.4	1.4761e-07
671.6	8.0062e-08
671.8	1.5355e-07
672.0	1.0244e-07
672.2	8.0712e-08
672.4	9.0577e-08
672.6	3.894e-07
672.8	8.0753e-08
673.0	8.0594e-08
673.2	8.0316e-08
673.4	8.0239e-08
673.6	3.9339e-07
673.8	1.0342e-07
674.0	8.0396e-08
674.2	8.0204e-08
674.4	7.9874e-08
674.6	7.9643e-08
674.8	9.3011e-08
675.0	7.9291e-08
675.2	7.9592e-08
675.4	1.0552e-07
675.6	9.6723e-08
675.8	7.9278e-08
676.0	7.9296e-08
676.2	8.4833e-08
676.4	1.6945e-07
676.6	7.936e-08
676.8	7.9322e-08
677.0	7.9314e-08
677.2	7.918e-08
677.4	1.892e-07
677.6	7.8914e-08
677.8	1.5857e-07
678.0	2.8822e-07
678.2	7.9265e-08
678.4	7.9258e-08
678.6	1.1791e-07
678.8	8.2649e-07
679.0	5.2205e-07
679.2	2.7064e-07
679.4	6.3847e-07
679.6	1.3836e-06
679.8	1.6461e-06
680.0	3.0152e-06
680.2	4.7179e-06
680.4	9.2874e-06
680.6	1.7186e-05
680.8	2.83e-05
681.0	5.327e-05
681.2	1.0533e-04
681.4	2.3313e-04
681.6	7.5824e-04
681.8	0.00171
682.0	0.00342
682.2	0.00803
682.4	0.02225
682.6	0.06954
682.8	0.22672
683.0	0.53011
683.2	0.84829
683.4	0.95044
683.6	0.96932
683.8	0.97961
684.0	0.98517
684.2	0.98532
684.4	0.9837
684.6	0.98321
684.8	0.98484
685.0	0.98676
685.2	0.98762
685.4	0.98686
685.6	0.98487
685.8	0.98277
686.0	0.98215
686.2	0.98255
686.4	0.98416
686.6	0.98662
686.8	0.98879
687.0	0.9908
687.2	0.99186
687.4	0.99284
687.6	0.99338
687.8	0.9939
688.0	0.99403
688.2	0.99482
688.4	0.99502
688.6	0.9953
688.8	0.99579
689.0	0.99571
689.2	0.99545
689.4	0.99542
689.6	0.99474
689.8	0.99423
690.0	0.99384
690.2	0.99282
690.4	0.99053
690.6	0.9883
690.8	0.98576
691.0	0.98286
691.2	0.98112
691.4	0.98042
691.6	0.98147
691.8	0.98362
692.0	0.98548
692.2	0.9869
692.4	0.9864
692.6	0.98425
692.8	0.98178
693.0	0.97999
693.2	0.98125
693.4	0.98417
693.6	0.98457
693.8	0.97585
694.0	0.96135
694.2	0.9499
694.4	0.94563
694.6	0.84264
694.8	0.50369
695.0	0.19234
695.2	0.06061
695.4	0.01962
695.6	0.00719
695.8	0.00296
696.0	0.00135
696.2	7.1408e-04
696.4	4.2434e-04
696.6	2.6105e-04
696.8	6.9419e-05
697.0	3.6146e-05
697.2	1.8821e-05
697.4	1.076e-05
697.6	6.3104e-06
697.8	3.6195e-06
698.0	1.9708e-06
698.2	9.4914e-07
698.4	4.3926e-07
698.6	2.5177e-07
698.8	2.5731e-07
699.0	2.6297e-07
699.2	5.7219e-08
699.4	1.3936e-08
699.6	1.3929e-08
699.8	1.3922e-08
700.0	2.1683e-08
700.2	3.7865e-08
700.4	6.0352e-08
700.6	7.8499e-08
700.8	4.8127e-08
701.0	2.342e-08
701.2	1.6938e-08
701.4	3.4824e-08
701.6	7.1597e-08
701.8	3.334e-08
702.0	1.5492e-08
702.2	2.4139e-08
702.4	3.7611e-08
702.6	2.9897e-08
702.8	1.9215e-08
703.0	1.3943e-08
703.2	1.3933e-08
703.4	1.3917e-08
703.6	1.39e-08
703.8	1.7113e-08
704.0	3.5166e-08
704.2	7.2263e-08
704.4	3.2684e-08
704.6	1.385e-08
704.8	1.3845e-08
705.0	1.384e-08
705.2	1.3833e-08
705.4	1.3825e-08
705.6	1.3815e-08
705.8	1.3798e-08
706.0	1.3788e-08
706.2	1.378e-08
706.4	1.7408e-08
706.6	4.2112e-08
706.8	1.0187e-07
707.0	4.0514e-08
707.2	1.6114e-08
707.4	3.0799e-08
707.6	5.8865e-08
707.8	7.9392e-08
708.0	9.5916e-08
708.2	7.5026e-08
708.4	1.8656e-08
708.6	1.3728e-08
708.8	1.3718e-08
709.0	1.371e-08
709.2	1.3709e-08
709.4	1.3707e-08
709.6	1.37e-08
709.8	1.6631e-08
710.0	3.4161e-08
710.2	7.0169e-08
710.4	1.1792e-07
710.6	1.8756e-07
710.8	5.1333e-08
711.0	1.3663e-08
711.2	1.366e-08
711.4	1.6874e-08
711.6	3.692e-08
711.8	8.0782e-08
712.0	9.411e-08
712.2	9.2255e-08
712.4	9.0436e-08
712.6	8.8653e-08
712.8	8.6905e-08
713.0	8.5192e-08
713.2	8.3512e-08
713.4	8.1866e-08
713.6	7.9344e-08
713.8	7.682e-08
714.0	7.4375e-08
714.2	7.2009e-08
714.4	6.9718e-08
714.6	6.7499e-08
714.8	6.5351e-08
715.0	6.3272e-08
715.2	6.1259e-08
715.4	5.931e-08
715.6	5.7422e-08
715.8	5.5595e-08
716.0	5.3826e-08
716.2	5.2114e-08
716.4	5.0455e-08
716.6	4.885e-08
716.8	4.7296e-08
717.0	4.6202e-08
717.2	4.5508e-08
717.4	4.4825e-08
717.6	4.4152e-08
717.8	4.3489e-08
718.0	4.2836e-08
718.2	4.2193e-08
718.4	4.1559e-08
718.6	4.0935e-08
718.8	4.032e-08
719.0	3.9715e-08
719.2	3.9119e-08
719.4	3.8531e-08
719.6	3.7953e-08
719.8	3.7383e-08
720.0	3.6821e-08
720.2	3.6268e-08
720.4	3.5724e-08
720.6	3.5187e-08
720.8	3.4659e-08
721.0	3.4139e-08
721.2	3.3626e-08
721.4	3.3121e-08
721.6	3.2624e-08
721.8	3.2163e-08
722.0	3.3689e-08
722.2	3.5286e-08
722.4	3.6959e-08
722.6	3.8712e-08
722.8	4.0547e-08
723.0	4.247e-08
723.2	4.4484e-08
723.4	4.6593e-08
723.6	4.8802e-08
723.8	5.1117e-08
724.0	5.354e-08
724.2	5.6079e-08
724.4	5.8738e-08
724.6	6.1524e-08
724.8	6.4441e-08
725.0	6.7497e-08
725.2	7.0697e-08
725.4	7.4049e-08
725.6	7.7561e-08
725.8	8.1238e-08
726.0	8.5091e-08
726.2	8.9125e-08
726.4	9.3352e-08
726.6	9.7778e-08
726.8	9.5624e-08
727.0	8.7667e-08
727.2	8.0371e-08
727.4	7.3683e-08
727.6	6.7551e-08
727.8	6.193e-08
728.0	5.6776e-08
728.2	5.2052e-08
728.4	4.772e-08
728.6	4.3749e-08
728.8	4.0108e-08
729.0	3.6771e-08
729.2	3.3711e-08
729.4	3.0906e-08
729.6	2.8334e-08
729.8	2.5976e-08
730.0	2.3814e-08
730.2	2.1832e-08
730.4	2.0016e-08
730.6	1.835e-08
730.8	1.6823e-08
731.0	1.5423e-08
731.2	1.414e-08
731.4	1.2963e-08
731.6	1.1915e-08
731.8	1.2997e-08
732.0	1.4177e-08
732.2	1.5463e-08
732.4	1.6867e-08
732.6	1.8398e-08
732.8	2.0068e-08
733.0	2.1889e-08
733.2	2.3876e-08
733.4	2.6044e-08
733.6	2.8408e-08
733.8	3.0986e-08
734.0	3.3799e-08
734.2	3.6867e-08
734.4	4.0213e-08
734.6	4.3863e-08
734.8	4.7845e-08
735.0	5.2188e-08
735.2	5.6925e-08
735.4	6.2092e-08
735.6	6.7728e-08
735.8	7.3875e-08
736.0	8.0581e-08
736.2	8.7895e-08
736.4	9.5874e-08
736.6	1.0e-07
736.8	1.0e-07
737.0	1.0e-07
737.2	1.0e-07
737.4	1.0e-07
737.6	1.0e-07
737.8	1.0e-07
738.0	1.0e-07
738.2	1.0e-07
738.4	1.0e-07
738.6	1.0e-07
738.8	1.0e-07
739.0	1.0e-07
739.2	1.0e-07
739.4	1.0e-07
739.6	1.0e-07
739.8	1.0e-07
740.0	1.0e-07
740.2	1.0e-07
740.4	1.0e-07
740.6	1.0e-07
740.8	1.0e-07
741.0	1.0e-07
741.2	1.0e-07
741.4	1.0e-07
741.6	1.0e-07
741.8	1.0e-07
742.0	1.0e-07
742.2	1.0e-07
742.4	1.0e-07
742.6	1.0e-07
742.8	1.0e-07
743.0	1.0e-07
743.2	1.0e-07
743.4	1.0e-07
743.6	1.0e-07
743.8	1.0e-07
744.0	1.0e-07
744.2	1.0e-07
744.4	1.0e-07
744.6	1.0e-07
744.8	1.0e-07
745.0	1.0e-07
745.2	1.0e-07
745.4	1.0e-07
745.6	1.0e-07
745.8	1.0e-07
746.0	1.0e-07
746.2	1.0e-07
746.4	1.0e-07
746.6	1.0e-07
746.8	1.0e-07
747.0	1.0e-07
747.2	1.0e-07
747.4	1.0e-07
747.6	1.0e-07
747.8	1.0e-07
748.0	1.0e-07
748.2	1.0e-07
748.4	1.0e-07
748.6	1.0e-07
748.8	1.0e-07
749.0	1.0e-07
749.2	1.0e-07
749.4	1.0e-07
749.6	1.0e-07
749.8	1.0e-07
750.0	1.0e-07
750.2	1.0e-07
750.4	1.0e-07
750.6	1.0e-07
750.8	1.0e-07
751.0	1.0e-07
751.2	1.0e-07
751.4	1.0e-07
751.6	1.0e-07
751.8	1.0e-07
752.0	1.0e-07
752.2	1.0e-07
752.4	1.0e-07
752.6	1.0e-07
752.8	1.0e-07
753.0	1.0e-07
753.2	1.0e-07
753.4	1.0e-07
753.6	1.0e-07
753.8	1.0e-07
754.0	1.0e-07
754.2	1.0e-07
754.4	1.0e-07
754.6	1.0e-07
754.8	1.0e-07
755.0	1.0e-07
755.2	1.0e-07
755.4	1.0e-07
755.6	1.0e-07
755.8	1.0e-07
756.0	1.0e-07
756.2	1.0e-07
756.4	1.0e-07
756.6	1.0e-07
756.8	1.0e-07
757.0	1.0e-07
757.2	1.0e-07
757.4	1.0e-07
757.6	1.0e-07
757.8	1.0e-07
758.0	1.0e-07
758.2	1.0e-07
758.4	1.0e-07
758.6	1.0e-07
758.8	1.0e-07
759.0	1.0e-07
759.2	1.0e-07
759.4	1.0e-07
759.6	1.0e-07
759.8	1.0e-07
760.0	1.0e-07
760.2	1.0e-07
760.4	1.0e-07
760.6	1.0e-07
760.8	1.0e-07
761.0	1.0e-07
761.2	1.0e-07
761.4	1.0e-07
761.6	1.0e-07
761.8	1.0e-07
762.0	1.0e-07
762.2	1.0e-07
762.4	1.0e-07
762.6	1.0e-07
762.8	1.0e-07
763.0	1.0e-07
763.2	1.0e-07
763.4	1.0e-07
763.6	1.0e-07
763.8	1.0e-07
764.0	1.0e-07
764.2	1.0e-07
764.4	1.0e-07
764.6	1.0e-07
764.8	1.0e-07
765.0	1.0e-07
765.2	1.0e-07
765.4	1.0e-07
765.6	1.0e-07
765.8	1.0e-07
766.0	1.0e-07
766.2	1.0e-07
766.4	1.0e-07
766.6	1.0e-07
766.8	1.0e-07
767.0	1.0e-07
767.2	1.0e-07
767.4	1.0e-07
767.6	1.0e-07
767.8	1.0e-07
768.0	1.0e-07
768.2	1.0e-07
768.4	1.0e-07
768.6	1.0e-07
768.8	1.0e-07
769.0	1.0e-07
769.2	1.0e-07
769.4	1.0493e-07
769.6	1.1092e-07
769.8	1.1726e-07
770.0	1.2397e-07
770.2	1.3105e-07
770.4	1.3855e-07
770.6	1.4647e-07
770.8	1.5484e-07
771.0	1.6369e-07
771.2	1.7305e-07
771.4	1.8294e-07
771.6	1.934e-07
771.8	2.0445e-07
772.0	2.1614e-07
772.2	2.285e-07
772.4	2.4156e-07
772.6	2.5448e-07
772.8	2.6492e-07
773.0	2.7579e-07
773.2	2.8711e-07
773.4	2.9888e-07
773.6	3.1115e-07
773.8	3.2391e-07
774.0	3.372e-07
774.2	3.5103e-07
774.4	3.6543e-07
774.6	3.8042e-07
774.8	3.9603e-07
775.0	4.1228e-07
775.2	4.2919e-07
775.4	4.468e-07
775.6	4.8216e-07
775.8	5.2416e-07
776.0	5.6983e-07
776.2	6.1947e-07
776.4	6.7343e-07
776.6	7.321e-07
776.8	7.9588e-07
777.0	8.6521e-07
777.2	9.4059e-07
777.4	1.0225e-06
777.6	1.1116e-06
777.8	1.2085e-06
778.0	1.3137e-06
778.2	1.4282e-06
778.4	1.5526e-06
778.6	1.6879e-06
778.8	1.8349e-06
779.0	1.9947e-06
779.2	2.0656e-06
779.4	2.0939e-06
779.6	2.1226e-06
779.8	2.1516e-06
780.0	2.1811e-06
780.2	2.211e-06
780.4	2.2412e-06
780.6	2.2719e-06
780.8	2.303e-06
781.0	2.3345e-06
781.2	2.3665e-06
781.4	2.3989e-06
781.6	2.4317e-06
781.8	2.465e-06
782.0	2.4988e-06
782.2	2.533e-06
782.4	2.5676e-06
782.6	2.6028e-06
782.8	2.5707e-06
783.0	2.4896e-06
783.2	2.4111e-06
783.4	2.3351e-06
783.6	2.2615e-06
783.8	2.1902e-06
784.0	2.1211e-06
784.2	2.0543e-06
784.4	1.9895e-06
784.6	1.9268e-06
784.8	1.866e-06
785.0	1.8072e-06
785.2	1.7502e-06
785.4	1.695e-06
785.6	1.6416e-06
785.8	1.5898e-06
786.0	1.5397e-06
786.2	1.4912e-06
786.4	1.5123e-06
786.6	1.6192e-06
786.8	1.7336e-06
787.0	1.8561e-06
787.2	1.9872e-06
787.4	2.1277e-06
787.6	2.278e-06
787.8	2.439e-06
788.0	2.6113e-06
788.2	2.7958e-06
788.4	2.9934e-06
788.6	3.2049e-06
788.8	3.4313e-06
789.0	3.6738e-06
789.2	3.9334e-06
789.4	4.2113e-06
789.6	4.5088e-06
789.8	4.8274e-06
790.0	5.095e-06
790.2	5.2394e-06
790.4	5.3878e-06
790.6	5.5405e-06
790.8	5.6974e-06
791.0	5.8588e-06
791.2	6.0248e-06
791.4	6.1955e-06
791.6	6.371e-06
791.8	6.5515e-06
792.0	6.7371e-06
792.2	6.928e-06
792.4	7.1243e-06
792.6	7.3261e-06
792.8	7.5336e-06
793.0	7.7471e-06
793.2	7.9665e-06
793.4	8.1922e-06
793.6	8.3185e-06
793.8	8.1482e-06
794.0	7.9814e-06
794.2	7.818e-06
794.4	7.6579e-06
794.6	7.5011e-06
794.8	7.3475e-06
795.0	7.1971e-06
795.2	6.8839e-06
795.4	6.5843e-06
795.6	6.2977e-06
795.8	6.0236e-06
796.0	5.7615e-06
796.2	5.5107e-06
796.4	5.2709e-06
796.6	5.0415e-06
796.8	4.8221e-06
797.0	4.6122e-06
797.2	4.2872e-06
797.4	3.5414e-06
797.6	2.9254e-06
797.8	2.4165e-06
798.0	1.9962e-06
798.2	1.6489e-06
798.4	1.3621e-06
798.6	1.1252e-06
798.8	9.2944e-07
799.0	7.6776e-07
799.2	6.3421e-07
799.4	5.2389e-07
799.6	4.3276e-07
799.8	3.5748e-07
800.0	2.953e-07
800.2	2.4393e-07
800.4	2.015e-07
800.6	1.6645e-07
800.8	1.3842e-07
801.0	1.2067e-07
801.2	1.0519e-07
801.4	9.1695e-08
801.6	7.9933e-08
801.8	6.968e-08
802.0	6.0741e-08
802.2	5.295e-08
802.4	4.6158e-08
802.6	4.0237e-08
802.8	3.5076e-08
803.0	3.0576e-08
803.2	3.7198e-08
803.4	4.5253e-08
803.6	5.5052e-08
803.8	6.6974e-08
804.0	8.1478e-08
804.2	9.9122e-08
804.4	9.4829e-08
804.6	8.9701e-08
804.8	8.485e-08
805.0	8.0261e-08
805.2	7.5921e-08
805.4	7.1815e-08
805.6	6.7932e-08
805.8	6.4258e-08
806.0	6.0783e-08
806.2	5.7496e-08
806.4	5.4387e-08
806.6	5.1445e-08
806.8	4.8663e-08
807.0	4.6032e-08
807.2	4.3542e-08
807.4	4.1188e-08
807.6	3.896e-08
807.8	3.6853e-08
808.0	3.8168e-08
808.2	4.035e-08
808.4	4.2658e-08
808.6	4.5097e-08
808.8	4.7676e-08
809.0	5.0403e-08
809.2	5.3285e-08
809.4	5.6332e-08
809.6	5.9553e-08
809.8	6.2959e-08
810.0	6.656e-08
810.2	7.0366e-08
810.4	7.439e-08
810.6	7.8644e-08
810.8	8.3141e-08
811.0	8.7896e-08
811.2	9.2922e-08
811.4	9.8236e-08
811.6	9.6273e-08
811.8	9.1043e-08
812.0	8.6096e-08
812.2	8.1419e-08
812.4	7.6996e-08
812.6	7.2813e-08
812.8	6.8857e-08
813.0	6.5116e-08
813.2	6.1578e-08
813.4	5.8233e-08
813.6	5.5069e-08
813.8	5.2078e-08
814.0	4.9248e-08
814.2	4.6573e-08
814.4	4.4043e-08
814.6	4.165e-08
814.8	3.9387e-08
815.0	3.7247e-08
815.2	3.7478e-08
815.4	3.9633e-08
815.6	4.1911e-08
815.8	4.4321e-08
816.0	4.687e-08
816.2	4.9565e-08
816.4	5.2414e-08
816.6	5.5428e-08
816.8	5.8615e-08
817.0	6.1985e-08
817.2	6.5549e-08
817.4	6.9318e-08
817.6	7.3304e-08
817.8	7.7519e-08
818.0	8.1976e-08
818.2	8.6689e-08
818.4	9.1674e-08
818.6	9.6945e-08
818.8	1.0e-07
819.0	1.0e-07
819.2	1.0e-07
819.4	1.0e-07
819.6	1.0e-07
819.8	1.0e-07
820.0	1.0e-07
820.2	1.0e-07
820.4	1.0e-07
820.6	1.0e-07
820.8	1.0e-07
821.0	1.0e-07
821.2	1.0e-07
821.4	1.0e-07
821.6	1.0e-07
821.8	1.0e-07
822.0	1.0e-07
822.2	1.0e-07
822.4	1.0e-07
822.6	1.0e-07
822.8	1.0e-07
823.0	1.0e-07
823.2	1.0e-07
823.4	1.0e-07
823.6	1.0e-07
823.8	1.0e-07
824.0	1.0e-07
824.2	1.0e-07
824.4	1.0e-07
824.6	1.0e-07
824.8	1.0e-07
825.0	1.0e-07
825.2	1.0e-07
825.4	1.0e-07
825.6	1.0e-07
825.8	1.0e-07
826.0	1.0e-07
826.2	1.0e-07
826.4	1.0e-07
826.6	1.0e-07
826.8	1.0e-07
827.0	1.0e-07
827.2	1.0e-07
827.4	1.0e-07
827.6	1.0e-07
827.8	1.0e-07
828.0	1.0e-07
828.2	1.0e-07
828.4	1.0e-07
828.6	1.0e-07
828.8	1.0e-07
829.0	1.0e-07
829.2	1.0e-07
829.4	1.0e-07
829.6	1.0e-07
829.8	1.0e-07
830.0	1.0e-07
830.2	1.0e-07
830.4	1.0e-07
830.6	1.0e-07
830.8	1.0e-07
831.0	1.0e-07
831.2	1.0e-07
831.4	1.0e-07
831.6	1.0e-07
831.8	1.0e-07
832.0	1.0e-07
832.2	1.0e-07
832.4	1.0e-07
832.6	1.0e-07
832.8	1.0e-07
833.0	1.0e-07
833.2	1.0e-07
833.4	1.0e-07
833.6	1.0e-07
833.8	1.0e-07
834.0	1.0e-07
834.2	1.0e-07
834.4	1.0e-07
834.6	1.0e-07
834.8	1.0e-07
835.0	1.0e-07
835.2	1.0e-07
835.4	1.0e-07
835.6	1.0e-07
835.8	1.0e-07
836.0	1.0e-07
836.2	1.0e-07
836.4	1.0e-07
836.6	1.0e-07
836.8	1.0e-07
837.0	1.0e-07
837.2	1.0e-07
837.4	1.0e-07
837.6	1.0e-07
837.8	1.0e-07
838.0	1.0e-07
838.2	1.0e-07
838.4	1.0e-07
838.6	1.0e-07
838.8	1.0e-07
839.0	1.0e-07
839.2	1.0e-07
839.4	1.0e-07
839.6	1.0e-07
839.8	1.0e-07
840.0	1.0e-07
840.2	1.0e-07
840.4	1.0e-07
840.6	9.7387e-08
840.8	9.4737e-08
841.0	9.216e-08
841.2	8.9653e-08
841.4	8.7214e-08
841.6	8.4841e-08
841.8	8.2533e-08
842.0	8.0288e-08
842.2	7.8104e-08
842.4	7.5979e-08
842.6	7.3912e-08
842.8	7.1901e-08
843.0	6.9945e-08
843.2	6.8042e-08
843.4	6.6191e-08
843.6	6.439e-08
843.8	6.2639e-08
844.0	6.0935e-08
844.2	7.3855e-08
844.4	9.1363e-08
844.6	1.1302e-07
844.8	1.3981e-07
845.0	1.7296e-07
845.2	2.1396e-07
845.4	2.6468e-07
845.6	3.2742e-07
845.8	4.0504e-07
846.0	5.0105e-07
846.2	6.1983e-07
846.4	7.6677e-07
846.6	9.4853e-07
846.8	1.1734e-06
847.0	1.4515e-06
847.2	1.7956e-06
847.4	2.2213e-06
847.6	2.7479e-06
847.8	2.8435e-06
848.0	2.8717e-06
848.2	2.9002e-06
848.4	2.929e-06
848.6	2.958e-06
848.8	2.9874e-06
849.0	3.017e-06
849.2	3.0469e-06
849.4	3.0772e-06
849.6	3.1077e-06
849.8	3.1385e-06
850.0	3.1696e-06
850.2	3.2011e-06
850.4	3.2328e-06
850.6	3.2649e-06
850.8	3.2973e-06
851.0	3.33e-06
851.2	3.363e-06
851.4	3.481e-06
851.6	3.6187e-06
851.8	3.7619e-06
852.0	3.9108e-06
852.2	4.0656e-06
852.4	4.2265e-06
852.6	4.3937e-06
852.8	4.5676e-06
853.0	4.7484e-06
853.2	4.9363e-06
853.4	5.1317e-06
853.6	5.3347e-06
853.8	5.5459e-06
854.0	5.7653e-06
854.2	5.9935e-06
854.4	6.2307e-06
854.6	6.4773e-06
854.8	6.7336e-06
855.0	6.7137e-06
855.2	6.6369e-06
855.4	6.5609e-06
855.6	6.4858e-06
855.8	6.4115e-06
856.0	6.3381e-06
856.2	6.2656e-06
856.4	6.1939e-06
856.6	6.123e-06
856.8	6.0529e-06
857.0	5.9836e-06
857.2	5.9151e-06
857.4	5.8474e-06
857.6	5.7804e-06
857.8	5.7142e-06
858.0	5.6488e-06
858.2	5.5842e-06
858.4	5.5202e-06
858.6	5.4345e-06
858.8	5.3454e-06
859.0	5.2578e-06
859.2	5.1716e-06
859.4	5.0868e-06
859.6	5.0034e-06
859.8	4.9214e-06
860.0	4.8407e-06
860.2	4.7613e-06
860.4	4.6833e-06
860.6	4.6065e-06
860.8	4.531e-06
861.0	4.4567e-06
861.2	4.3837e-06
861.4	4.3118e-06
861.6	4.2411e-06
861.8	4.1716e-06
862.0	4.1032e-06
862.2	4.0461e-06
862.4	3.992e-06
862.6	3.9386e-06
862.8	3.8859e-06
863.0	3.834e-06
863.2	3.7827e-06
863.4	3.7321e-06
863.6	3.6822e-06
863.8	3.6329e-06
864.0	3.5843e-06
864.2	3.5364e-06
864.4	3.4891e-06
864.6	3.4424e-06
864.8	3.3964e-06
865.0	3.351e-06
865.2	3.3061e-06
865.4	3.2619e-06
865.6	3.2183e-06
865.8	3.1807e-06
866.0	3.1447e-06
866.2	3.109e-06
866.4	3.0738e-06
866.6	3.0389e-06
866.8	3.0045e-06
867.0	2.9704e-06
867.2	2.9368e-06
867.4	2.9035e-06
867.6	2.8705e-06
867.8	2.838e-06
868.0	2.8058e-06
868.2	2.7873e-06
868.4	2.7688e-06
868.6	2.7505e-06
868.8	2.7323e-06
869.0	2.7143e-06
869.2	2.6963e-06
869.4	2.6848e-06
869.6	2.6905e-06
869.8	2.6962e-06
870.0	2.7019e-06
870.2	2.7076e-06
870.4	2.7133e-06
870.6	2.719e-06
870.8	2.7248e-06
871.0	2.7305e-06
871.2	2.7363e-06
871.4	2.7421e-06
871.6	2.7479e-06
871.8	2.7537e-06
872.0	2.7595e-06
872.2	2.7653e-06
872.4	2.7712e-06
872.6	2.777e-06
872.8	2.7829e-06
873.0	2.7956e-06
873.2	2.8354e-06
873.4	2.8757e-06
873.6	2.9165e-06
873.8	2.958e-06
874.0	3.0e-06
874.2	3.0427e-06
874.4	3.0859e-06
874.6	3.1298e-06
874.8	3.1743e-06
875.0	3.2194e-06
875.2	3.2652e-06
875.4	3.3116e-06
875.6	3.3587e-06
875.8	3.4064e-06
876.0	3.4548e-06
876.2	3.5039e-06
876.4	3.5537e-06
876.6	3.6088e-06
876.8	3.6898e-06
877.0	3.7726e-06
877.2	3.8573e-06
877.4	3.9439e-06
877.6	4.0324e-06
877.8	4.1229e-06
878.0	4.2155e-06
878.2	4.3101e-06
878.4	4.4069e-06
878.6	4.5058e-06
878.8	4.607e-06
879.0	4.7104e-06
879.2	4.8161e-06
879.4	4.9242e-06
879.6	5.0348e-06
879.8	5.1478e-06
880.0	5.2634e-06
880.2	5.3863e-06
880.4	5.5503e-06
880.6	5.7193e-06
880.8	5.8934e-06
881.0	6.0729e-06
881.2	6.2578e-06
881.4	6.4483e-06
881.6	6.6446e-06
881.8	6.8469e-06
882.0	7.0553e-06
882.2	7.2702e-06
882.4	7.4915e-06
882.6	7.7196e-06
882.8	7.9546e-06
883.0	8.1968e-06
883.2	8.4463e-06
883.4	8.7035e-06
883.6	8.9685e-06
883.8	9.2425e-06
884.0	9.5371e-06
884.2	9.8411e-06
884.4	1.0155e-05
884.6	1.0478e-05
884.8	1.0812e-05
885.0	1.1157e-05
885.2	1.1513e-05
885.4	1.1879e-05
885.6	1.2258e-05
885.8	1.2649e-05
886.0	1.3052e-05
886.2	1.3468e-05
886.4	1.3897e-05
886.6	1.434e-05
886.8	1.4797e-05
887.0	1.5269e-05
887.2	1.5755e-05
887.4	1.6259e-05
887.6	1.68e-05
887.8	1.736e-05
888.0	1.7939e-05
888.2	1.8537e-05
888.4	1.9155e-05
888.6	1.9793e-05
888.8	2.0453e-05
889.0	2.1134e-05
889.2	2.1839e-05
889.4	2.2566e-05
889.6	2.3318e-05
889.8	2.4096e-05
890.0	2.4899e-05
890.2	2.5728e-05
890.4	2.6586e-05
890.6	2.7472e-05
890.8	2.8387e-05
891.0	2.9329e-05
891.2	3.0203e-05
891.4	3.1103e-05
891.6	3.203e-05
891.8	3.2984e-05
892.0	3.3967e-05
892.2	3.4979e-05
892.4	3.6022e-05
892.6	3.7095e-05
892.8	3.8201e-05
893.0	3.9339e-05
893.2	4.0511e-05
893.4	4.1719e-05
893.6	4.2962e-05
893.8	4.4242e-05
894.0	4.5561e-05
894.2	4.6918e-05
894.4	4.8316e-05
894.6	4.968e-05
894.8	4.9228e-05
895.0	4.878e-05
895.2	4.8336e-05
895.4	4.7897e-05
895.6	4.7461e-05
895.8	4.7029e-05
896.0	4.6602e-05
896.2	4.6178e-05
896.4	4.5758e-05
896.6	4.5341e-05
896.8	4.4929e-05
897.0	4.452e-05
897.2	4.4115e-05
897.4	4.3714e-05
897.6	4.3316e-05
897.8	4.2922e-05
898.0	4.2532e-05
898.2	4.2078e-05
898.4	4.0242e-05
898.6	3.8485e-05
898.8	3.6806e-05
899.0	3.52e-05
899.2	3.3664e-05
899.4	3.2195e-05
899.6	3.079e-05
899.8	2.9446e-05
900.0	2.8161e-05
900.2	2.6932e-05
900.4	2.5757e-05
900.6	2.4633e-05
900.8	2.3558e-05
901.0	2.253e-05
901.2	2.1547e-05
901.4	2.0606e-05
901.6	1.9707e-05
901.8	1.8857e-05
902.0	1.8186e-05
902.2	1.7539e-05
902.4	1.6915e-05
902.6	1.6313e-05
902.8	1.5733e-05
903.0	1.5173e-05
903.2	1.4634e-05
903.4	1.4113e-05
903.6	1.3611e-05
903.8	1.3127e-05
904.0	1.266e-05
904.2	1.2209e-05
904.4	1.1775e-05
904.6	1.1356e-05
904.8	1.0952e-05
905.0	1.0563e-05
905.2	1.0187e-05
905.4	9.8381e-06
905.6	9.6521e-06
905.8	9.4697e-06
906.0	9.2908e-06
906.2	9.1152e-06
906.4	8.9429e-06
906.6	8.7739e-06
906.8	8.6081e-06
907.0	8.4454e-06
907.2	8.2858e-06
907.4	8.1292e-06
907.6	7.9756e-06
907.8	7.8249e-06
908.0	7.677e-06
908.2	7.5319e-06
908.4	7.3896e-06
908.6	7.2499e-06
908.8	7.1129e-06
909.0	6.9857e-06
909.2	6.9156e-06
909.4	6.8463e-06
909.6	6.7776e-06
909.8	6.7096e-06
910.0	6.6423e-06
910.2	6.5757e-06
910.4	6.5098e-06
910.6	6.4445e-06
910.8	6.3798e-06
911.0	6.3158e-06
911.2	6.2525e-06
911.4	6.1898e-06
911.6	6.1277e-06
911.8	6.0662e-06
912.0	6.0054e-06
912.2	5.9452e-06
912.4	5.8855e-06
912.6	5.8333e-06
912.8	5.8169e-06
913.0	5.8006e-06
913.2	5.7843e-06
913.4	5.768e-06
913.6	5.7518e-06
913.8	5.7356e-06
914.0	5.7195e-06
914.2	5.7034e-06
914.4	5.6874e-06
914.6	5.6714e-06
914.8	5.6555e-06
915.0	5.6396e-06
915.2	5.6237e-06
915.4	5.6079e-06
915.6	5.5922e-06
915.8	5.5765e-06
916.0	5.5608e-06
916.2	5.5294e-06
916.4	5.4397e-06
916.6	5.3515e-06
916.8	5.2647e-06
917.0	5.1793e-06
917.2	5.0953e-06
917.4	5.0127e-06
917.6	4.9313e-06
917.8	4.8514e-06
918.0	4.7727e-06
918.2	4.6953e-06
918.4	4.6191e-06
918.6	4.5442e-06
918.8	4.4705e-06
919.0	4.398e-06
919.2	4.3266e-06
919.4	4.2565e-06
919.6	4.1874e-06
919.8	4.1185e-06
920.0	4.0483e-06
920.2	3.9792e-06
920.4	3.9113e-06
920.6	3.8446e-06
920.8	3.779e-06
921.0	3.7145e-06
921.2	3.6512e-06
921.4	3.5889e-06
921.6	3.5276e-06
921.8	3.4675e-06
922.0	3.4083e-06
922.2	3.3501e-06
922.4	3.293e-06
922.6	3.2368e-06
922.8	3.1816e-06
923.0	3.1273e-06
923.2	3.074e-06
923.4	3.0476e-06
923.6	3.071e-06
923.8	3.0946e-06
924.0	3.1184e-06
924.2	3.1424e-06
924.4	3.1666e-06
924.6	3.191e-06
924.8	3.2155e-06
925.0	3.2403e-06
925.2	3.2652e-06
925.4	3.2903e-06
925.6	3.3156e-06
925.8	3.3411e-06
926.0	3.3668e-06
926.2	3.3927e-06
926.4	3.4188e-06
926.6	3.4451e-06
926.8	3.4717e-06
927.0	3.5053e-06
927.2	3.5488e-06
927.4	3.5929e-06
927.6	3.6375e-06
927.8	3.6826e-06
928.0	3.7283e-06
928.2	3.7746e-06
928.4	3.8215e-06
928.6	3.8689e-06
928.8	3.9169e-06
929.0	3.9656e-06
929.2	4.0148e-06
929.4	4.0646e-06
929.6	4.1151e-06
929.8	4.1662e-06
930.0	4.2179e-06
930.2	4.2702e-06
930.4	4.3232e-06
930.6	4.331e-06
930.8	4.2959e-06
931.0	4.2611e-06
931.2	4.2266e-06
931.4	4.1923e-06
931.6	4.1583e-06
931.8	4.1246e-06
932.0	4.0912e-06
932.2	4.0727e-06
932.4	4.056e-06
932.6	4.0482e-06
932.8	4.0404e-06
933.0	4.0326e-06
933.2	4.0249e-06
933.4	3.9086e-06
933.6	3.7459e-06
933.8	3.59e-06
934.0	3.4406e-06
934.2	3.3309e-06
934.4	3.3717e-06
934.6	3.4131e-06
934.8	3.4549e-06
935.0	3.4973e-06
935.2	3.3871e-06
935.4	3.2188e-06
935.6	3.0589e-06
935.8	2.9069e-06
936.0	2.7932e-06
936.2	2.7944e-06
936.4	2.7957e-06
936.6	2.797e-06
936.8	2.7982e-06
937.0	2.7727e-06
937.2	2.7373e-06
937.4	2.7024e-06
937.6	2.668e-06
937.8	2.6614e-06
938.0	2.7431e-06
938.2	2.8274e-06
938.4	2.9143e-06
938.6	3.0038e-06
938.8	3.0186e-06
939.0	3.0087e-06
939.2	2.9988e-06
939.4	2.9889e-06
939.6	3.021e-06
939.8	3.171e-06
940.0	3.3284e-06
940.2	3.4936e-06
940.4	3.667e-06
940.6	3.8547e-06
940.8	4.0536e-06
941.0	4.2628e-06
941.2	4.4828e-06
941.4	4.7076e-06
941.6	4.9281e-06
941.8	5.1589e-06
942.0	5.4006e-06
942.2	5.6536e-06
942.4	5.8614e-06
942.6	6.0643e-06
942.8	6.2743e-06
943.0	6.4915e-06
943.2	6.7168e-06
943.4	6.9509e-06
943.6	7.1933e-06
943.8	7.4441e-06
944.0	7.7036e-06
944.2	7.959e-06
944.4	8.2206e-06
944.6	8.4908e-06
944.8	8.77e-06
945.0	8.9383e-06
945.2	8.9139e-06
945.4	8.8896e-06
945.6	8.8653e-06
945.8	8.8412e-06
946.0	9.0919e-06
946.2	9.3816e-06
946.4	9.6806e-06
946.6	9.9891e-06
946.8	1.0156e-05
947.0	1.0116e-05
947.2	1.0076e-05
947.4	1.0036e-05
947.6	9.9962e-06
947.8	1.0264e-05
948.0	1.0559e-05
948.2	1.0863e-05
948.4	1.1175e-05
948.6	1.1344e-05
948.8	1.1336e-05
949.0	1.1328e-05
949.2	1.1321e-05
949.4	1.1313e-05
949.6	1.1526e-05
949.8	1.1746e-05
950.0	1.197e-05
950.2	1.2198e-05
950.4	1.2257e-05
950.6	1.2147e-05
950.8	1.2038e-05
951.0	1.193e-05
951.2	1.1834e-05
951.4	1.2114e-05
951.6	1.2401e-05
951.8	1.2695e-05
952.0	1.2996e-05
952.2	1.3291e-05
952.4	1.3581e-05
952.6	1.3878e-05
952.8	1.4181e-05
953.0	1.4494e-05
953.2	1.4848e-05
953.4	1.521e-05
953.6	1.5581e-05
953.8	1.5961e-05
954.0	1.6417e-05
954.2	1.693e-05
954.4	1.746e-05
954.6	1.8006e-05
954.8	1.8561e-05
955.0	1.9073e-05
955.2	1.9599e-05
955.4	2.0139e-05
955.6	2.0695e-05
955.8	2.1616e-05
956.0	2.2774e-05
956.2	2.3994e-05
956.4	2.5279e-05
956.6	2.6485e-05
956.8	2.7057e-05
957.0	2.764e-05
957.2	2.8236e-05
957.4	2.8845e-05
957.6	2.9587e-05
957.8	3.0398e-05
958.0	3.1231e-05
958.2	3.2087e-05
958.4	3.2957e-05
958.6	3.3815e-05
958.8	3.4696e-05
959.0	3.56e-05
959.2	3.6528e-05
959.4	3.7236e-05
959.6	3.7881e-05
959.8	3.8537e-05
960.0	3.9205e-05
960.2	3.9836e-05
960.4	4.0358e-05
960.6	4.0886e-05
960.8	4.1422e-05
961.0	4.1965e-05
961.2	4.2924e-05
961.4	4.3995e-05
961.6	4.5093e-05
961.8	4.6218e-05
962.0	4.7212e-05
962.2	4.7936e-05
962.4	4.8671e-05
962.6	4.9417e-05
962.8	5.0175e-05
963.0	5.1109e-05
963.2	5.2083e-05
963.4	5.3075e-05
963.6	5.4086e-05
963.8	5.5206e-05
964.0	5.648e-05
964.2	5.7783e-05
964.4	5.9116e-05
964.6	6.048e-05
964.8	6.1941e-05
965.0	6.344e-05
965.2	6.4975e-05
965.4	6.6548e-05
965.6	6.8422e-05
965.8	7.0644e-05
966.0	7.2938e-05
966.2	7.5307e-05
966.4	7.7756e-05
966.6	8.0518e-05
966.8	8.3378e-05
967.0	8.634e-05
967.2	8.9407e-05
967.4	9.2598e-05
967.6	9.5915e-05
967.8	9.9351e-05
968.0	1.0291e-04
968.2	1.0669e-04
968.4	1.1159e-04
968.6	1.1673e-04
968.8	1.221e-04
969.0	1.2771e-04
969.2	1.3405e-04
969.4	1.4099e-04
969.6	1.4829e-04
969.8	1.5597e-04
970.0	1.6402e-04
970.2	1.7227e-04
970.4	1.8095e-04
970.6	1.9005e-04
970.8	1.9962e-04
971.0	2.1105e-04
971.2	2.2379e-04
971.4	2.3731e-04
971.6	2.5164e-04
971.8	2.6299e-04
972.0	2.6184e-04
972.2	2.6379e-04
972.4	2.7929e-04
972.6	3.0163e-04
972.8	3.2361e-04
973.0	3.363e-04
973.2	3.711e-04
973.4	4.0016e-04
973.6	4.3103e-04
973.8	4.5501e-04
974.0	4.968e-04
974.2	5.308e-04
974.4	5.6923e-04
974.6	6.187e-04
974.8	6.6925e-04
975.0	7.2023e-04
975.2	7.9483e-04
975.4	8.7054e-04
975.6	9.5348e-04
975.8	0.00104
976.0	0.00115
976.2	0.00126
976.4	0.00139
976.6	0.00154
976.8	0.00171
977.0	0.00188
977.2	0.0021
977.4	0.00231
977.6	0.00258
977.8	0.00289
978.0	0.00317
978.2	0.00351
978.4	0.00388
978.6	0.00423
978.8	0.00458
979.0	0.00494
979.2	0.00522
979.4	0.00549
979.6	0.00566
979.8	0.00574
980.0	0.00577
980.2	0.00565
980.4	0.00558
980.6	0.0054
980.8	0.00519
981.0	0.00494
981.2	0.00463
981.4	0.00443
981.6	0.00417
981.8	0.00391
982.0	0.00371
982.2	0.00349
982.4	0.00328
982.6	0.00315
982.8	0.00292
983.0	0.00277
983.2	0.00265
983.4	0.0025
983.6	0.00238
983.8	0.0023
984.0	0.00218
984.2	0.00211
984.4	0.00201
984.6	0.00194
984.8	0.00188
985.0	0.00179
985.2	0.00173
985.4	0.00168
985.6	0.00163
985.8	0.00157
986.0	0.00153
986.2	0.00146
986.4	0.00145
986.6	0.0014
986.8	0.00139
987.0	0.00135
987.2	0.00133
987.4	0.00128
987.6	0.00128
987.8	0.00124
988.0	0.00122
988.2	0.0012
988.4	0.00117
988.6	0.00114
988.8	0.00113
989.0	0.0011
989.2	0.0011
989.4	0.00109
989.6	0.00106
989.8	0.00103
990.0	0.00102
990.2	0.00102
990.4	9.8472e-04
990.6	9.9147e-04
990.8	9.8596e-04
991.0	9.6451e-04
991.2	9.371e-04
991.4	9.5661e-04
991.6	9.1248e-04
991.8	8.889e-04
992.0	8.6985e-04
992.2	8.8941e-04
992.4	8.5312e-04
992.6	8.5949e-04
992.8	8.4409e-04
993.0	8.5829e-04
993.2	8.1513e-04
993.4	7.9183e-04
993.6	7.8422e-04
993.8	8.0736e-04
994.0	7.6035e-04
994.2	7.7979e-04
994.4	7.4634e-04
994.6	7.5453e-04
994.8	7.2354e-04
995.0	7.2549e-04
995.2	7.0081e-04
995.4	7.114e-04
995.6	6.9314e-04
995.8	7.216e-04
996.0	6.8666e-04
996.2	6.8773e-04
996.4	6.7806e-04
996.6	6.9046e-04
996.8	6.6455e-04
997.0	6.6723e-04
997.2	6.5899e-04
997.4	6.4835e-04
997.6	6.5077e-04
997.8	6.6557e-04
998.0	6.3226e-04
998.2	6.3384e-04
998.4	6.3839e-04
998.6	6.4576e-04
998.8	6.2542e-04
999.0	6.4194e-04
999.2	6.2805e-04
999.4	6.2002e-04
999.6	6.2158e-04
999.8	6.2185e-04
1000.0	6.4015e-04
1000.2	6.6243e-04
1000.4	6.6717e-04
1000.6	6.6574e-04
1000.8	6.6339e-04
1001.0	6.5978e-04
1001.2	6.595e-04
1001.4	6.6072e-04
1001.6	6.6299e-04
1001.8	6.6274e-04
1002.0	6.5935e-04
1002.2	6.6095e-04
1002.4	6.6321e-04
1002.6	6.634e-04
1002.8	6.6548e-04
1003.0	6.6907e-04
1003.2	6.7023e-04
1003.4	6.7144e-04
1003.6	6.7318e-04
1003.8	6.765e-04
1004.0	6.8054e-04
1004.2	6.8407e-04
1004.4	6.8531e-04
1004.6	6.8344e-04
1004.8	6.806e-04
1005.0	6.7866e-04
1005.2	6.8204e-04
1005.4	6.8813e-04
1005.6	6.9655e-04
1005.8	6.9298e-04
1006.0	6.8844e-04
1006.2	6.8406e-04
1006.4	6.8504e-04
1006.6	6.8863e-04
1006.8	6.9094e-04
1007.0	6.9509e-04
1007.2	7.0186e-04
1007.4	7.0105e-04
1007.6	6.995e-04
1007.8	7.044e-04
1008.0	7.0895e-04
1008.2	7.1321e-04
1008.4	7.2245e-04
1008.6	7.3045e-04
1008.8	7.3382e-04
1009.0	7.3644e-04
1009.2	7.388e-04
1009.4	7.4472e-04
1009.6	7.5653e-04
1009.8	7.7714e-04
1010.0	7.9423e-04
1010.2	8.0938e-04
1010.4	8.1849e-04
1010.6	8.3264e-04
1010.8	8.5141e-04
1011.0	8.7871e-04
1011.2	9.0756e-04
1011.4	9.3697e-04
1011.6	9.5886e-04
1011.8	9.7685e-04
1012.0	9.9614e-04
1012.2	0.00102
1012.4	0.00107
1012.6	0.00112
1012.8	0.00117
1013.0	0.00121
1013.2	0.00125
1013.4	0.00129
1013.6	0.00136
1013.8	0.00143
1014.0	0.00152
1014.2	0.00159
1014.4	0.00166
1014.6	0.00173
1014.8	0.00182
1015.0	0.00191
1015.2	0.00201
1015.4	0.00213
1015.6	0.00226
1015.8	0.00239
1016.0	0.00252
1016.2	0.00265
1016.4	0.00279
1016.6	0.00296
1016.8	0.00313
1017.0	0.00331
1017.2	0.00349
1017.4	0.00366
1017.6	0.00382
1017.8	0.004
1018.0	0.00419
1018.2	0.00437
1018.4	0.00457
1018.6	0.00478
1018.8	0.00493
1019.0	0.00507
1019.2	0.00519
1019.4	0.00531
1019.6	0.00543
1019.8	0.00555
1020.0	0.00565
1020.2	0.00573
1020.4	0.00576
1020.6	0.00578
1020.8	0.00575
1021.0	0.00572
1021.2	0.00571
1021.4	0.00567
1021.6	0.00563
1021.8	0.00558
1022.0	0.0055
1022.2	0.00541
1022.4	0.0053
1022.6	0.0052
1022.8	0.00511
1023.0	0.00503
1023.2	0.00494
1023.4	0.00481
1023.6	0.0047
1023.8	0.00461
1024.0	0.00449
1024.2	0.00439
1024.4	0.0043
1024.6	0.00421
1024.8	0.00412
1025.0	0.00404
1025.2	0.004
1025.4	0.00388
1025.6	0.00384
1025.8	0.00373
1026.0	0.00369
1026.2	0.00354
1026.4	0.00351
1026.6	0.00342
1026.8	0.00338
1027.0	0.00326
1027.2	0.00323
1027.4	0.00314
1027.6	0.00309
1027.8	0.00294
1028.0	0.00298
1028.2	0.00282
1028.4	0.00276
1028.6	0.00265
1028.8	0.00262
1029.0	0.00248
1029.2	0.00239
1029.4	0.00229
1029.6	0.0022
1029.8	0.00214
1030.0	0.002
1030.2	0.00192
1030.4	0.00181
1030.6	0.00176
1030.8	0.00162
1031.0	0.00155
1031.2	0.00144
1031.4	0.00139
1031.6	0.00129
1031.8	0.00123
1032.0	0.00114
1032.2	0.00109
1032.4	0.00101
1032.6	9.3917e-04
1032.8	8.9649e-04
1033.0	8.5041e-04
1033.2	8.0958e-04
1033.4	7.4049e-04
1033.6	7.1157e-04
1033.8	6.5761e-04
1034.0	6.4975e-04
1034.2	5.9297e-04
1034.4	5.6074e-04
1034.6	5.2816e-04
1034.8	5.0759e-04
1035.0	4.7264e-04
1035.2	4.4363e-04
1035.4	4.2601e-04
1035.6	4.0162e-04
1035.8	3.972e-04
1036.0	3.5538e-04
1036.2	3.4891e-04
1036.4	3.3329e-04
1036.6	3.2537e-04
1036.8	2.9604e-04
1037.0	2.8408e-04
1037.2	2.7674e-04
1037.4	2.6307e-04
1037.6	2.509e-04
1037.8	2.2838e-04
1038.0	2.2265e-04
1038.2	2.2244e-04
1038.4	2.125e-04
1038.6	2.0444e-04
1038.8	1.9798e-04
1039.0	1.9505e-04
1039.2	1.9012e-04
1039.4	1.7566e-04
1039.6	1.6526e-04
1039.8	1.656e-04
1040.0	1.5653e-04
1040.2	1.5087e-04
1040.4	1.4884e-04
1040.6	1.4806e-04
1040.8	1.4167e-04
1041.0	1.3224e-04
1041.2	1.2907e-04
1041.4	1.2216e-04
1041.6	1.2199e-04
1041.8	1.1986e-04
1042.0	1.2812e-04
1042.2	1.1409e-04
1042.4	1.1584e-04
1042.6	1.03e-04
1042.8	1.0822e-04
1043.0	1.089e-04
1043.2	1.0307e-04
1043.4	1.0429e-04
1043.6	1.0183e-04
1043.8	1.0337e-04
1044.0	9.4872e-05
1044.2	9.9423e-05
1044.4	9.5464e-05
1044.6	9.1056e-05
1044.8	8.9173e-05
1045.0	8.9079e-05
1045.2	8.7038e-05
1045.4	8.6557e-05
1045.6	8.6111e-05
1045.8	8.5667e-05
1046.0	8.5225e-05
1046.2	8.4786e-05
1046.4	8.4348e-05
1046.6	8.3913e-05
1046.8	8.3481e-05
1047.0	8.385e-05
1047.2	8.4341e-05
1047.4	8.4835e-05
1047.6	8.5332e-05
1047.8	8.5832e-05
1048.0	8.6335e-05
1048.2	8.6841e-05
1048.4	8.735e-05
1048.6	8.8531e-05
1048.8	8.9937e-05
1049.0	9.1366e-05
1049.2	9.2818e-05
1049.4	9.4292e-05
1049.6	9.579e-05
1049.8	9.7312e-05
1050.0	9.8858e-05
1050.2	1.0071e-04
1050.4	1.0276e-04
1050.6	1.0485e-04
1050.8	1.0697e-04
1051.0	1.0915e-04
1051.2	1.1136e-04
1051.4	1.1362e-04
1051.6	1.1593e-04
1051.8	1.1934e-04
1052.0	1.2374e-04
1052.2	1.283e-04
1052.4	1.3303e-04
1052.6	1.3793e-04
1052.8	1.4301e-04
1053.0	1.4828e-04
1053.2	1.5375e-04
1053.4	1.6017e-04
1053.6	1.6782e-04
1053.8	1.7583e-04
1054.0	1.8423e-04
1054.2	1.9302e-04
1054.4	2.0224e-04
1054.6	2.119e-04
1054.8	2.2202e-04
1055.0	2.3399e-04
1055.2	2.4931e-04
1055.4	2.6563e-04
1055.6	2.8302e-04
1055.8	3.0155e-04
1056.0	3.2129e-04
1056.2	3.4232e-04
1056.4	3.6473e-04
1056.6	3.8957e-04
1056.8	4.1923e-04
1057.0	4.5115e-04
1057.2	4.855e-04
1057.4	5.2247e-04
1057.6	5.6225e-04
1057.8	6.0505e-04
1058.0	6.5112e-04
1058.2	7.0129e-04
1058.4	7.5896e-04
1058.6	8.2137e-04
1058.8	8.8891e-04
1059.0	9.6201e-04
1059.2	0.00104
1059.4	0.00113
1059.6	0.00122
1059.8	0.00132
1060.0	0.0014
1060.2	0.00149
1060.4	0.00158
1060.6	0.00168
1060.8	0.00179
1061.0	0.0019
1061.2	0.00202
1061.4	0.00215
1061.6	0.00221
1061.8	0.00227
1062.0	0.00233
1062.2	0.0024
1062.4	0.00246
1062.6	0.00253
1062.8	0.0026
1063.0	0.00268
1063.2	0.00271
1063.4	0.00274
1063.6	0.00277
1063.8	0.0028
1064.0	0.00283
1064.2	0.00286
1064.4	0.00289
1064.6	0.00292
1064.8	0.00293
1065.0	0.00292
1065.2	0.00294
1065.4	0.00295
1065.6	0.00295
1065.8	0.00296
1066.0	0.00296
1066.2	0.00299
1066.4	0.00302
1066.6	0.00306
1066.8	0.00309
1067.0	0.00312
1067.2	0.00315
1067.4	0.00317
1067.6	0.00321
1067.8	0.00324
1068.0	0.00328
1068.2	0.00335
1068.4	0.00342
1068.6	0.0035
1068.8	0.00356
1069.0	0.0036
1069.2	0.00365
1069.4	0.00373
1069.6	0.00382
1069.8	0.00392
1070.0	0.00402
1070.2	0.00411
1070.4	0.00419
1070.6	0.00428
1070.8	0.00438
1071.0	0.00449
1071.2	0.00459
1071.4	0.00471
1071.6	0.00483
1071.8	0.00496
1072.0	0.00507
1072.2	0.00516
1072.4	0.00525
1072.6	0.00536
1072.8	0.0055
1073.0	0.00565
1073.2	0.00579
1073.4	0.00591
1073.6	0.00602
1073.8	0.00614
1074.0	0.00624
1074.2	0.00633
1074.4	0.00643
1074.6	0.00658
1074.8	0.00678
1075.0	0.00698
1075.2	0.0071
1075.4	0.00722
1075.6	0.00733
1075.8	0.00739
1076.0	0.00745
1076.2	0.00751
1076.4	0.0076
1076.6	0.00769
1076.8	0.00777
1077.0	0.0078
1077.2	0.00783
1077.4	0.00786
1077.6	0.00788
1077.8	0.00791
1078.0	0.00796
1078.2	0.00803
1078.4	0.00809
1078.6	0.00811
1078.8	0.00811
1079.0	0.00812
1079.2	0.00817
1079.4	0.00821
1079.6	0.00825
1079.8	0.00827
1080.0	0.00828
1080.2	0.0083
1080.4	0.0083
1080.6	0.00831
1080.8	0.00834
1081.0	0.00838
1081.2	0.00842
1081.4	0.00844
1081.6	0.00846
1081.8	0.00848
1082.0	0.00849
1082.2	0.0085
1082.4	0.00851
1082.6	0.00855
1082.8	0.0086
1083.0	0.00864
1083.2	0.00868
1083.4	0.00873
1083.6	0.00878
1083.8	0.00884
1084.0	0.0089
1084.2	0.00894
1084.4	0.00896
1084.6	0.00899
1084.8	0.00903
1085.0	0.00912
1085.2	0.00922
1085.4	0.00931
1085.6	0.00939
1085.8	0.00942
1086.0	0.00944
1086.2	0.00946
1086.4	0.00949
1086.6	0.00953
1086.8	0.00956
1087.0	0.00959
1087.2	0.00964
1087.4	0.00968
1087.6	0.00973
1087.8	0.00975
1088.0	0.00972
1088.2	0.0097
1088.4	0.00968
1088.6	0.00965
1088.8	0.00961
1089.0	0.00958
1089.2	0.00954
1089.4	0.00949
1089.6	0.00944
1089.8	0.00938
1090.0	0.00931
1090.2	0.00922
1090.4	0.00912
1090.6	0.00903
1090.8	0.00892
1091.0	0.00882
1091.2	0.00871
1091.4	0.0086
1091.6	0.00846
1091.8	0.00833
1092.0	0.0082
1092.2	0.00808
1092.4	0.00798
1092.6	0.00787
1092.8	0.00777
1093.0	0.00762
1093.2	0.00748
1093.4	0.00733
1093.6	0.00719
1093.8	0.00704
1094.0	0.00689
1094.2	0.00675
1094.4	0.00661
1094.6	0.00647
1094.8	0.00635
1095.0	0.00623
1095.2	0.00611
1095.4	0.00599
1095.6	0.00587
1095.8	0.00576
1096.0	0.00566
1096.2	0.00557
1096.4	0.00548
1096.6	0.00539
1096.8	0.0053
1097.0	0.00521
1097.2	0.00513
1097.4	0.00505
1097.6	0.00497
1097.8	0.0049
1098.0	0.00482
1098.2	0.00474
1098.4	0.00466
1098.6	0.00458
1098.8	0.0045
1099.0	0.00442
1099.2	0.00434
1099.4	0.00429
1099.6	0.00424
1099.8	0.00419
1100.0	0.00414
1100.2	0.0041
1100.4	0.00405
1100.6	0.00401
1100.8	0.00397
1101.0	0.00394
1101.2	0.00391
1101.4	0.00388
1101.6	0.00385
1101.8	0.00382
1102.0	0.00378
1102.2	0.00375
1102.4	0.00371
1102.6	0.00368
1102.8	0.00365
1103.0	0.00362
1103.2	0.00359
1103.4	0.00356
1103.6	0.00353
1103.8	0.00351
1104.0	0.00348
1104.2	0.00346
1104.4	0.00345
1104.6	0.00344
1104.8	0.00343
1105.0	0.00342
1105.2	0.00341
1105.4	0.0034
1105.6	0.00339
1105.8	0.00338
1106.0	0.00337
1106.2	0.00337
1106.4	0.00337
1106.6	0.00336
1106.8	0.00336
1107.0	0.00336
1107.2	0.00336
1107.4	0.00335
1107.6	0.00335
1107.8	0.00334
1108.0	0.00334
1108.2	0.00333
1108.4	0.00332
1108.6	0.00331
1108.8	0.0033
1109.0	0.00329
