Typical Measured Spectrum of Semrock FF01-711/25 Optical Filter	
For wavelengths between 320 and 1120 nm, values near or below 3e-7 (Optical Density 6.5) are measurement noise limited.
For wavelengths < 320 nm and > 1120 nm, values near or below 3e-6 (Optical Density 5.5) are measurement noise limited. 
Data format:  Wavelength (nm) <tab> Transmission (0 to 1)
270.0	8.0055e-07
270.2	7.938e-07
270.4	7.871e-07
270.6	7.8047e-07
270.8	8.0116e-07
271.0	9.1248e-07
271.2	1.0393e-06
271.4	1.1837e-06
271.6	1.3481e-06
271.8	1.5354e-06
272.0	1.7488e-06
272.2	1.9918e-06
272.4	2.2685e-06
272.6	2.5837e-06
272.8	2.9427e-06
273.0	3.3516e-06
273.2	3.8173e-06
273.4	4.3477e-06
273.6	4.9518e-06
273.8	5.6398e-06
274.0	6.4234e-06
274.2	7.316e-06
274.4	8.3325e-06
274.6	6.3726e-06
274.8	3.631e-06
275.0	2.0688e-06
275.2	1.3015e-06
275.4	8.1878e-07
275.6	6.7089e-07
275.8	7.3192e-07
276.0	7.985e-07
276.2	8.7114e-07
276.4	9.5038e-07
276.6	1.0368e-06
276.8	1.1312e-06
277.0	1.234e-06
277.2	1.3463e-06
277.4	1.4688e-06
277.6	1.6024e-06
277.8	1.7481e-06
278.0	1.9072e-06
278.2	2.0807e-06
278.4	2.2699e-06
278.6	2.4764e-06
278.8	2.7017e-06
279.0	2.9475e-06
279.2	3.2156e-06
279.4	3.0839e-06
279.6	2.8696e-06
279.8	2.6701e-06
280.0	2.4845e-06
280.2	2.3118e-06
280.4	2.1512e-06
280.6	2.0017e-06
280.8	1.8625e-06
281.0	1.7331e-06
281.2	1.6126e-06
281.4	1.5005e-06
281.6	1.3962e-06
281.8	1.2992e-06
282.0	1.2089e-06
282.2	1.1249e-06
282.4	1.0467e-06
282.6	9.7394e-07
282.8	9.0624e-07
283.0	8.4174e-07
283.2	7.7388e-07
283.4	7.115e-07
283.6	6.5414e-07
283.8	6.0141e-07
284.0	5.5293e-07
284.2	5.0836e-07
284.4	4.6738e-07
284.6	4.297e-07
284.8	3.9506e-07
285.0	3.6322e-07
285.2	3.5666e-07
285.4	3.5021e-07
285.6	3.6335e-07
285.8	3.9364e-07
286.0	4.2647e-07
286.2	4.6202e-07
286.4	5.0054e-07
286.6	5.4228e-07
286.8	5.8749e-07
287.0	6.3647e-07
287.2	6.8954e-07
287.4	7.4703e-07
287.6	8.0932e-07
287.8	8.7679e-07
288.0	9.499e-07
288.2	1.0291e-06
288.4	1.1149e-06
288.6	1.2079e-06
288.8	1.3086e-06
289.0	1.4177e-06
289.2	1.5359e-06
289.4	1.6557e-06
289.6	1.7839e-06
289.8	1.922e-06
290.0	2.0708e-06
290.2	2.2311e-06
290.4	2.4038e-06
290.6	2.59e-06
290.8	2.7905e-06
291.0	3.0065e-06
291.2	3.2393e-06
291.4	3.4901e-06
291.6	3.7603e-06
291.8	4.0514e-06
292.0	4.3651e-06
292.2	4.7031e-06
292.4	5.0672e-06
292.6	5.4595e-06
292.8	5.8822e-06
293.0	6.0315e-06
293.2	5.3096e-06
293.4	4.674e-06
293.6	4.1146e-06
293.8	3.6221e-06
294.0	3.1885e-06
294.2	2.8069e-06
294.4	2.4709e-06
294.6	2.1751e-06
294.8	1.9148e-06
295.0	1.6856e-06
295.2	1.481e-06
295.4	1.3013e-06
295.6	1.1433e-06
295.8	1.0046e-06
296.0	8.8266e-07
296.2	7.7554e-07
296.4	6.8142e-07
296.6	5.9872e-07
296.8	5.2605e-07
297.0	4.6221e-07
297.2	4.0611e-07
297.4	3.5682e-07
297.6	3.1352e-07
297.8	2.7547e-07
298.0	2.4609e-07
298.2	2.4342e-07
298.4	2.4078e-07
298.6	2.3817e-07
298.8	2.3559e-07
299.0	2.3304e-07
299.2	2.3052e-07
299.4	2.2802e-07
299.6	2.2555e-07
299.8	2.2311e-07
300.0	2.2069e-07
300.2	2.183e-07
300.4	2.1594e-07
300.6	2.136e-07
300.8	2.1128e-07
301.0	2.0899e-07
301.2	2.0673e-07
301.4	2.0449e-07
301.6	2.0228e-07
301.8	1.9974e-07
302.0	1.969e-07
302.2	1.9409e-07
302.4	1.9132e-07
302.6	1.886e-07
302.8	1.8591e-07
303.0	1.8326e-07
303.2	1.8065e-07
303.4	1.7807e-07
303.6	1.7554e-07
303.8	1.7304e-07
304.0	1.7057e-07
304.2	1.6814e-07
304.4	1.6574e-07
304.6	1.6338e-07
304.8	1.6105e-07
305.0	1.5876e-07
305.2	1.5634e-07
305.4	1.5396e-07
305.6	1.5202e-07
305.8	1.5138e-07
306.0	1.5073e-07
306.2	1.5009e-07
306.4	1.4946e-07
306.6	1.4882e-07
306.8	1.4819e-07
307.0	1.4756e-07
307.2	1.4693e-07
307.4	1.4631e-07
307.6	1.4569e-07
307.8	1.4507e-07
308.0	1.4445e-07
308.2	1.4384e-07
308.4	1.4322e-07
308.6	1.4262e-07
308.8	1.4201e-07
309.0	1.4141e-07
309.2	1.4081e-07
309.4	1.4017e-07
309.6	1.3951e-07
309.8	1.3885e-07
310.0	1.382e-07
310.2	1.3755e-07
310.4	1.369e-07
310.6	1.3625e-07
310.8	1.3561e-07
311.0	1.3497e-07
311.2	1.3434e-07
311.4	1.3371e-07
311.6	1.3308e-07
311.8	1.3245e-07
312.0	1.3182e-07
312.2	1.312e-07
312.4	1.3059e-07
312.6	1.2997e-07
312.8	1.2936e-07
313.0	1.2875e-07
313.2	1.2806e-07
313.4	1.2736e-07
313.6	1.2667e-07
313.8	1.2599e-07
314.0	1.253e-07
314.2	1.2462e-07
314.4	1.2395e-07
314.6	1.2328e-07
314.8	1.2261e-07
315.0	1.2194e-07
315.2	1.2128e-07
315.4	1.2063e-07
315.6	1.1997e-07
315.8	1.1932e-07
316.0	1.1868e-07
316.2	1.1803e-07
316.4	1.1739e-07
316.6	1.1676e-07
316.8	1.1617e-07
317.0	1.1569e-07
317.2	1.1521e-07
317.4	1.1473e-07
317.6	1.1426e-07
317.8	1.1379e-07
318.0	1.1332e-07
318.2	1.1285e-07
318.4	1.1239e-07
318.6	1.1192e-07
318.8	1.1146e-07
319.0	1.11e-07
319.2	1.1055e-07
319.4	1.1009e-07
319.6	1.0964e-07
319.8	1.0918e-07
320.0	1.0873e-07
320.2	1.0829e-07
320.4	1.0784e-07
320.6	1.0749e-07
320.8	1.0719e-07
321.0	1.0689e-07
321.2	1.0659e-07
321.4	1.063e-07
321.6	1.06e-07
321.8	1.0571e-07
322.0	1.0541e-07
322.2	1.0512e-07
322.4	1.0483e-07
322.6	1.0453e-07
322.8	1.0424e-07
323.0	1.0395e-07
323.2	1.0367e-07
323.4	1.0338e-07
323.6	1.0309e-07
323.8	1.028e-07
324.0	1.0252e-07
324.2	1.0223e-07
324.4	1.0104e-07
324.6	9.9855e-08
324.8	9.8687e-08
325.0	9.7532e-08
325.2	9.6392e-08
325.4	9.5264e-08
325.6	9.415e-08
325.8	9.3049e-08
326.0	9.1961e-08
326.2	9.0885e-08
326.4	8.9822e-08
326.6	8.8772e-08
326.8	8.7733e-08
327.0	8.6707e-08
327.2	8.5693e-08
327.4	8.4691e-08
327.6	8.37e-08
327.8	8.2721e-08
328.0	8.5492e-08
328.2	9.519e-08
328.4	1.0599e-07
328.6	1.1801e-07
328.8	1.314e-07
329.0	1.463e-07
329.2	1.629e-07
329.4	1.8138e-07
329.6	2.0195e-07
329.8	2.2486e-07
330.0	2.5037e-07
330.2	2.7877e-07
330.4	3.104e-07
330.6	3.4561e-07
330.8	3.8481e-07
331.0	4.2846e-07
331.2	4.7707e-07
331.4	5.3118e-07
331.6	5.9144e-07
331.8	5.7379e-07
332.0	5.3234e-07
332.2	4.9388e-07
332.4	4.582e-07
332.6	4.251e-07
332.8	3.9439e-07
333.0	3.6589e-07
333.2	3.3946e-07
333.4	3.1493e-07
333.6	2.9218e-07
333.8	2.7107e-07
334.0	2.5149e-07
334.2	2.3332e-07
334.4	2.1646e-07
334.6	2.0083e-07
334.8	1.8632e-07
335.0	1.7286e-07
335.2	1.4996e-07
335.4	1.3009e-07
335.6	1.158e-07
335.8	1.1048e-07
336.0	1.0542e-07
336.2	1.0058e-07
336.4	9.5966e-08
336.6	9.1564e-08
336.8	8.7363e-08
337.0	8.3356e-08
337.2	7.9532e-08
337.4	7.5883e-08
337.6	7.2402e-08
337.8	6.9081e-08
338.0	6.5912e-08
338.2	6.2888e-08
338.4	6.0003e-08
338.6	5.7251e-08
338.8	5.4624e-08
339.0	5.2119e-08
339.2	4.9728e-08
339.4	5.0513e-08
339.6	5.3192e-08
339.8	5.6014e-08
340.0	5.8984e-08
340.2	6.2113e-08
340.4	6.5407e-08
340.6	6.8876e-08
340.8	7.2529e-08
341.0	7.6376e-08
341.2	8.0427e-08
341.4	8.4693e-08
341.6	8.9184e-08
341.8	9.3915e-08
342.0	9.8896e-08
342.2	1.0414e-07
342.4	1.0966e-07
342.6	1.1548e-07
342.8	1.2161e-07
343.0	1.2791e-07
343.2	1.2017e-07
343.4	1.129e-07
343.6	1.0607e-07
343.8	9.9653e-08
344.0	9.3624e-08
344.2	8.796e-08
344.4	8.2639e-08
344.6	7.7639e-08
344.8	7.2942e-08
345.0	6.8529e-08
345.2	6.4384e-08
345.4	6.0488e-08
345.6	5.6829e-08
345.8	5.3391e-08
346.0	5.0161e-08
346.2	4.7126e-08
346.4	4.4275e-08
346.6	4.1597e-08
346.8	4.0068e-08
347.0	4.0132e-08
347.2	4.0197e-08
347.4	4.0262e-08
347.6	4.0326e-08
347.8	4.0391e-08
348.0	4.0456e-08
348.2	4.0521e-08
348.4	4.0586e-08
348.6	4.0652e-08
348.8	4.0717e-08
349.0	4.0782e-08
349.2	4.0848e-08
349.4	4.0914e-08
349.6	4.0979e-08
349.8	4.1045e-08
350.0	4.1111e-08
350.2	4.1177e-08
350.4	4.1244e-08
350.6	4.5657e-08
350.8	5.199e-08
351.0	5.92e-08
351.2	6.7411e-08
351.4	7.6761e-08
351.6	8.7408e-08
351.8	9.9531e-08
352.0	1.1334e-07
352.2	1.2905e-07
352.4	1.4695e-07
352.6	1.6734e-07
352.8	1.9055e-07
353.0	2.1697e-07
353.2	2.4707e-07
353.4	2.8133e-07
353.6	3.2035e-07
353.8	3.6479e-07
354.0	4.1538e-07
354.2	4.7029e-07
354.4	5.1829e-07
354.6	5.7118e-07
354.8	6.2948e-07
355.0	6.9372e-07
355.2	7.6452e-07
355.4	8.4254e-07
355.6	9.2852e-07
355.8	1.0233e-06
356.0	1.1277e-06
356.2	1.2428e-06
356.4	1.3696e-06
356.6	1.5094e-06
356.8	1.6635e-06
357.0	1.8332e-06
357.2	2.0203e-06
357.4	2.2265e-06
357.6	2.4537e-06
357.8	2.7041e-06
358.0	2.4834e-06
358.2	1.9986e-06
358.4	1.6085e-06
358.6	1.2945e-06
358.8	1.0418e-06
359.0	8.3843e-07
359.2	6.7476e-07
359.4	5.4304e-07
359.6	4.3704e-07
359.8	3.5172e-07
360.0	2.8306e-07
360.2	2.2781e-07
360.4	1.8334e-07
360.6	1.4755e-07
360.8	1.1875e-07
361.0	9.5566e-08
361.2	7.6911e-08
361.4	6.1897e-08
361.6	4.9814e-08
361.8	5.7078e-08
362.0	6.5517e-08
362.2	7.5204e-08
362.4	8.6323e-08
362.6	9.9086e-08
362.8	1.1374e-07
363.0	1.3055e-07
363.2	1.4985e-07
363.4	1.7201e-07
363.6	1.9744e-07
363.8	2.2663e-07
364.0	2.6014e-07
364.2	2.986e-07
364.4	3.4275e-07
364.6	3.9343e-07
364.8	4.516e-07
365.0	5.1837e-07
365.2	5.8193e-07
365.4	6.5329e-07
365.6	7.334e-07
365.8	8.2333e-07
366.0	9.2233e-07
366.2	9.3079e-07
366.4	9.3933e-07
366.6	9.4795e-07
366.8	9.5665e-07
367.0	9.6543e-07
367.2	9.7429e-07
367.4	9.8324e-07
367.6	9.9226e-07
367.8	1.0014e-06
368.0	1.0501e-06
368.2	1.1191e-06
368.4	1.1926e-06
368.6	1.2709e-06
368.8	1.3544e-06
369.0	1.4434e-06
369.2	1.5382e-06
369.4	1.6392e-06
369.6	1.7469e-06
369.8	1.812e-06
370.0	1.8036e-06
370.2	1.7951e-06
370.4	1.7867e-06
370.6	1.7783e-06
370.8	1.77e-06
371.0	1.7617e-06
371.2	1.7535e-06
371.4	1.7453e-06
371.6	1.7775e-06
371.8	2.3179e-06
372.0	3.0227e-06
372.2	3.9419e-06
372.4	5.1405e-06
372.6	6.7035e-06
372.8	8.7418e-06
373.0	1.14e-05
373.2	1.4866e-05
373.4	1.9387e-05
373.6	2.3119e-05
373.8	2.6882e-05
374.0	3.1258e-05
374.2	3.6347e-05
374.4	4.2264e-05
374.6	4.9144e-05
374.8	5.7144e-05
375.0	6.6446e-05
375.2	7.7263e-05
375.4	6.9659e-05
375.6	4.741e-05
375.8	3.2267e-05
376.0	2.1961e-05
376.2	1.4947e-05
376.4	1.0173e-05
376.6	6.9234e-06
376.8	4.7121e-06
377.0	3.207e-06
377.2	2.2619e-06
377.4	1.8984e-06
377.6	1.5933e-06
377.8	1.3373e-06
378.0	1.1224e-06
378.2	9.4201e-07
378.4	7.9063e-07
378.6	6.6358e-07
378.8	5.5694e-07
379.0	4.6744e-07
379.2	4.3806e-07
379.4	4.1735e-07
379.6	3.9761e-07
379.8	3.7881e-07
380.0	3.6089e-07
380.2	3.4383e-07
380.4	3.2757e-07
380.6	3.1208e-07
380.8	2.9732e-07
381.0	2.9762e-07
381.2	3.0925e-07
381.4	3.2134e-07
381.6	3.339e-07
381.8	3.4695e-07
382.0	3.6051e-07
382.2	3.746e-07
382.4	3.8924e-07
382.6	4.0445e-07
382.8	3.9429e-07
383.0	3.2348e-07
383.2	2.6539e-07
383.4	2.1773e-07
383.6	1.7863e-07
383.8	1.4655e-07
384.0	1.2024e-07
384.2	9.8645e-08
384.4	8.093e-08
384.6	6.6397e-08
384.8	9.8089e-08
385.0	1.4711e-07
385.2	2.2063e-07
385.4	3.3089e-07
385.6	4.9626e-07
385.8	7.4427e-07
386.0	1.1162e-06
386.2	1.6741e-06
386.4	2.5107e-06
386.6	2.8312e-06
386.8	2.8002e-06
387.0	2.7696e-06
387.2	2.7392e-06
387.4	2.7092e-06
387.6	2.6796e-06
387.8	2.6503e-06
388.0	2.6212e-06
388.2	2.5925e-06
388.4	2.5783e-06
388.6	2.5865e-06
388.8	2.5946e-06
389.0	2.6027e-06
389.2	2.6109e-06
389.4	2.6191e-06
389.6	2.6274e-06
389.8	2.6356e-06
390.0	2.6439e-06
390.2	2.713e-06
390.4	3.4138e-06
390.6	4.2957e-06
390.8	5.4054e-06
391.0	6.8017e-06
391.2	8.5587e-06
391.4	1.077e-05
391.6	1.3552e-05
391.8	1.7052e-05
392.0	2.1457e-05
392.2	2.2557e-05
392.4	2.3713e-05
392.6	2.4928e-05
392.8	2.6205e-05
393.0	2.2872e-05
393.2	1.6926e-05
393.4	1.2526e-05
393.6	9.2696e-06
393.8	6.8599e-06
394.0	5.0766e-06
394.2	3.7569e-06
394.4	2.7802e-06
394.6	2.0575e-06
394.8	1.5226e-06
395.0	1.1268e-06
395.2	8.3387e-07
395.4	6.171e-07
395.6	4.5668e-07
395.8	3.3796e-07
396.0	2.501e-07
396.2	1.8509e-07
396.4	1.3697e-07
396.6	1.0136e-07
396.8	1.0e-07
397.0	1.0e-07
397.2	1.0e-07
397.4	1.0e-07
397.6	1.0e-07
397.8	1.0e-07
398.0	1.0e-07
398.2	1.0e-07
398.4	1.0e-07
398.6	1.0e-07
398.8	1.0e-07
399.0	1.0e-07
399.2	1.0e-07
399.4	1.0e-07
399.6	1.0e-07
399.8	1.0e-07
400.0	1.0e-07
400.2	1.0e-07
400.4	1.0e-07
400.6	1.0e-07
400.8	1.0e-07
401.0	1.0e-07
401.2	1.0e-07
401.4	1.0e-07
401.6	1.0e-07
401.8	1.0e-07
402.0	1.0e-07
402.2	1.0e-07
402.4	1.0e-07
402.6	1.0e-07
402.8	1.0e-07
403.0	1.0e-07
403.2	1.0e-07
403.4	1.0e-07
403.6	1.0e-07
403.8	1.0e-07
404.0	1.0e-07
404.2	1.137e-07
404.4	1.3237e-07
404.6	1.541e-07
404.8	1.7939e-07
405.0	2.0884e-07
405.2	2.4313e-07
405.4	2.8304e-07
405.6	3.295e-07
405.8	3.8358e-07
406.0	4.4655e-07
406.2	5.1985e-07
406.4	6.0519e-07
406.6	7.0454e-07
406.8	8.2019e-07
407.0	9.5482e-07
407.2	1.1116e-06
407.4	1.294e-06
407.6	1.5064e-06
407.8	1.7332e-06
408.0	1.9412e-06
408.2	2.1741e-06
408.4	2.435e-06
408.6	2.7272e-06
408.8	3.0545e-06
409.0	3.4211e-06
409.2	3.8316e-06
409.4	4.2914e-06
409.6	4.8064e-06
409.8	5.3832e-06
410.0	6.0292e-06
410.2	6.7527e-06
410.4	7.5631e-06
410.6	8.4707e-06
410.8	9.4872e-06
411.0	1.0626e-05
411.2	1.1901e-05
411.4	1.3329e-05
411.6	1.3517e-05
411.8	1.3306e-05
412.0	1.3099e-05
412.2	1.2895e-05
412.4	1.2695e-05
412.6	1.2497e-05
412.8	1.2303e-05
413.0	1.2111e-05
413.2	1.1923e-05
413.4	1.1737e-05
413.6	1.1554e-05
413.8	1.1375e-05
414.0	1.1198e-05
414.2	1.1023e-05
414.4	1.0852e-05
414.6	1.0683e-05
414.8	1.0517e-05
415.0	1.0353e-05
415.2	1.0044e-05
415.4	9.327e-06
415.6	8.6612e-06
415.8	8.0428e-06
416.0	7.4687e-06
416.2	6.9355e-06
416.4	6.4403e-06
416.6	5.9806e-06
416.8	5.5536e-06
417.0	5.1571e-06
417.2	4.789e-06
417.4	4.4471e-06
417.6	4.1296e-06
417.8	3.8348e-06
418.0	3.561e-06
418.2	3.3068e-06
418.4	3.0707e-06
418.6	2.8515e-06
418.8	2.6479e-06
419.0	2.5379e-06
419.2	2.4596e-06
419.4	2.3837e-06
419.6	2.3102e-06
419.8	2.2389e-06
420.0	2.1698e-06
420.2	2.1028e-06
420.4	2.038e-06
420.6	1.9751e-06
420.8	1.9141e-06
421.0	1.8551e-06
421.2	1.7978e-06
421.4	1.7424e-06
421.6	1.6886e-06
421.8	1.6365e-06
422.0	1.586e-06
422.2	1.5371e-06
422.4	1.4897e-06
422.6	1.4049e-06
422.8	1.2155e-06
423.0	1.0516e-06
423.2	9.0979e-07
423.4	7.8711e-07
423.6	6.8098e-07
423.8	5.8916e-07
424.0	5.0972e-07
424.2	4.4099e-07
424.4	3.8153e-07
424.6	3.3009e-07
424.8	2.8558e-07
425.0	2.4707e-07
425.2	2.1376e-07
425.4	1.8493e-07
425.6	1.6e-07
425.8	1.3843e-07
426.0	1.1976e-07
426.2	1.0361e-07
426.4	1.0e-07
426.6	1.0e-07
426.8	1.0e-07
427.0	1.0e-07
427.2	1.0e-07
427.4	1.0e-07
427.6	1.0e-07
427.8	1.0e-07
428.0	1.0e-07
428.2	1.0e-07
428.4	1.0e-07
428.6	1.0e-07
428.8	1.0e-07
429.0	1.0e-07
429.2	1.0e-07
429.4	1.0e-07
429.6	1.0e-07
429.8	1.0e-07
430.0	1.0e-07
430.2	1.0e-07
430.4	1.0e-07
430.6	1.0e-07
430.8	1.0e-07
431.0	1.0e-07
431.2	1.0e-07
431.4	1.0e-07
431.6	1.0e-07
431.8	1.0e-07
432.0	1.0e-07
432.2	1.0e-07
432.4	1.0e-07
432.6	1.0e-07
432.8	1.0e-07
433.0	1.0e-07
433.2	1.0e-07
433.4	1.0e-07
433.6	1.0e-07
433.8	1.0e-07
434.0	1.0e-07
434.2	1.0e-07
434.4	1.0e-07
434.6	1.0e-07
434.8	1.0e-07
435.0	1.0e-07
435.2	1.0e-07
435.4	1.0e-07
435.6	1.0e-07
435.8	1.0e-07
436.0	1.0e-07
436.2	1.0e-07
436.4	1.0e-07
436.6	1.0e-07
436.8	1.0e-07
437.0	1.0e-07
437.2	1.0e-07
437.4	1.0e-07
437.6	1.0e-07
437.8	1.0e-07
438.0	1.0e-07
438.2	1.0e-07
438.4	1.0e-07
438.6	1.0e-07
438.8	1.0e-07
439.0	1.0e-07
439.2	1.0e-07
439.4	1.0e-07
439.6	1.0e-07
439.8	1.0e-07
440.0	1.0e-07
440.2	1.0e-07
440.4	1.0e-07
440.6	1.0e-07
440.8	1.0e-07
441.0	1.0e-07
441.2	1.0e-07
441.4	1.0e-07
441.6	1.0e-07
441.8	1.0e-07
442.0	1.0e-07
442.2	1.0e-07
442.4	1.0e-07
442.6	1.0e-07
442.8	1.0e-07
443.0	1.0e-07
443.2	1.0e-07
443.4	1.0e-07
443.6	1.0e-07
443.8	1.0e-07
444.0	1.0e-07
444.2	1.0e-07
444.4	1.0e-07
444.6	1.0e-07
444.8	1.0e-07
445.0	1.0e-07
445.2	1.0e-07
445.4	1.0e-07
445.6	1.0e-07
445.8	1.0e-07
446.0	1.0e-07
446.2	1.0e-07
446.4	1.0e-07
446.6	1.0e-07
446.8	1.0e-07
447.0	1.0e-07
447.2	1.0e-07
447.4	1.0e-07
447.6	1.0e-07
447.8	1.0e-07
448.0	1.0e-07
448.2	1.0e-07
448.4	1.0e-07
448.6	1.0e-07
448.8	1.0e-07
449.0	1.0e-07
449.2	1.0e-07
449.4	1.0e-07
449.6	1.0e-07
449.8	1.0e-07
450.0	1.0e-07
450.2	1.0e-07
450.4	1.0e-07
450.6	1.0e-07
450.8	1.0e-07
451.0	1.0e-07
451.2	1.0e-07
451.4	1.0e-07
451.6	1.0e-07
451.8	1.0e-07
452.0	1.0e-07
452.2	1.0e-07
452.4	1.0e-07
452.6	1.0e-07
452.8	1.0e-07
453.0	1.0e-07
453.2	1.0e-07
453.4	1.0e-07
453.6	1.0e-07
453.8	1.0e-07
454.0	1.0e-07
454.2	1.0e-07
454.4	1.0e-07
454.6	1.0e-07
454.8	1.0e-07
455.0	1.0e-07
455.2	1.0e-07
455.4	1.0e-07
455.6	1.0e-07
455.8	1.0e-07
456.0	1.0e-07
456.2	1.0e-07
456.4	1.0e-07
456.6	1.0e-07
456.8	1.0e-07
457.0	1.0e-07
457.2	1.0e-07
457.4	1.0e-07
457.6	1.0e-07
457.8	1.0e-07
458.0	1.0e-07
458.2	1.0e-07
458.4	1.0e-07
458.6	1.0e-07
458.8	1.0e-07
459.0	1.0e-07
459.2	1.0e-07
459.4	1.0e-07
459.6	1.0e-07
459.8	1.0e-07
460.0	1.0e-07
460.2	1.0e-07
460.4	1.0e-07
460.6	1.0e-07
460.8	1.0e-07
461.0	1.0e-07
461.2	1.0e-07
461.4	1.0e-07
461.6	1.0e-07
461.8	1.0e-07
462.0	1.0e-07
462.2	1.0e-07
462.4	1.0e-07
462.6	1.0e-07
462.8	1.0e-07
463.0	1.0e-07
463.2	1.0e-07
463.4	1.0e-07
463.6	1.0e-07
463.8	1.0e-07
464.0	1.0e-07
464.2	1.0e-07
464.4	1.0e-07
464.6	1.0e-07
464.8	1.0e-07
465.0	1.0e-07
465.2	1.0e-07
465.4	1.0e-07
465.6	1.0e-07
465.8	1.0e-07
466.0	1.0e-07
466.2	1.0e-07
466.4	1.0e-07
466.6	1.0e-07
466.8	1.0e-07
467.0	1.0e-07
467.2	1.0811e-07
467.4	1.6677e-07
467.6	2.5724e-07
467.8	3.9681e-07
468.0	6.1208e-07
468.2	6.045e-07
468.4	5.97e-07
468.6	5.896e-07
468.8	5.8229e-07
469.0	5.7507e-07
469.2	5.6794e-07
469.4	5.609e-07
469.6	5.5395e-07
469.8	5.4708e-07
470.0	5.403e-07
470.2	5.336e-07
470.4	5.2699e-07
470.6	5.2055e-07
470.8	5.1507e-07
471.0	5.0964e-07
471.2	5.0428e-07
471.4	4.9897e-07
471.6	4.9372e-07
471.8	4.8852e-07
472.0	4.8338e-07
472.2	4.7829e-07
472.4	4.7325e-07
472.6	4.6827e-07
472.8	4.6334e-07
473.0	4.5846e-07
473.2	4.5363e-07
473.4	4.4886e-07
473.6	4.4413e-07
473.8	4.3946e-07
474.0	4.3483e-07
474.2	4.3025e-07
474.4	4.2774e-07
474.6	4.2652e-07
474.8	4.2531e-07
475.0	4.2411e-07
475.2	4.229e-07
475.4	4.217e-07
475.6	4.2051e-07
475.8	4.1931e-07
476.0	4.1812e-07
476.2	4.1694e-07
476.4	4.1575e-07
476.6	4.1457e-07
476.8	4.134e-07
477.0	4.1222e-07
477.2	4.1105e-07
477.4	4.0989e-07
477.6	4.0872e-07
477.8	4.0756e-07
478.0	4.0687e-07
478.2	4.0912e-07
478.4	4.1138e-07
478.6	4.1366e-07
478.8	4.1595e-07
479.0	4.1825e-07
479.2	4.2057e-07
479.4	4.229e-07
479.6	4.2524e-07
479.8	4.2759e-07
480.0	4.2996e-07
480.2	4.3234e-07
480.4	4.3473e-07
480.6	4.3714e-07
480.8	4.3956e-07
481.0	4.42e-07
481.2	4.4444e-07
481.4	4.469e-07
481.6	4.4938e-07
481.8	4.4503e-07
482.0	4.375e-07
482.2	4.3009e-07
482.4	4.2281e-07
482.6	4.1566e-07
482.8	4.0863e-07
483.0	4.0171e-07
483.2	3.9491e-07
483.4	3.8823e-07
483.6	3.8166e-07
483.8	3.752e-07
484.0	3.6885e-07
484.2	3.6261e-07
484.4	3.5647e-07
484.6	3.5044e-07
484.8	3.4451e-07
485.0	3.3868e-07
485.2	3.3295e-07
485.4	3.2819e-07
485.6	3.2657e-07
485.8	3.2496e-07
486.0	3.2335e-07
486.2	3.2176e-07
486.4	3.2017e-07
486.6	3.1859e-07
486.8	3.1702e-07
487.0	3.1545e-07
487.2	3.1389e-07
487.4	3.1234e-07
487.6	3.108e-07
487.8	3.0927e-07
488.0	3.0774e-07
488.2	3.0622e-07
488.4	3.0471e-07
488.6	3.0321e-07
488.8	3.0171e-07
489.0	3.0022e-07
489.2	2.9902e-07
489.4	2.9791e-07
489.6	2.968e-07
489.8	2.957e-07
490.0	2.946e-07
490.2	2.9351e-07
490.4	2.9242e-07
490.6	2.9133e-07
490.8	2.9025e-07
491.0	2.8917e-07
491.2	2.8809e-07
491.4	2.8702e-07
491.6	2.8596e-07
491.8	2.8489e-07
492.0	2.8383e-07
492.2	2.8278e-07
492.4	2.8173e-07
492.6	2.8068e-07
492.8	2.7999e-07
493.0	2.7997e-07
493.2	2.7995e-07
493.4	2.7992e-07
493.6	2.799e-07
493.8	2.7987e-07
494.0	2.7985e-07
494.2	2.7983e-07
494.4	2.798e-07
494.6	2.7978e-07
494.8	2.7975e-07
495.0	2.7973e-07
495.2	2.797e-07
495.4	2.7968e-07
495.6	2.7966e-07
495.8	2.7963e-07
496.0	2.7961e-07
496.2	2.7958e-07
496.4	2.7956e-07
496.6	2.6892e-07
496.8	2.5787e-07
497.0	2.4727e-07
497.2	2.3711e-07
497.4	2.2737e-07
497.6	2.1802e-07
497.8	2.0907e-07
498.0	2.0048e-07
498.2	1.9224e-07
498.4	1.8434e-07
498.6	1.7676e-07
498.8	1.695e-07
499.0	1.6254e-07
499.2	1.5586e-07
499.4	1.4945e-07
499.6	1.4331e-07
499.8	1.3742e-07
500.0	1.3178e-07
500.2	1.2297e-07
500.4	1.1475e-07
500.6	1.0709e-07
500.8	1.0e-07
501.0	1.0e-07
501.2	1.0e-07
501.4	1.0e-07
501.6	1.0e-07
501.8	1.0e-07
502.0	1.0e-07
502.2	1.0e-07
502.4	1.0e-07
502.6	1.0e-07
502.8	1.0e-07
503.0	1.0e-07
503.2	1.0e-07
503.4	1.0e-07
503.6	1.0e-07
503.8	1.0e-07
504.0	1.0e-07
504.2	1.0e-07
504.4	1.0e-07
504.6	9.6372e-08
504.8	8.9939e-08
505.0	8.3935e-08
505.2	7.8332e-08
505.4	7.3104e-08
505.6	6.8224e-08
505.8	6.367e-08
506.0	5.942e-08
506.2	5.5454e-08
506.4	5.1752e-08
506.6	4.8297e-08
506.8	4.5074e-08
507.0	4.2065e-08
507.2	3.9257e-08
507.4	3.6637e-08
507.6	3.4191e-08
507.8	3.1909e-08
508.0	2.9779e-08
508.2	2.7953e-08
508.4	2.819e-08
508.6	2.8429e-08
508.8	2.867e-08
509.0	2.8913e-08
509.2	2.9158e-08
509.4	2.9405e-08
509.6	2.9655e-08
509.8	2.9906e-08
510.0	3.016e-08
510.2	3.0415e-08
510.4	3.0673e-08
510.6	3.0933e-08
510.8	3.1196e-08
511.0	3.146e-08
511.2	3.1727e-08
511.4	3.1996e-08
511.6	3.2267e-08
511.8	3.2541e-08
512.0	3.206e-08
512.2	3.1139e-08
512.4	3.0244e-08
512.6	2.9375e-08
512.8	2.8531e-08
513.0	2.7711e-08
513.2	2.6915e-08
513.4	2.6142e-08
513.6	2.539e-08
513.8	2.4661e-08
514.0	2.3952e-08
514.2	2.3264e-08
514.4	2.2595e-08
514.6	2.1946e-08
514.8	2.1315e-08
515.0	2.0703e-08
515.2	2.0108e-08
515.4	1.953e-08
515.6	1.9368e-08
515.8	2.119e-08
516.0	2.3183e-08
516.2	2.5364e-08
516.4	2.775e-08
516.6	3.036e-08
516.8	3.3216e-08
517.0	3.634e-08
517.2	3.9758e-08
517.4	4.3498e-08
517.6	4.759e-08
517.8	5.2066e-08
518.0	5.6964e-08
518.2	6.2322e-08
518.4	6.8184e-08
518.6	7.4597e-08
518.8	8.1614e-08
519.0	8.9291e-08
519.2	9.769e-08
519.4	1.0e-07
519.6	1.0e-07
519.8	1.0e-07
520.0	1.0e-07
520.2	1.0e-07
520.4	1.0e-07
520.6	1.0e-07
520.8	1.0e-07
521.0	1.0e-07
521.2	1.0e-07
521.4	1.0e-07
521.6	1.0e-07
521.8	1.0e-07
522.0	1.0e-07
522.2	1.0e-07
522.4	1.0e-07
522.6	1.0e-07
522.8	1.0e-07
523.0	1.0e-07
523.2	1.0e-07
523.4	1.0e-07
523.6	1.0e-07
523.8	1.0e-07
524.0	1.0e-07
524.2	1.0e-07
524.4	1.0e-07
524.6	1.0e-07
524.8	1.0e-07
525.0	1.0e-07
525.2	1.0e-07
525.4	1.0e-07
525.6	1.0e-07
525.8	1.0e-07
526.0	1.0e-07
526.2	1.0e-07
526.4	1.0e-07
526.6	1.0e-07
526.8	9.0362e-08
527.0	8.0739e-08
527.2	7.2141e-08
527.4	6.4458e-08
527.6	5.7594e-08
527.8	5.146e-08
528.0	4.598e-08
528.2	4.1083e-08
528.4	3.6708e-08
528.6	3.2799e-08
528.8	2.9306e-08
529.0	2.6185e-08
529.2	2.3396e-08
529.4	2.0905e-08
529.6	1.8679e-08
529.8	1.6689e-08
530.0	1.4912e-08
530.2	1.3324e-08
530.4	1.3324e-08
530.6	1.4913e-08
530.8	1.6691e-08
531.0	1.8681e-08
531.2	2.0908e-08
531.4	2.34e-08
531.6	2.619e-08
531.8	2.9313e-08
532.0	3.2807e-08
532.2	3.6719e-08
532.4	4.1097e-08
532.6	4.5996e-08
532.8	5.148e-08
533.0	5.7618e-08
533.2	6.4487e-08
533.4	7.2175e-08
533.6	8.078e-08
533.8	9.0411e-08
534.0	1.0e-07
534.2	1.0e-07
534.4	1.0e-07
534.6	1.0e-07
534.8	1.0e-07
535.0	1.0e-07
535.2	1.0e-07
535.4	1.0e-07
535.6	1.0e-07
535.8	1.0e-07
536.0	1.0e-07
536.2	1.0e-07
536.4	1.0e-07
536.6	1.0e-07
536.8	1.0e-07
537.0	1.0e-07
537.2	1.0e-07
537.4	1.0e-07
537.6	1.0e-07
537.8	1.0e-07
538.0	1.0e-07
538.2	1.0e-07
538.4	1.0e-07
538.6	1.0e-07
538.8	1.0e-07
539.0	1.0e-07
539.2	1.0e-07
539.4	1.0e-07
539.6	1.0e-07
539.8	1.0e-07
540.0	1.0e-07
540.2	1.0e-07
540.4	1.0e-07
540.6	1.0e-07
540.8	1.0e-07
541.0	1.0e-07
541.2	1.0e-07
541.4	9.2363e-08
541.6	7.3606e-08
541.8	5.8659e-08
542.0	4.6747e-08
542.2	3.7254e-08
542.4	2.9689e-08
542.6	2.366e-08
542.8	1.8855e-08
543.0	1.5026e-08
543.2	1.6725e-08
543.4	1.8616e-08
543.6	2.0721e-08
543.8	2.1934e-08
544.0	2.1809e-08
544.2	2.1685e-08
544.4	2.1561e-08
544.6	2.1438e-08
544.8	2.1316e-08
545.0	2.1194e-08
545.2	2.1073e-08
545.4	2.0953e-08
545.6	2.0834e-08
545.8	2.0715e-08
546.0	2.0597e-08
546.2	2.0479e-08
546.4	2.0362e-08
546.6	2.0246e-08
546.8	2.0131e-08
547.0	2.0016e-08
547.2	1.9902e-08
547.4	1.9788e-08
547.6	2.0556e-08
547.8	2.1367e-08
548.0	2.2211e-08
548.2	2.3088e-08
548.4	2.4e-08
548.6	2.4947e-08
548.8	2.5932e-08
549.0	2.6956e-08
549.2	2.802e-08
549.4	2.9127e-08
549.6	3.0277e-08
549.8	3.1472e-08
550.0	3.2715e-08
550.2	3.4006e-08
550.4	3.5349e-08
550.6	3.6745e-08
550.8	3.8196e-08
551.0	3.9704e-08
551.2	4.0257e-08
551.4	3.9928e-08
551.6	3.9601e-08
551.8	3.9277e-08
552.0	3.8956e-08
552.2	3.8637e-08
552.4	3.8321e-08
552.6	3.8007e-08
552.8	3.7696e-08
553.0	3.7388e-08
553.2	3.7082e-08
553.4	3.6779e-08
553.6	3.6478e-08
553.8	3.6179e-08
554.0	3.5883e-08
554.2	3.559e-08
554.4	3.5299e-08
554.6	3.501e-08
554.8	3.4755e-08
555.0	3.4836e-08
555.2	3.4917e-08
555.4	3.4999e-08
555.6	3.5081e-08
555.8	3.5163e-08
556.0	3.5245e-08
556.2	3.5327e-08
556.4	3.541e-08
556.6	3.5492e-08
556.8	3.5575e-08
557.0	3.5659e-08
557.2	3.5742e-08
557.4	3.5825e-08
557.6	3.5909e-08
557.8	3.5993e-08
558.0	3.6077e-08
558.2	3.6162e-08
558.4	3.6246e-08
558.6	3.6427e-08
558.8	3.6661e-08
559.0	3.6897e-08
559.2	3.7134e-08
559.4	3.7373e-08
559.6	3.7614e-08
559.8	3.7856e-08
560.0	3.8099e-08
560.2	3.8344e-08
560.4	3.8591e-08
560.6	3.8839e-08
560.8	3.9089e-08
561.0	3.934e-08
561.2	3.9593e-08
561.4	3.9848e-08
561.6	4.0104e-08
561.8	4.0362e-08
562.0	4.0621e-08
562.2	4.0728e-08
562.4	4.032e-08
562.6	3.9916e-08
562.8	3.9516e-08
563.0	3.912e-08
563.2	3.8728e-08
563.4	3.834e-08
563.6	3.7956e-08
563.8	3.7575e-08
564.0	3.7199e-08
564.2	3.6826e-08
564.4	3.6457e-08
564.6	3.6092e-08
564.8	3.573e-08
565.0	3.5372e-08
565.2	3.5018e-08
565.4	3.4667e-08
565.6	3.4319e-08
565.8	3.3975e-08
566.0	3.4564e-08
566.2	3.5381e-08
566.4	3.6218e-08
566.6	3.7074e-08
566.8	3.7951e-08
567.0	3.8848e-08
567.2	3.9766e-08
567.4	4.0706e-08
567.6	4.1669e-08
567.8	4.2654e-08
568.0	4.3662e-08
568.2	4.4695e-08
568.4	4.5751e-08
568.6	4.6833e-08
568.8	4.794e-08
569.0	4.9074e-08
569.2	5.0234e-08
569.4	5.1421e-08
569.6	5.2095e-08
569.8	5.2014e-08
570.0	5.1933e-08
570.2	5.1852e-08
570.4	5.1772e-08
570.6	5.1691e-08
570.8	5.161e-08
571.0	5.153e-08
571.2	5.145e-08
571.4	5.137e-08
571.6	5.129e-08
571.8	5.121e-08
572.0	5.113e-08
572.2	5.105e-08
572.4	5.0971e-08
572.6	5.0891e-08
572.8	5.0812e-08
573.0	5.0733e-08
573.2	5.0664e-08
573.4	5.1106e-08
573.6	5.1553e-08
573.8	5.2003e-08
574.0	5.2457e-08
574.2	5.2915e-08
574.4	5.3377e-08
574.6	5.3842e-08
574.8	5.4313e-08
575.0	5.4787e-08
575.2	5.5265e-08
575.4	5.5747e-08
575.6	5.6234e-08
575.8	5.6725e-08
576.0	5.722e-08
576.2	5.772e-08
576.4	5.8224e-08
576.6	5.8732e-08
576.8	5.9245e-08
577.0	5.9656e-08
577.2	6.0011e-08
577.4	6.0368e-08
577.6	6.0727e-08
577.8	6.1088e-08
578.0	6.1451e-08
578.2	6.1817e-08
578.4	6.2184e-08
578.6	6.2554e-08
578.8	6.2926e-08
579.0	6.33e-08
579.2	6.3677e-08
579.4	6.4055e-08
579.6	6.4436e-08
579.8	6.4819e-08
580.0	6.5205e-08
580.2	6.5593e-08
580.4	6.5983e-08
580.6	6.6095e-08
580.8	6.5438e-08
581.0	6.4787e-08
581.2	6.4142e-08
581.4	6.3504e-08
581.6	6.2872e-08
581.8	6.2246e-08
582.0	6.1627e-08
582.2	6.1013e-08
582.4	6.0406e-08
582.6	5.9805e-08
582.8	5.921e-08
583.0	5.8621e-08
583.2	5.8038e-08
583.4	5.746e-08
583.6	5.6888e-08
583.8	5.6322e-08
584.0	5.5762e-08
584.2	5.5207e-08
584.4	5.6279e-08
584.6	5.7549e-08
584.8	5.8847e-08
585.0	6.0175e-08
585.2	6.1532e-08
585.4	6.2921e-08
585.6	6.434e-08
585.8	6.5792e-08
586.0	6.7276e-08
586.2	6.8793e-08
586.4	7.0345e-08
586.6	7.1932e-08
586.8	7.3555e-08
587.0	7.5214e-08
587.2	7.6911e-08
587.4	7.8646e-08
587.6	8.0421e-08
587.8	8.2235e-08
588.0	8.3159e-08
588.2	8.3332e-08
588.4	8.3505e-08
588.6	8.3679e-08
588.8	8.3852e-08
589.0	8.4027e-08
589.2	8.4201e-08
589.4	8.4376e-08
589.6	8.4551e-08
589.8	8.4727e-08
590.0	8.4903e-08
590.2	8.5079e-08
590.4	8.5256e-08
590.6	8.5433e-08
590.8	8.561e-08
591.0	8.5788e-08
591.2	8.5966e-08
591.4	8.6145e-08
591.6	8.6655e-08
591.8	8.8433e-08
592.0	9.0247e-08
592.2	9.2098e-08
592.4	9.3987e-08
592.6	9.5915e-08
592.8	9.7882e-08
593.0	9.989e-08
593.2	1.0194e-07
593.4	1.0403e-07
593.6	1.0616e-07
593.8	1.0834e-07
594.0	1.1056e-07
594.2	1.1283e-07
594.4	1.1515e-07
594.6	1.1751e-07
594.8	1.1992e-07
595.0	1.2238e-07
595.2	1.2489e-07
595.4	1.2674e-07
595.6	1.2851e-07
595.8	1.3031e-07
596.0	1.3213e-07
596.2	1.3398e-07
596.4	1.3586e-07
596.6	1.3776e-07
596.8	1.3969e-07
597.0	1.4165e-07
597.2	1.4363e-07
597.4	1.4564e-07
597.6	1.4768e-07
597.8	1.4975e-07
598.0	1.5184e-07
598.2	1.5397e-07
598.4	1.5612e-07
598.6	1.5831e-07
598.8	1.6053e-07
599.0	1.623e-07
599.2	1.6372e-07
599.4	1.6514e-07
599.6	1.6658e-07
599.8	1.6803e-07
600.0	1.695e-07
600.2	1.7098e-07
600.4	1.7247e-07
600.6	1.7397e-07
600.8	1.7548e-07
601.0	1.7701e-07
601.2	1.7856e-07
601.4	1.8011e-07
601.6	1.8168e-07
601.8	1.8326e-07
602.0	1.8486e-07
602.2	1.8647e-07
602.4	1.881e-07
602.6	1.8982e-07
602.8	1.9182e-07
603.0	1.9384e-07
603.2	1.9588e-07
603.4	1.9794e-07
603.6	2.0002e-07
603.8	2.0213e-07
604.0	2.0426e-07
604.2	2.0641e-07
604.4	2.0858e-07
604.6	2.1078e-07
604.8	2.1299e-07
605.0	2.1524e-07
605.2	2.175e-07
605.4	2.1979e-07
605.6	2.2211e-07
605.8	2.2444e-07
606.0	2.2681e-07
606.2	2.2919e-07
606.4	2.291e-07
606.6	2.2886e-07
606.8	2.2862e-07
607.0	2.2838e-07
607.2	2.2814e-07
607.4	2.279e-07
607.6	2.2766e-07
607.8	2.2742e-07
608.0	2.2718e-07
608.2	2.1469e-07
608.4	2.0289e-07
608.6	1.9173e-07
608.8	1.8119e-07
609.0	1.7123e-07
609.2	1.6181e-07
609.4	1.5291e-07
609.6	1.4451e-07
609.8	1.3951e-07
610.0	1.4497e-07
610.2	1.5064e-07
610.4	1.5654e-07
610.6	1.6266e-07
610.8	1.6903e-07
611.0	1.7564e-07
611.2	1.8252e-07
611.4	1.8966e-07
611.6	1.97e-07
611.8	2.019e-07
612.0	2.0691e-07
612.2	2.1206e-07
612.4	2.1733e-07
612.6	2.2273e-07
612.8	2.2827e-07
613.0	2.3394e-07
613.2	2.3975e-07
613.4	2.4571e-07
613.6	2.4179e-07
613.8	2.361e-07
614.0	2.3054e-07
614.2	2.2512e-07
614.4	2.1982e-07
614.6	2.1464e-07
614.8	2.0959e-07
615.0	2.0466e-07
615.2	1.9984e-07
615.4	2.0001e-07
615.6	2.0285e-07
615.8	2.0574e-07
616.0	2.0867e-07
616.2	2.1163e-07
616.4	2.1464e-07
616.6	2.177e-07
616.8	2.2079e-07
617.0	2.2393e-07
617.2	2.2657e-07
617.4	2.2859e-07
617.6	2.3062e-07
617.8	2.3267e-07
618.0	2.3474e-07
618.2	2.3683e-07
618.4	2.3894e-07
618.6	2.4106e-07
618.8	2.4321e-07
619.0	2.3477e-07
619.2	2.0172e-07
619.4	1.7331e-07
619.6	1.4891e-07
619.8	1.2794e-07
620.0	1.0993e-07
620.2	9.4452e-08
620.4	8.4152e-08
620.6	8.4955e-08
620.8	8.5765e-08
621.0	8.6584e-08
621.2	8.741e-08
621.4	8.8244e-08
621.6	8.9086e-08
621.8	8.9937e-08
622.0	9.0795e-08
622.2	9.1661e-08
622.4	9.2536e-08
622.6	9.3419e-08
622.8	9.4311e-08
623.0	9.5211e-08
623.2	9.6119e-08
623.4	9.7037e-08
623.6	9.7963e-08
623.8	9.8897e-08
624.0	9.8841e-08
624.2	9.8418e-08
624.4	9.7997e-08
624.6	9.7577e-08
624.8	9.7159e-08
625.0	9.6743e-08
625.2	9.6329e-08
625.4	9.5916e-08
625.6	9.5505e-08
625.8	9.5096e-08
626.0	9.4689e-08
626.2	9.4284e-08
626.4	9.388e-08
626.6	9.3478e-08
626.8	9.3078e-08
627.0	9.2679e-08
627.2	9.2282e-08
627.4	9.1887e-08
627.6	9.1494e-08
627.8	9.1102e-08
628.0	9.0712e-08
628.2	9.0323e-08
628.4	8.9936e-08
628.6	8.9551e-08
628.8	8.9192e-08
629.0	8.8918e-08
629.2	8.8644e-08
629.4	8.8371e-08
629.6	8.8099e-08
629.8	8.7828e-08
630.0	8.7558e-08
630.2	8.7288e-08
630.4	8.702e-08
630.6	8.6752e-08
630.8	8.6485e-08
631.0	8.6219e-08
631.2	8.5954e-08
631.4	8.5689e-08
631.6	8.5425e-08
631.8	8.5162e-08
632.0	8.49e-08
632.2	8.4639e-08
632.4	8.4379e-08
632.6	8.4119e-08
632.8	8.386e-08
633.0	8.3602e-08
633.2	8.3345e-08
633.4	8.3088e-08
633.6	8.2833e-08
633.8	8.2259e-08
634.0	8.1569e-08
634.2	8.0884e-08
634.4	8.0206e-08
634.6	7.9533e-08
634.8	7.8866e-08
635.0	7.8205e-08
635.2	7.7549e-08
635.4	7.6898e-08
635.6	7.6253e-08
635.8	7.5614e-08
636.0	7.4979e-08
636.2	7.435e-08
636.4	7.3727e-08
636.6	7.3108e-08
636.8	7.2495e-08
637.0	7.1887e-08
637.2	7.1284e-08
637.4	7.0686e-08
637.6	7.0093e-08
637.8	6.9505e-08
638.0	6.8922e-08
638.2	6.8344e-08
638.4	6.7771e-08
638.6	6.7196e-08
638.8	6.6607e-08
639.0	6.6024e-08
639.2	6.5445e-08
639.4	6.4871e-08
639.6	6.4303e-08
639.8	6.3739e-08
640.0	6.318e-08
640.2	6.2627e-08
640.4	6.2078e-08
640.6	6.1534e-08
640.8	6.0994e-08
641.0	6.046e-08
641.2	5.993e-08
641.4	5.9404e-08
641.6	5.8884e-08
641.8	5.8368e-08
642.0	5.7856e-08
642.2	5.7349e-08
642.4	5.6846e-08
642.6	5.6348e-08
642.8	5.5854e-08
643.0	5.5365e-08
643.2	5.4879e-08
643.4	5.4398e-08
643.6	5.4648e-08
643.8	5.5145e-08
644.0	5.5646e-08
644.2	5.6151e-08
644.4	5.6661e-08
644.6	5.7176e-08
644.8	5.7695e-08
645.0	5.822e-08
645.2	5.8748e-08
645.4	5.9282e-08
645.6	5.9821e-08
645.8	6.0364e-08
646.0	6.0913e-08
646.2	6.1466e-08
646.4	6.2024e-08
646.6	6.2588e-08
646.8	6.3156e-08
647.0	6.373e-08
647.2	6.4309e-08
647.4	6.4893e-08
647.6	6.5483e-08
647.8	6.6078e-08
648.0	6.6678e-08
648.2	6.7284e-08
648.4	6.7724e-08
648.6	6.7653e-08
648.8	6.7582e-08
649.0	6.7512e-08
649.2	6.7441e-08
649.4	6.737e-08
649.6	6.73e-08
649.8	6.7229e-08
650.0	6.7159e-08
650.2	6.7088e-08
650.4	6.7018e-08
650.6	6.6948e-08
650.8	6.6878e-08
651.0	6.6808e-08
651.2	6.6738e-08
651.4	6.6668e-08
651.6	6.6598e-08
651.8	6.6528e-08
652.0	6.6459e-08
652.2	6.6389e-08
652.4	6.632e-08
652.6	6.625e-08
652.8	6.6181e-08
653.0	6.6111e-08
653.2	6.6042e-08
653.4	6.5997e-08
653.6	6.5959e-08
653.8	6.5922e-08
654.0	6.5884e-08
654.2	6.5847e-08
654.4	6.581e-08
654.6	6.5772e-08
654.8	6.5735e-08
655.0	6.5698e-08
655.2	6.5661e-08
655.4	6.5623e-08
655.6	6.5586e-08
655.8	6.5549e-08
656.0	6.5512e-08
656.2	6.5475e-08
656.4	6.5437e-08
656.6	6.54e-08
656.8	6.5363e-08
657.0	6.5326e-08
657.2	6.5289e-08
657.4	6.5252e-08
657.6	6.5215e-08
657.8	6.5178e-08
658.0	6.5141e-08
658.2	6.5238e-08
658.4	6.5764e-08
658.6	6.6293e-08
658.8	6.6827e-08
659.0	6.7365e-08
659.2	6.7907e-08
659.4	6.8454e-08
659.6	6.9005e-08
659.8	6.9561e-08
660.0	7.0121e-08
660.2	7.0686e-08
660.4	7.1255e-08
660.6	7.1829e-08
660.8	7.2407e-08
661.0	7.299e-08
661.2	7.3578e-08
661.4	7.417e-08
661.6	7.4767e-08
661.8	7.5369e-08
662.0	7.5976e-08
662.2	7.6588e-08
662.4	7.7205e-08
662.6	7.7826e-08
662.8	7.8453e-08
663.0	7.9085e-08
663.2	7.9457e-08
663.4	7.9735e-08
663.6	8.0014e-08
663.8	8.0294e-08
664.0	8.0575e-08
664.2	8.0857e-08
664.4	8.114e-08
664.6	8.1424e-08
664.8	8.171e-08
665.0	8.1996e-08
665.2	8.2283e-08
665.4	8.2571e-08
665.6	8.286e-08
665.8	8.315e-08
666.0	8.3441e-08
666.2	8.3733e-08
666.4	8.4026e-08
666.6	8.432e-08
666.8	8.4616e-08
667.0	8.4912e-08
667.2	8.5209e-08
667.4	8.5508e-08
667.6	8.5807e-08
667.8	8.6107e-08
668.0	8.6326e-08
668.2	8.6289e-08
668.4	8.6252e-08
668.6	8.6216e-08
668.8	8.6179e-08
669.0	8.6143e-08
669.2	8.6106e-08
669.4	8.6069e-08
669.6	8.6033e-08
669.8	8.5996e-08
670.0	8.596e-08
670.2	8.5923e-08
670.4	8.5887e-08
670.6	8.585e-08
670.8	8.5814e-08
671.0	8.5777e-08
671.2	8.5741e-08
671.4	8.5704e-08
671.6	8.5668e-08
671.8	8.6611e-08
672.0	8.865e-08
672.2	9.0736e-08
672.4	9.2872e-08
672.6	9.5058e-08
672.8	9.7296e-08
673.0	9.9586e-08
673.2	1.0193e-07
673.4	1.0433e-07
673.6	1.0679e-07
673.8	1.093e-07
674.0	1.1187e-07
674.2	1.1451e-07
674.4	1.172e-07
674.6	1.1996e-07
674.8	1.2278e-07
675.0	1.2567e-07
675.2	1.2854e-07
675.4	1.292e-07
675.6	1.2987e-07
675.8	1.3053e-07
676.0	1.3121e-07
676.2	1.3188e-07
676.4	1.3256e-07
676.6	1.3324e-07
676.8	1.3393e-07
677.0	1.3462e-07
677.2	1.3531e-07
677.4	1.36e-07
677.6	1.2812e-07
677.8	1.0514e-07
678.0	8.6288e-08
678.2	7.0815e-08
678.4	5.8116e-08
678.6	4.7695e-08
678.8	3.9142e-08
679.0	3.2123e-08
679.2	3.6922e-08
679.4	6.0688e-08
679.6	9.9752e-08
679.8	1.0e-07
680.0	1.0e-07
680.2	1.1227e-07
680.4	1.415e-07
680.6	9.6239e-08
680.8	6.5047e-08
681.0	6.0639e-08
681.2	7.7969e-08
681.4	9.9055e-08
681.6	3.8332e-08
681.8	2.4809e-08
682.0	2.7134e-08
682.2	2.965e-08
682.4	2.7094e-08
682.6	2.4758e-08
682.8	3.099e-08
683.0	5.2171e-08
683.2	6.7933e-08
683.4	8.7392e-08
683.6	1.0e-07
683.8	1.0e-07
684.0	1.0e-07
684.2	5.1422e-08
684.4	3.3099e-08
684.6	2.8132e-08
684.8	2.3911e-08
685.0	2.1284e-08
685.2	1.8968e-08
685.4	2.7864e-08
685.6	6.9589e-08
685.8	7.7969e-08
686.0	8.5219e-08
686.2	7.4795e-08
686.4	5.1761e-08
686.6	3.582e-08
686.8	4.6665e-08
687.0	5.9909e-08
687.2	7.5441e-08
687.4	9.4999e-08
687.6	9.7563e-08
687.8	9.999e-08
688.0	1.0682e-07
688.2	1.1894e-07
688.4	1.4537e-07
688.6	1.7794e-07
688.8	1.9809e-07
689.0	2.0057e-07
689.2	2.0316e-07
689.4	2.1482e-07
689.6	2.5424e-07
689.8	3.3755e-07
690.0	4.4827e-07
690.2	6.3054e-07
690.4	8.8692e-07
690.6	1.2812e-06
690.8	1.8976e-06
691.0	2.8852e-06
691.2	4.3916e-06
691.4	7.0258e-06
691.6	1.1889e-05
691.8	2.0119e-05
692.0	3.4314e-05
692.2	5.799e-05
692.4	1.0503e-04
692.6	1.9657e-04
692.8	3.7579e-04
693.0	7.7169e-04
693.2	0.00162
693.4	0.00361
693.6	0.00768
693.8	0.01756
694.0	0.04233
694.2	0.10228
694.4	0.22798
694.6	0.42453
694.8	0.61374
695.0	0.76662
695.2	0.86692
695.4	0.92811
695.6	0.96311
695.8	0.979
696.0	0.98352
696.2	0.98233
696.4	0.98177
696.6	0.98189
696.8	0.98278
697.0	0.98382
697.2	0.98415
697.4	0.98268
697.6	0.98092
697.8	0.97895
698.0	0.97805
698.2	0.97816
698.4	0.97917
698.6	0.98103
698.8	0.98294
699.0	0.98564
699.2	0.98693
699.4	0.98809
699.6	0.98735
699.8	0.98694
700.0	0.98484
700.2	0.98323
700.4	0.98184
700.6	0.98075
700.8	0.98043
701.0	0.98094
701.2	0.98232
701.4	0.98347
701.6	0.98511
701.8	0.98647
702.0	0.98771
702.2	0.98789
702.4	0.9877
702.6	0.98724
702.8	0.98596
703.0	0.98518
703.2	0.98375
703.4	0.98258
703.6	0.98135
703.8	0.98111
704.0	0.98063
704.2	0.98193
704.4	0.98276
704.6	0.98413
704.8	0.9858
705.0	0.98688
705.2	0.98851
705.4	0.98979
705.6	0.99035
705.8	0.99058
706.0	0.99108
706.2	0.98984
706.4	0.98886
706.6	0.98761
706.8	0.98636
707.0	0.98451
707.2	0.98306
707.4	0.98183
707.6	0.98104
707.8	0.98029
708.0	0.98031
708.2	0.98049
708.4	0.9806
708.6	0.98142
708.8	0.98308
709.0	0.98384
709.2	0.9847
709.4	0.98599
709.6	0.9868
709.8	0.98781
710.0	0.98808
710.2	0.98825
710.4	0.98822
710.6	0.98812
710.8	0.98736
711.0	0.98705
711.2	0.98634
711.4	0.98564
711.6	0.98481
711.8	0.98442
712.0	0.9842
712.2	0.98376
712.4	0.98313
712.6	0.98312
712.8	0.98333
713.0	0.98405
713.2	0.98406
713.4	0.98469
713.6	0.98547
713.8	0.98622
714.0	0.9868
714.2	0.98747
714.4	0.98797
714.6	0.9884
714.8	0.98896
715.0	0.98863
715.2	0.98856
715.4	0.98869
715.6	0.98844
715.8	0.98769
716.0	0.98742
716.2	0.98685
716.4	0.98633
716.6	0.98551
716.8	0.98462
717.0	0.9841
717.2	0.9838
717.4	0.98341
717.6	0.98377
717.8	0.98439
718.0	0.98425
718.2	0.98454
718.4	0.98491
718.6	0.98507
718.8	0.98495
719.0	0.98398
719.2	0.98249
719.4	0.98085
719.6	0.97866
719.8	0.9758
720.0	0.97289
720.2	0.97028
720.4	0.96797
720.6	0.9658
720.8	0.96459
721.0	0.9645
721.2	0.96554
721.4	0.96762
721.6	0.9697
721.8	0.97146
722.0	0.97222
722.2	0.97095
722.4	0.96741
722.6	0.96168
722.8	0.95355
723.0	0.94485
723.2	0.93931
723.4	0.93594
723.6	0.93676
723.8	0.93377
724.0	0.9354
724.2	0.90228
724.4	0.81127
724.6	0.64325
724.8	0.44514
725.0	0.2745
725.2	0.15961
725.4	0.08848
725.6	0.05073
725.8	0.02969
726.0	0.01792
726.2	0.01105
726.4	0.007
726.6	0.00472
726.8	0.00318
727.0	0.0021
727.2	0.00141
727.4	9.6293e-04
727.6	6.6616e-04
727.8	4.6588e-04
728.0	3.103e-04
728.2	2.2111e-04
728.4	1.5762e-04
728.6	1.1598e-04
728.8	8.563e-05
729.0	6.2616e-05
729.2	4.6317e-05
729.4	3.3978e-05
729.6	2.5019e-05
729.8	1.8878e-05
730.0	1.5123e-05
730.2	1.0903e-05
730.4	9.0169e-06
730.6	6.5518e-06
730.8	4.7858e-06
731.0	3.9476e-06
731.2	3.0204e-06
731.4	2.2508e-06
731.6	2.0116e-06
731.8	1.5904e-06
732.0	6.5245e-07
732.2	1.1526e-06
732.4	7.349e-07
732.6	2.0328e-07
732.8	5.3335e-07
733.0	3.4747e-07
733.2	3.8766e-07
733.4	4.3727e-07
733.6	7.5983e-08
733.8	4.2191e-07
734.0	3.3649e-07
734.2	9.0523e-08
734.4	1.8623e-07
734.6	1.9883e-07
734.8	3.7298e-07
735.0	8.3648e-08
735.2	6.0018e-08
735.4	3.5221e-07
735.6	1.4445e-07
735.8	1.41e-07
736.0	1.0104e-07
736.2	1.1192e-07
736.4	5.6094e-08
736.6	6.528e-08
736.8	9.4073e-08
737.0	6.9462e-08
737.2	7.0092e-08
737.4	4.8227e-08
737.6	4.8223e-08
737.8	1.7167e-07
738.0	7.6949e-08
738.2	1.3089e-07
738.4	5.6189e-08
738.6	5.6393e-08
738.8	5.6584e-08
739.0	5.6616e-08
739.2	6.1775e-08
739.4	1.3596e-07
739.6	5.9664e-08
739.8	6.2321e-08
740.0	7.1361e-08
740.2	8.8197e-08
740.4	6.2446e-08
740.6	6.1993e-08
740.8	1.0827e-07
741.0	5.9452e-08
741.2	5.9291e-08
741.4	5.9304e-08
741.6	5.9309e-08
741.8	5.9306e-08
742.0	6.7173e-08
742.2	7.6026e-08
742.4	8.6047e-08
742.6	9.7388e-08
742.8	1.1022e-07
743.0	1.2475e-07
743.2	1.4119e-07
743.4	1.5748e-07
743.6	1.5272e-07
743.8	1.4811e-07
744.0	1.4363e-07
744.2	1.393e-07
744.4	1.3509e-07
744.6	1.3101e-07
744.8	1.2705e-07
745.0	1.2321e-07
745.2	1.1949e-07
745.4	1.1588e-07
745.6	1.1238e-07
745.8	1.0899e-07
746.0	1.057e-07
746.2	1.0251e-07
746.4	9.941e-08
746.6	9.6408e-08
746.8	9.3496e-08
747.0	9.2368e-08
747.2	9.1865e-08
747.4	9.1364e-08
747.6	9.0867e-08
747.8	9.0372e-08
748.0	8.988e-08
748.2	8.939e-08
748.4	8.8903e-08
748.6	8.8419e-08
748.8	8.7938e-08
749.0	8.7459e-08
749.2	8.6982e-08
749.4	8.6509e-08
749.6	8.6038e-08
749.8	8.5569e-08
750.0	8.5103e-08
750.2	8.4639e-08
750.4	8.4179e-08
750.6	8.372e-08
750.8	8.3264e-08
751.0	8.2811e-08
751.2	8.236e-08
751.4	8.1911e-08
751.6	8.1465e-08
751.8	8.0923e-08
752.0	8.0074e-08
752.2	7.9235e-08
752.4	7.8405e-08
752.6	7.7583e-08
752.8	7.6769e-08
753.0	7.5965e-08
753.2	7.5168e-08
753.4	7.438e-08
753.6	7.3601e-08
753.8	7.2829e-08
754.0	7.2066e-08
754.2	7.131e-08
754.4	7.0563e-08
754.6	6.9823e-08
754.8	6.9091e-08
755.0	6.8367e-08
755.2	6.765e-08
755.4	6.6941e-08
755.6	6.624e-08
755.8	6.5545e-08
756.0	6.4858e-08
756.2	6.4178e-08
756.4	6.3505e-08
756.6	6.284e-08
756.8	6.2954e-08
757.0	6.3328e-08
757.2	6.3705e-08
757.4	6.4084e-08
757.6	6.4465e-08
757.8	6.4849e-08
758.0	6.5235e-08
758.2	6.5623e-08
758.4	6.6013e-08
758.6	6.6406e-08
758.8	6.6801e-08
759.0	6.7199e-08
759.2	6.7598e-08
759.4	6.8001e-08
759.6	6.8405e-08
759.8	6.8812e-08
760.0	6.9222e-08
760.2	6.9633e-08
760.4	7.0048e-08
760.6	7.0464e-08
760.8	7.0884e-08
761.0	7.1305e-08
761.2	7.173e-08
761.4	7.2156e-08
761.6	7.2593e-08
761.8	7.3058e-08
762.0	7.3525e-08
762.2	7.3996e-08
762.4	7.4469e-08
762.6	7.4945e-08
762.8	7.5425e-08
763.0	7.5907e-08
763.2	7.6393e-08
763.4	7.6882e-08
763.6	7.7374e-08
763.8	7.7869e-08
764.0	7.8367e-08
764.2	7.8868e-08
764.4	7.9373e-08
764.6	7.9881e-08
764.8	8.0392e-08
765.0	8.0906e-08
765.2	8.1424e-08
765.4	8.1944e-08
765.6	8.2469e-08
765.8	8.2996e-08
766.0	8.3527e-08
766.2	8.4062e-08
766.4	8.4599e-08
766.6	8.3875e-08
766.8	8.2675e-08
767.0	8.1491e-08
767.2	8.0325e-08
767.4	7.9175e-08
767.6	7.8041e-08
767.8	7.6924e-08
768.0	7.5823e-08
768.2	7.4738e-08
768.4	7.3668e-08
768.6	7.2613e-08
768.8	7.1574e-08
769.0	7.0549e-08
769.2	6.9539e-08
769.4	6.8544e-08
769.6	6.7562e-08
769.8	6.6595e-08
770.0	6.5642e-08
770.2	6.4702e-08
770.4	6.3776e-08
770.6	6.2863e-08
770.8	6.1963e-08
771.0	6.1076e-08
771.2	6.0202e-08
771.4	5.9559e-08
771.6	5.9636e-08
771.8	5.9713e-08
772.0	5.9791e-08
772.2	5.9868e-08
772.4	5.9945e-08
772.6	6.0023e-08
772.8	6.01e-08
773.0	6.0178e-08
773.2	6.0256e-08
773.4	6.0334e-08
773.6	6.0412e-08
773.8	6.049e-08
774.0	6.0568e-08
774.2	6.0646e-08
774.4	6.0725e-08
774.6	6.0803e-08
774.8	6.0882e-08
775.0	6.096e-08
775.2	6.1039e-08
775.4	6.1118e-08
775.6	6.1197e-08
775.8	6.1276e-08
776.0	6.1355e-08
776.2	6.1435e-08
776.4	6.1456e-08
776.6	6.146e-08
776.8	6.1463e-08
777.0	6.1466e-08
777.2	6.1469e-08
777.4	6.1472e-08
777.6	6.1475e-08
777.8	6.1478e-08
778.0	6.1481e-08
778.2	6.1484e-08
778.4	6.1487e-08
778.6	6.149e-08
778.8	6.1493e-08
779.0	6.1497e-08
779.2	6.15e-08
779.4	6.1503e-08
779.6	6.1506e-08
779.8	6.1509e-08
780.0	6.1512e-08
780.2	6.1515e-08
780.4	6.1518e-08
780.6	6.1521e-08
780.8	6.1524e-08
781.0	6.1527e-08
781.2	6.1751e-08
781.4	6.2644e-08
781.6	6.355e-08
781.8	6.4469e-08
782.0	6.5401e-08
782.2	6.6347e-08
782.4	6.7306e-08
782.6	6.8279e-08
782.8	6.9267e-08
783.0	7.0268e-08
783.2	7.1284e-08
783.4	7.2315e-08
783.6	7.3361e-08
783.8	7.4422e-08
784.0	7.5498e-08
784.2	7.659e-08
784.4	7.7697e-08
784.6	7.8821e-08
784.8	7.9961e-08
785.0	8.1117e-08
785.2	8.229e-08
785.4	8.348e-08
785.6	8.4687e-08
785.8	8.5911e-08
786.0	8.7154e-08
786.2	8.8414e-08
786.4	8.8338e-08
786.6	8.6228e-08
786.8	8.4168e-08
787.0	8.2158e-08
787.2	8.0196e-08
787.4	7.8281e-08
787.6	7.6411e-08
787.8	7.4586e-08
788.0	7.2804e-08
788.2	7.1066e-08
788.4	6.9368e-08
788.6	6.7711e-08
788.8	6.6094e-08
789.0	6.4516e-08
789.2	6.2975e-08
789.4	6.1471e-08
789.6	6.0002e-08
789.8	5.8839e-08
790.0	6.0626e-08
790.2	6.2466e-08
790.4	6.4363e-08
790.6	6.6317e-08
790.8	6.833e-08
791.0	7.0404e-08
791.2	7.2542e-08
791.4	7.4744e-08
791.6	7.7013e-08
791.8	7.9351e-08
792.0	8.1761e-08
792.2	8.4243e-08
792.4	8.68e-08
792.6	8.9436e-08
792.8	9.2151e-08
793.0	9.4948e-08
793.2	9.7831e-08
793.4	1.008e-07
793.6	1.0403e-07
793.8	1.076e-07
794.0	1.1128e-07
794.2	1.151e-07
794.4	1.1904e-07
794.6	1.2312e-07
794.8	1.2734e-07
795.0	1.317e-07
795.2	1.3622e-07
795.4	1.4088e-07
795.6	1.4571e-07
795.8	1.5071e-07
796.0	1.5587e-07
796.2	1.5524e-07
796.4	1.5329e-07
796.6	1.5136e-07
796.8	1.4946e-07
797.0	1.4759e-07
797.2	1.4573e-07
797.4	1.439e-07
797.6	1.421e-07
797.8	1.4031e-07
798.0	1.3855e-07
798.2	1.3681e-07
798.4	1.3509e-07
798.6	1.334e-07
798.8	1.3172e-07
799.0	1.3007e-07
799.2	1.2843e-07
799.4	1.2682e-07
799.6	1.2622e-07
799.8	1.2656e-07
800.0	1.269e-07
800.2	1.2725e-07
800.4	1.2759e-07
800.6	1.2793e-07
800.8	1.2828e-07
801.0	1.2863e-07
801.2	1.2897e-07
801.4	1.2932e-07
801.6	1.2967e-07
801.8	1.3002e-07
802.0	1.3037e-07
802.2	1.3072e-07
802.4	1.3107e-07
802.6	1.3143e-07
802.8	1.3178e-07
803.0	1.4159e-07
803.2	1.9301e-07
803.4	2.6311e-07
803.6	3.5866e-07
803.8	4.8892e-07
804.0	6.6647e-07
804.2	8.9991e-07
804.4	8.9317e-07
804.6	8.8647e-07
804.8	8.7983e-07
805.0	8.7324e-07
805.2	8.667e-07
805.4	8.6021e-07
805.6	8.5376e-07
805.8	8.4737e-07
806.0	8.4102e-07
806.2	8.3472e-07
806.4	8.2846e-07
806.6	8.2226e-07
806.8	8.161e-07
807.0	8.0998e-07
807.2	8.0391e-07
807.4	7.9789e-07
807.6	7.9191e-07
807.8	7.8598e-07
808.0	7.7981e-07
808.2	7.7366e-07
808.4	7.6755e-07
808.6	7.6149e-07
808.8	7.5548e-07
809.0	7.4952e-07
809.2	7.436e-07
809.4	7.3773e-07
809.6	7.319e-07
809.8	7.2613e-07
810.0	7.2039e-07
810.2	7.1471e-07
810.4	7.0906e-07
810.6	7.0347e-07
810.8	6.9791e-07
811.0	6.924e-07
811.2	6.8694e-07
811.4	6.8151e-07
811.6	6.7713e-07
811.8	6.7312e-07
812.0	6.6915e-07
812.2	6.6519e-07
812.4	6.6126e-07
812.6	6.5735e-07
812.8	6.5346e-07
813.0	6.496e-07
813.2	6.4576e-07
813.4	6.4194e-07
813.6	6.3815e-07
813.8	6.3438e-07
814.0	6.3063e-07
814.2	6.269e-07
814.4	6.2319e-07
814.6	6.1951e-07
814.8	6.1585e-07
815.0	6.1221e-07
815.2	6.1025e-07
815.4	6.0938e-07
815.6	6.0851e-07
815.8	6.0765e-07
816.0	6.0678e-07
816.2	6.0592e-07
816.4	6.0506e-07
816.6	6.042e-07
816.8	6.0334e-07
817.0	6.0248e-07
817.2	6.0162e-07
817.4	6.0076e-07
817.6	5.9991e-07
817.8	5.9905e-07
818.0	5.982e-07
818.2	5.9735e-07
818.4	5.965e-07
818.6	5.9565e-07
818.8	5.9451e-07
819.0	5.9305e-07
819.2	5.9159e-07
819.4	5.9014e-07
819.6	5.8869e-07
819.8	5.8725e-07
820.0	5.8581e-07
820.2	5.8437e-07
820.4	5.8293e-07
820.6	5.815e-07
820.8	5.8007e-07
821.0	5.7865e-07
821.2	5.7723e-07
821.4	5.7581e-07
821.6	5.744e-07
821.8	5.7299e-07
822.0	5.7158e-07
822.2	5.7018e-07
822.4	5.683e-07
822.6	5.6561e-07
822.8	5.6294e-07
823.0	5.6028e-07
823.2	5.5763e-07
823.4	5.55e-07
823.6	5.5238e-07
823.8	5.4976e-07
824.0	5.4717e-07
824.2	5.4458e-07
824.4	5.4201e-07
824.6	5.3945e-07
824.8	5.369e-07
825.0	5.3436e-07
825.2	5.3183e-07
825.4	5.2932e-07
825.6	5.2682e-07
825.8	5.2433e-07
826.0	5.2224e-07
826.2	5.2123e-07
826.4	5.2022e-07
826.6	5.1922e-07
826.8	5.1821e-07
827.0	5.1721e-07
827.2	5.1621e-07
827.4	5.1521e-07
827.6	5.1422e-07
827.8	5.1322e-07
828.0	5.1223e-07
828.2	5.1124e-07
828.4	5.1025e-07
828.6	5.0927e-07
828.8	5.0828e-07
829.0	5.073e-07
829.2	5.0632e-07
829.4	5.0534e-07
829.6	5.0395e-07
829.8	5.0052e-07
830.0	4.9713e-07
830.2	4.9375e-07
830.4	4.904e-07
830.6	4.8707e-07
830.8	4.8377e-07
831.0	4.8048e-07
831.2	4.7722e-07
831.4	4.7398e-07
831.6	4.7077e-07
831.8	4.6757e-07
832.0	4.644e-07
832.2	4.6124e-07
832.4	4.5811e-07
832.6	4.55e-07
832.8	4.5192e-07
833.0	4.4885e-07
833.2	4.4588e-07
833.4	4.4381e-07
833.6	4.4174e-07
833.8	4.3968e-07
834.0	4.3763e-07
834.2	4.3559e-07
834.4	4.3356e-07
834.6	4.3154e-07
834.8	4.2953e-07
835.0	4.2753e-07
835.2	4.2554e-07
835.4	4.2356e-07
835.6	4.2159e-07
835.8	4.1962e-07
836.0	4.1767e-07
836.2	4.1572e-07
836.4	4.1378e-07
836.6	4.1186e-07
836.8	4.0992e-07
837.0	4.0606e-07
837.2	4.0223e-07
837.4	3.9845e-07
837.6	3.9469e-07
837.8	3.9098e-07
838.0	3.8729e-07
838.2	3.8365e-07
838.4	3.8003e-07
838.6	3.7645e-07
838.8	3.7291e-07
839.0	3.694e-07
839.2	3.6592e-07
839.4	3.6247e-07
839.6	3.5906e-07
839.8	3.5568e-07
840.0	3.5233e-07
840.2	3.4901e-07
840.4	3.4572e-07
840.6	3.441e-07
840.8	3.4258e-07
841.0	3.4106e-07
841.2	3.3955e-07
841.4	3.3805e-07
841.6	3.3656e-07
841.8	3.3507e-07
842.0	3.3359e-07
842.2	3.3211e-07
842.4	3.3064e-07
842.6	3.2918e-07
842.8	3.2773e-07
843.0	3.2628e-07
843.2	3.2483e-07
843.4	3.234e-07
843.6	3.2197e-07
843.8	3.2054e-07
844.0	3.1913e-07
844.2	3.1608e-07
844.4	3.1286e-07
844.6	3.0968e-07
844.8	3.0652e-07
845.0	3.034e-07
845.2	3.0031e-07
845.4	2.9726e-07
845.6	2.9423e-07
845.8	2.9124e-07
846.0	2.8827e-07
846.2	2.8534e-07
846.4	2.8243e-07
846.6	2.7956e-07
846.8	2.7671e-07
847.0	2.7389e-07
847.2	2.7111e-07
847.4	2.6835e-07
847.6	2.6561e-07
847.8	2.6428e-07
848.0	2.6322e-07
848.2	2.6216e-07
848.4	2.611e-07
848.6	2.6005e-07
848.8	2.5901e-07
849.0	2.5796e-07
849.2	2.5693e-07
849.4	2.5589e-07
849.6	2.5486e-07
849.8	2.5384e-07
850.0	2.5281e-07
850.2	2.518e-07
850.4	2.5078e-07
850.6	2.4977e-07
850.8	2.4877e-07
851.0	2.4777e-07
851.2	2.4677e-07
851.4	2.4654e-07
851.6	2.4649e-07
851.8	2.4645e-07
852.0	2.464e-07
852.2	2.4635e-07
852.4	2.463e-07
852.6	2.4626e-07
852.8	2.4621e-07
853.0	2.4616e-07
853.2	2.4612e-07
853.4	2.4607e-07
853.6	2.4602e-07
853.8	2.4598e-07
854.0	2.4593e-07
854.2	2.4588e-07
854.4	2.4584e-07
854.6	2.4579e-07
854.8	2.4574e-07
855.0	2.4461e-07
855.2	2.4316e-07
855.4	2.4172e-07
855.6	2.403e-07
855.8	2.3887e-07
856.0	2.3746e-07
856.2	2.3606e-07
856.4	2.3466e-07
856.6	2.3328e-07
856.8	2.319e-07
857.0	2.3053e-07
857.2	2.2916e-07
857.4	2.2781e-07
857.6	2.2646e-07
857.8	2.2512e-07
858.0	2.2379e-07
858.2	2.2247e-07
858.4	2.2115e-07
858.6	2.1994e-07
858.8	2.1877e-07
859.0	2.176e-07
859.2	2.1644e-07
859.4	2.1529e-07
859.6	2.1414e-07
859.8	2.13e-07
860.0	2.1186e-07
860.2	2.1073e-07
860.4	2.0961e-07
860.6	2.0849e-07
860.8	2.0738e-07
861.0	2.0627e-07
861.2	2.0517e-07
861.4	2.0408e-07
861.6	2.0299e-07
861.8	2.0191e-07
862.0	2.0083e-07
862.2	2.001e-07
862.4	1.9948e-07
862.6	1.9886e-07
862.8	1.9824e-07
863.0	1.9763e-07
863.2	1.9702e-07
863.4	1.9641e-07
863.6	1.958e-07
863.8	1.9519e-07
864.0	1.9459e-07
864.2	1.9399e-07
864.4	1.9339e-07
864.6	1.9279e-07
864.8	1.9219e-07
865.0	1.916e-07
865.2	1.91e-07
865.4	1.9041e-07
865.6	1.8982e-07
865.8	1.8517e-07
866.0	1.7933e-07
866.2	1.7368e-07
866.4	1.6821e-07
866.6	1.629e-07
866.8	1.5777e-07
867.0	1.5279e-07
867.2	1.4798e-07
867.4	1.4331e-07
867.6	1.3879e-07
867.8	1.3442e-07
868.0	1.3018e-07
868.2	1.2276e-07
868.4	1.1576e-07
868.6	1.0916e-07
868.8	1.0294e-07
869.0	9.707e-08
869.2	9.1536e-08
869.4	8.7872e-08
869.6	8.733e-08
869.8	8.679e-08
870.0	8.6254e-08
870.2	8.5721e-08
870.4	8.5192e-08
870.6	8.4665e-08
870.8	8.4142e-08
871.0	8.3622e-08
871.2	8.3106e-08
871.4	8.2592e-08
871.6	8.2082e-08
871.8	8.1575e-08
872.0	8.1071e-08
872.2	8.057e-08
872.4	8.0073e-08
872.6	7.9578e-08
872.8	7.9086e-08
873.0	7.878e-08
873.2	7.8968e-08
873.4	7.9157e-08
873.6	7.9346e-08
873.8	7.9536e-08
874.0	7.9726e-08
874.2	7.9916e-08
874.4	8.0107e-08
874.6	8.0298e-08
874.8	8.049e-08
875.0	8.0683e-08
875.2	8.0875e-08
875.4	8.1069e-08
875.6	8.1262e-08
875.8	8.1456e-08
876.0	8.1651e-08
876.2	8.1846e-08
876.4	8.2042e-08
876.6	8.1976e-08
876.8	8.0935e-08
877.0	7.9906e-08
877.2	7.8891e-08
877.4	7.7889e-08
877.6	7.6899e-08
877.8	7.5923e-08
878.0	7.4958e-08
878.2	7.4006e-08
878.4	7.3066e-08
878.6	7.2137e-08
878.8	7.1221e-08
879.0	7.0316e-08
879.2	6.9423e-08
879.4	6.8541e-08
879.6	6.767e-08
879.8	6.681e-08
880.0	6.5962e-08
880.2	6.544e-08
880.4	6.666e-08
880.6	6.7903e-08
880.8	6.9169e-08
881.0	7.0459e-08
881.2	7.1772e-08
881.4	7.3111e-08
881.6	7.4474e-08
881.8	7.5862e-08
882.0	7.7277e-08
882.2	7.8718e-08
882.4	8.0185e-08
882.6	8.1681e-08
882.8	8.3203e-08
883.0	8.4755e-08
883.2	8.6335e-08
883.4	8.7945e-08
883.6	8.9585e-08
883.8	9.073e-08
884.0	8.7902e-08
884.2	8.5162e-08
884.4	8.2508e-08
884.6	7.9936e-08
884.8	7.7444e-08
885.0	7.5031e-08
885.2	7.2692e-08
885.4	7.0426e-08
885.6	6.8231e-08
885.8	6.6104e-08
886.0	6.4044e-08
886.2	6.2047e-08
886.4	6.0113e-08
886.6	5.824e-08
886.8	5.6424e-08
887.0	5.4666e-08
887.2	5.2962e-08
887.4	5.1451e-08
887.6	5.1581e-08
887.8	5.1712e-08
888.0	5.1842e-08
888.2	5.1973e-08
888.4	5.2105e-08
888.6	5.2236e-08
888.8	5.2368e-08
889.0	5.25e-08
889.2	5.2633e-08
889.4	5.2766e-08
889.6	5.2899e-08
889.8	5.3033e-08
890.0	5.3167e-08
890.2	5.3301e-08
890.4	5.3436e-08
890.6	5.3571e-08
890.8	5.3706e-08
891.0	5.4104e-08
891.2	5.8812e-08
891.4	6.393e-08
891.6	6.9493e-08
891.8	7.554e-08
892.0	8.2113e-08
892.2	8.9258e-08
892.4	9.7025e-08
892.6	1.0547e-07
892.8	1.1465e-07
893.0	1.2462e-07
893.2	1.3547e-07
893.4	1.4725e-07
893.6	1.6007e-07
893.8	1.74e-07
894.0	1.8914e-07
894.2	2.056e-07
894.4	2.2349e-07
894.6	2.4142e-07
894.8	2.2851e-07
895.0	2.1628e-07
895.2	2.0471e-07
895.4	1.9375e-07
895.6	1.8338e-07
895.8	1.7357e-07
896.0	1.6428e-07
896.2	1.5549e-07
896.4	1.4717e-07
896.6	1.393e-07
896.8	1.3184e-07
897.0	1.2479e-07
897.2	1.1811e-07
897.4	1.1179e-07
897.6	1.0581e-07
897.8	1.0015e-07
898.0	9.4788e-08
898.2	8.9769e-08
898.4	8.6243e-08
898.6	8.2856e-08
898.8	7.9601e-08
899.0	7.6474e-08
899.2	7.347e-08
899.4	7.0585e-08
899.6	6.7812e-08
899.8	6.5148e-08
900.0	6.259e-08
900.2	6.0131e-08
900.4	5.7769e-08
900.6	5.55e-08
900.8	5.332e-08
901.0	5.1226e-08
901.2	4.9214e-08
901.4	4.728e-08
901.6	4.5423e-08
901.8	4.3819e-08
902.0	4.6126e-08
902.2	4.8554e-08
902.4	5.111e-08
902.6	5.38e-08
902.8	5.6633e-08
903.0	5.9614e-08
903.2	6.2752e-08
903.4	6.6055e-08
903.6	6.9533e-08
903.8	7.3193e-08
904.0	7.7046e-08
904.2	8.1102e-08
904.4	8.5372e-08
904.6	8.9866e-08
904.8	9.4596e-08
905.0	9.9576e-08
905.2	1.0482e-07
905.4	1.0993e-07
905.6	1.0886e-07
905.8	1.0781e-07
906.0	1.0676e-07
906.2	1.0572e-07
906.4	1.0469e-07
906.6	1.0368e-07
906.8	1.0267e-07
907.0	1.0167e-07
907.2	1.0068e-07
907.4	9.9704e-08
907.6	9.8735e-08
907.8	9.7776e-08
908.0	9.6825e-08
908.2	9.5884e-08
908.4	9.4953e-08
908.6	9.403e-08
908.8	9.3116e-08
909.0	9.2361e-08
909.2	9.3227e-08
909.4	9.4102e-08
909.6	9.4985e-08
909.8	9.5876e-08
910.0	9.6775e-08
910.2	9.7683e-08
910.4	9.86e-08
910.6	9.9525e-08
910.8	1.0046e-07
911.0	1.014e-07
911.2	1.0235e-07
911.4	1.0331e-07
911.6	1.0428e-07
911.8	1.0526e-07
912.0	1.0625e-07
912.2	1.0724e-07
912.4	1.0825e-07
912.6	1.1004e-07
912.8	1.1783e-07
913.0	1.2617e-07
913.2	1.3509e-07
913.4	1.4465e-07
913.6	1.5489e-07
913.8	1.6585e-07
914.0	1.7758e-07
914.2	1.9015e-07
914.4	2.036e-07
914.6	2.1801e-07
914.8	2.3343e-07
915.0	2.4995e-07
915.2	2.6764e-07
915.4	2.8657e-07
915.6	3.0685e-07
915.8	3.2856e-07
916.0	3.5181e-07
916.2	3.7042e-07
916.4	3.5708e-07
916.6	3.4422e-07
916.8	3.3183e-07
917.0	3.1988e-07
917.2	3.0835e-07
917.4	2.9725e-07
917.6	2.8654e-07
917.8	2.7622e-07
918.0	2.6628e-07
918.2	2.5668e-07
918.4	2.4744e-07
918.6	2.3853e-07
918.8	2.2994e-07
919.0	2.2166e-07
919.2	2.1367e-07
919.4	2.0598e-07
919.6	1.9856e-07
919.8	1.9172e-07
920.0	1.8624e-07
920.2	1.8092e-07
920.4	1.7575e-07
920.6	1.7072e-07
920.8	1.6584e-07
921.0	1.611e-07
921.2	1.5649e-07
921.4	1.5202e-07
921.6	1.4767e-07
921.8	1.4345e-07
922.0	1.3935e-07
922.2	1.3536e-07
922.4	1.3149e-07
922.6	1.2773e-07
922.8	1.2408e-07
923.0	1.2053e-07
923.2	1.1709e-07
923.4	1.1455e-07
923.6	1.1419e-07
923.8	1.1383e-07
924.0	1.1347e-07
924.2	1.1311e-07
924.4	1.1275e-07
924.6	1.1239e-07
924.8	1.1204e-07
925.0	1.1168e-07
925.2	1.1133e-07
925.4	1.1098e-07
925.6	1.1063e-07
925.8	1.1028e-07
926.0	1.0993e-07
926.2	1.0958e-07
926.4	1.0923e-07
926.6	1.0889e-07
926.8	1.0854e-07
927.0	1.0998e-07
927.2	1.1488e-07
927.4	1.2e-07
927.6	1.2534e-07
927.8	1.3093e-07
928.0	1.3676e-07
928.2	1.4285e-07
928.4	1.4921e-07
928.6	1.5586e-07
928.8	1.628e-07
929.0	1.7005e-07
929.2	1.7763e-07
929.4	1.8554e-07
929.6	1.9381e-07
929.8	2.0244e-07
930.0	2.1145e-07
930.2	2.2087e-07
930.4	2.3071e-07
930.6	2.3773e-07
930.8	2.4058e-07
931.0	2.4347e-07
931.2	2.4639e-07
931.4	2.4935e-07
931.6	2.5234e-07
931.8	2.5537e-07
932.0	2.5843e-07
932.2	2.7136e-07
932.4	2.8493e-07
932.6	2.9918e-07
932.8	3.1415e-07
933.0	3.2986e-07
933.2	3.4636e-07
933.4	3.6368e-07
933.6	3.8187e-07
933.8	4.1046e-07
934.0	4.5372e-07
934.2	5.0154e-07
934.4	5.5441e-07
934.6	6.1284e-07
934.8	6.7744e-07
935.0	7.4884e-07
935.2	8.2777e-07
935.4	9.1502e-07
935.6	1.0414e-06
935.8	1.224e-06
936.0	1.4386e-06
936.2	1.6908e-06
936.4	1.9873e-06
936.6	2.3358e-06
936.8	2.7454e-06
937.0	3.2268e-06
937.2	3.7926e-06
937.4	4.6126e-06
937.6	5.8092e-06
937.8	7.3161e-06
938.0	9.214e-06
938.2	1.1604e-05
938.4	1.4614e-05
938.6	1.8405e-05
938.8	2.318e-05
939.0	2.9193e-05
939.2	3.1755e-05
939.4	3.0173e-05
939.6	2.8669e-05
939.8	2.7241e-05
940.0	2.5884e-05
940.2	2.4594e-05
940.4	2.3368e-05
940.6	2.2204e-05
940.8	2.1098e-05
941.0	1.9356e-05
941.2	1.7256e-05
941.4	1.5384e-05
941.6	1.3716e-05
941.8	1.2228e-05
942.0	1.0901e-05
942.2	9.7187e-06
942.4	8.6644e-06
942.6	7.7245e-06
942.8	7.2642e-06
943.0	7.1005e-06
943.2	6.9406e-06
943.4	6.7842e-06
943.6	6.6314e-06
943.8	6.482e-06
944.0	6.336e-06
944.2	6.1932e-06
944.4	6.0537e-06
944.6	6.1107e-06
944.8	6.2963e-06
945.0	6.4876e-06
945.2	6.6846e-06
945.4	6.8877e-06
945.6	7.0969e-06
945.8	7.3125e-06
946.0	7.5346e-06
946.2	7.7635e-06
946.4	8.2761e-06
946.6	8.9892e-06
946.8	9.7639e-06
947.0	1.0605e-05
947.2	1.1519e-05
947.4	1.2512e-05
947.6	1.359e-05
947.8	1.4761e-05
948.0	1.6033e-05
948.2	1.8798e-05
948.4	2.283e-05
948.6	2.7726e-05
948.8	3.3672e-05
949.0	4.0894e-05
949.2	4.9664e-05
949.4	6.0315e-05
949.6	7.325e-05
949.8	8.8959e-05
950.0	9.8848e-05
950.2	1.0619e-04
950.4	1.1409e-04
950.6	1.2257e-04
950.8	1.3168e-04
951.0	1.4146e-04
951.2	1.5198e-04
951.4	1.6327e-04
951.6	1.7541e-04
951.8	1.5306e-04
952.0	1.253e-04
952.2	1.0257e-04
952.4	8.3961e-05
952.6	6.873e-05
952.8	5.6262e-05
953.0	4.6056e-05
953.2	3.7701e-05
953.4	3.0862e-05
953.6	2.7297e-05
953.8	2.4587e-05
954.0	2.2145e-05
954.2	1.9946e-05
954.4	1.7966e-05
954.6	1.6182e-05
954.8	1.4575e-05
955.0	1.3127e-05
955.2	1.1824e-05
955.4	1.1215e-05
955.6	1.0731e-05
955.8	1.0269e-05
956.0	9.8257e-06
956.2	9.4019e-06
956.4	8.9964e-06
956.6	8.6083e-06
956.8	8.237e-06
957.0	7.8818e-06
957.2	7.7297e-06
957.4	7.6003e-06
957.6	7.473e-06
957.8	7.3478e-06
958.0	7.2247e-06
958.2	7.1037e-06
958.4	6.9847e-06
958.6	6.8677e-06
958.8	6.7526e-06
959.0	6.8075e-06
959.2	6.8708e-06
959.4	6.9348e-06
959.6	6.9993e-06
959.8	7.0645e-06
960.0	7.1303e-06
960.2	7.1966e-06
960.4	7.2636e-06
960.6	7.3332e-06
960.8	7.6087e-06
961.0	7.8945e-06
961.2	8.191e-06
961.4	8.4986e-06
961.6	8.8178e-06
961.8	9.149e-06
962.0	9.4927e-06
962.2	9.8492e-06
962.4	1.0235e-05
962.6	1.0873e-05
962.8	1.1552e-05
963.0	1.2273e-05
963.2	1.3038e-05
963.4	1.3852e-05
963.6	1.4716e-05
963.8	1.5634e-05
964.0	1.6609e-05
964.2	1.7738e-05
964.4	1.9652e-05
964.6	2.1771e-05
964.8	2.412e-05
965.0	2.6722e-05
965.2	2.9604e-05
965.4	3.2797e-05
965.6	3.6335e-05
965.8	4.0254e-05
966.0	4.4686e-05
966.2	5.0049e-05
966.4	5.6054e-05
966.6	6.2781e-05
966.8	7.0314e-05
967.0	7.8751e-05
967.2	8.8201e-05
967.4	9.8785e-05
967.6	1.1064e-04
967.8	1.1962e-04
968.0	1.1633e-04
968.2	1.1314e-04
968.4	1.1003e-04
968.6	1.0701e-04
968.8	1.0407e-04
969.0	1.0121e-04
969.2	9.8434e-05
969.4	9.5731e-05
969.6	9.0882e-05
969.8	8.1869e-05
970.0	7.375e-05
970.2	6.6436e-05
970.4	5.9847e-05
970.6	5.3911e-05
970.8	4.8565e-05
971.0	4.3748e-05
971.2	3.941e-05
971.4	3.6328e-05
971.6	3.4769e-05
971.8	3.3276e-05
972.0	3.1848e-05
972.2	2.9303e-05
972.4	2.6962e-05
972.6	2.5472e-05
972.8	2.4235e-05
973.0	2.3057e-05
973.2	2.1937e-05
973.4	2.0872e-05
973.6	1.9858e-05
973.8	1.8969e-05
974.0	1.8325e-05
974.2	1.7703e-05
974.4	1.7101e-05
974.6	1.652e-05
974.8	1.5959e-05
975.0	1.5417e-05
975.2	1.5082e-05
975.4	1.4819e-05
975.6	1.4561e-05
975.8	1.4307e-05
976.0	1.4058e-05
976.2	1.3813e-05
976.4	1.3618e-05
976.6	1.3594e-05
976.8	1.3571e-05
977.0	1.3547e-05
977.2	1.3523e-05
977.4	1.35e-05
977.6	1.3476e-05
977.8	1.3555e-05
978.0	1.368e-05
978.2	1.3806e-05
978.4	1.3933e-05
978.6	1.4062e-05
978.8	1.4191e-05
979.0	1.4361e-05
979.2	1.4724e-05
979.4	1.5096e-05
979.6	1.5477e-05
979.8	1.5868e-05
980.0	1.6269e-05
980.2	1.668e-05
980.4	1.7166e-05
980.6	1.7702e-05
980.8	1.8254e-05
981.0	1.8824e-05
981.2	1.9411e-05
981.4	2.0017e-05
981.6	2.0682e-05
981.8	2.1636e-05
982.0	2.2635e-05
982.2	2.368e-05
982.4	2.4773e-05
982.6	2.5917e-05
982.8	2.7113e-05
983.0	2.8609e-05
983.2	3.0347e-05
983.4	3.2191e-05
983.6	3.4146e-05
983.8	3.6221e-05
984.0	3.8421e-05
984.2	4.0842e-05
984.4	4.4212e-05
984.6	4.7861e-05
984.8	5.1811e-05
985.0	5.6087e-05
985.2	6.0716e-05
985.4	6.5727e-05
985.6	7.2031e-05
985.8	7.9618e-05
986.0	8.8003e-05
986.2	9.7271e-05
986.4	1.0752e-04
986.6	1.1884e-04
986.8	1.3146e-04
987.0	1.469e-04
987.2	1.6415e-04
987.4	1.8342e-04
987.6	2.0496e-04
987.8	2.2902e-04
988.0	2.5591e-04
988.2	2.8097e-04
988.4	3.0434e-04
988.6	3.2965e-04
988.8	3.5707e-04
989.0	3.8676e-04
989.2	4.1893e-04
989.4	4.5167e-04
989.6	4.4958e-04
989.8	4.475e-04
990.0	4.4544e-04
990.2	4.4338e-04
990.4	4.4133e-04
990.6	4.3929e-04
990.8	4.2588e-04
991.0	4.0387e-04
991.2	3.8301e-04
991.4	3.6322e-04
991.6	3.4445e-04
991.8	3.2666e-04
992.0	3.0983e-04
992.2	2.9513e-04
992.4	2.8113e-04
992.6	2.6779e-04
992.8	2.5509e-04
993.0	2.4298e-04
993.2	2.3146e-04
993.4	2.2262e-04
993.6	2.1596e-04
993.8	2.095e-04
994.0	2.0323e-04
994.2	1.9715e-04
994.4	1.9126e-04
994.6	1.8562e-04
994.8	1.8325e-04
995.0	1.8092e-04
995.2	1.7861e-04
995.4	1.7633e-04
995.6	1.7408e-04
995.8	1.7187e-04
996.0	1.7073e-04
996.2	1.7057e-04
996.4	1.7041e-04
996.6	1.7025e-04
996.8	1.701e-04
997.0	1.6994e-04
997.2	1.698e-04
997.4	1.7061e-04
997.6	1.7142e-04
997.8	1.7224e-04
998.0	1.7306e-04
998.2	1.7388e-04
998.4	1.7471e-04
998.6	1.7548e-04
998.8	1.7619e-04
999.0	1.769e-04
999.2	1.7762e-04
999.4	1.7834e-04
999.6	1.7906e-04
999.8	1.7982e-04
1000.0	1.8265e-04
1000.2	1.8073e-04
1000.4	1.7883e-04
1000.6	1.7696e-04
1000.8	1.751e-04
1001.0	1.7326e-04
1001.2	1.7079e-04
1001.4	1.6818e-04
1001.6	1.6561e-04
1001.8	1.6308e-04
1002.0	1.6059e-04
1002.2	1.5813e-04
1002.4	1.5571e-04
1002.6	1.5333e-04
1002.8	1.5099e-04
1003.0	1.4868e-04
1003.2	1.4641e-04
1003.4	1.4417e-04
1003.6	1.4197e-04
1003.8	1.398e-04
1004.0	1.3766e-04
1004.2	1.3556e-04
1004.4	1.3348e-04
1004.6	1.3144e-04
1004.8	1.295e-04
1005.0	1.276e-04
1005.2	1.2572e-04
1005.4	1.2388e-04
1005.6	1.2206e-04
1005.8	1.2026e-04
1006.0	1.185e-04
1006.2	1.1675e-04
1006.4	1.1504e-04
1006.6	1.1335e-04
1006.8	1.1168e-04
1007.0	1.1004e-04
1007.2	1.0843e-04
1007.4	1.0683e-04
1007.6	1.0526e-04
1007.8	1.0372e-04
1008.0	1.0219e-04
1008.2	1.0069e-04
1008.4	1.0142e-04
1008.6	1.022e-04
1008.8	1.0299e-04
1009.0	1.0379e-04
1009.2	1.0459e-04
1009.4	1.054e-04
1009.6	1.0621e-04
1009.8	1.0703e-04
1010.0	1.0785e-04
1010.2	1.0869e-04
1010.4	1.0952e-04
1010.6	1.1037e-04
1010.8	1.1122e-04
1011.0	1.1208e-04
1011.2	1.1294e-04
1011.4	1.1381e-04
1011.6	1.1469e-04
1011.8	1.1578e-04
1012.0	1.1888e-04
1012.2	1.2207e-04
1012.4	1.2534e-04
1012.6	1.287e-04
1012.8	1.3214e-04
1013.0	1.3568e-04
1013.2	1.3932e-04
1013.4	1.4305e-04
1013.6	1.4688e-04
1013.8	1.5082e-04
1014.0	1.5485e-04
1014.2	1.59e-04
1014.4	1.6326e-04
1014.6	1.6764e-04
1014.8	1.7213e-04
1015.0	1.7674e-04
1015.2	1.8147e-04
1015.4	1.8493e-04
1015.6	1.8331e-04
1015.8	1.8172e-04
1016.0	1.8013e-04
1016.2	1.7856e-04
1016.4	1.77e-04
1016.6	1.7546e-04
1016.8	1.7393e-04
1017.0	1.7241e-04
1017.2	1.7091e-04
1017.4	1.6942e-04
1017.6	1.6794e-04
1017.8	1.6648e-04
1018.0	1.6503e-04
1018.2	1.6359e-04
1018.4	1.6216e-04
1018.6	1.6075e-04
1018.8	1.5934e-04
1019.0	1.5581e-04
1019.2	1.4843e-04
1019.4	1.4141e-04
1019.6	1.3471e-04
1019.8	1.2834e-04
1020.0	1.2227e-04
1020.2	1.1648e-04
1020.4	1.1097e-04
1020.6	1.0572e-04
1020.8	1.0071e-04
1021.0	9.5946e-05
1021.2	9.1406e-05
1021.4	8.708e-05
1021.6	8.2959e-05
1021.8	7.9033e-05
1022.0	7.5292e-05
1022.2	7.1729e-05
1022.4	6.8335e-05
1022.6	6.5694e-05
1022.8	6.3768e-05
1023.0	6.1898e-05
1023.2	6.0082e-05
1023.4	5.832e-05
1023.6	5.661e-05
1023.8	5.495e-05
1024.0	5.3339e-05
1024.2	5.1774e-05
1024.4	5.0256e-05
1024.6	4.8782e-05
1024.8	4.7352e-05
1025.0	4.5963e-05
1025.2	4.3311e-05
1025.4	4.0812e-05
1025.6	3.8457e-05
1025.8	3.6238e-05
1026.0	3.4147e-05
1026.2	3.2881e-05
1026.4	3.2511e-05
1026.6	3.2145e-05
1026.8	3.1783e-05
1027.0	3.1426e-05
1027.2	3.1072e-05
1027.4	3.0723e-05
1027.6	3.0377e-05
1027.8	3.0035e-05
1028.0	2.9697e-05
1028.2	2.9363e-05
1028.4	2.9032e-05
1028.6	2.8706e-05
1028.8	2.8383e-05
1029.0	2.8063e-05
1029.2	2.7747e-05
1029.4	2.7435e-05
1029.6	2.7126e-05
1029.8	2.7148e-05
1030.0	2.7413e-05
1030.2	2.7681e-05
1030.4	2.7951e-05
1030.6	2.8224e-05
1030.8	2.85e-05
1031.0	2.8778e-05
1031.2	2.9059e-05
1031.4	2.9343e-05
1031.6	2.963e-05
1031.8	2.9919e-05
1032.0	3.0211e-05
1032.2	3.0506e-05
1032.4	3.0804e-05
1032.6	3.1105e-05
1032.8	3.1409e-05
1033.0	3.1716e-05
1033.2	3.2026e-05
1033.4	3.2922e-05
1033.6	3.4091e-05
1033.8	3.5302e-05
1034.0	3.6556e-05
1034.2	3.7855e-05
1034.4	3.92e-05
1034.6	4.0592e-05
1034.8	4.2034e-05
1035.0	4.3527e-05
1035.2	4.5073e-05
1035.4	4.6674e-05
1035.6	4.8332e-05
1035.8	5.0049e-05
1036.0	5.1827e-05
1036.2	5.3668e-05
1036.4	5.5574e-05
1036.6	5.7548e-05
1036.8	5.9592e-05
1037.0	6.2938e-05
1037.2	6.6695e-05
1037.4	7.0676e-05
1037.6	7.4894e-05
1037.8	7.9364e-05
1038.0	8.4101e-05
1038.2	8.9121e-05
1038.4	9.444e-05
1038.6	1.0008e-04
1038.8	1.0605e-04
1039.0	1.1238e-04
1039.2	1.1909e-04
1039.4	1.2619e-04
1039.6	1.3373e-04
1039.8	1.4171e-04
1040.0	1.5017e-04
1040.2	1.5913e-04
1040.4	1.6854e-04
1040.6	1.7017e-04
1040.8	1.718e-04
1041.0	1.7346e-04
1041.2	1.7512e-04
1041.4	1.7681e-04
1041.6	1.7851e-04
1041.8	1.8023e-04
1042.0	1.8196e-04
1042.2	1.8371e-04
1042.4	1.8548e-04
1042.6	1.8726e-04
1042.8	1.8907e-04
1043.0	1.9088e-04
1043.2	1.9272e-04
1043.4	1.9457e-04
1043.6	1.9645e-04
1043.8	1.9834e-04
1044.0	1.9892e-04
1044.2	1.9339e-04
1044.4	1.88e-04
1044.6	1.8277e-04
1044.8	1.7768e-04
1045.0	1.7273e-04
1045.2	1.5963e-04
1045.4	1.4753e-04
1045.6	1.3634e-04
1045.8	1.26e-04
1046.0	1.1644e-04
1046.2	1.0845e-04
1046.4	1.0412e-04
1046.6	9.996e-05
1046.8	9.5966e-05
1047.0	9.2131e-05
1047.2	8.845e-05
1047.4	8.4915e-05
1047.6	8.1522e-05
1047.8	7.8265e-05
1048.0	7.5137e-05
1048.2	7.2135e-05
1048.4	6.9252e-05
1048.6	6.6485e-05
1048.8	6.3828e-05
1049.0	6.1278e-05
1049.2	5.8829e-05
1049.4	5.6479e-05
1049.6	5.4222e-05
1049.8	5.2516e-05
1050.0	5.1686e-05
1050.2	5.0869e-05
1050.4	5.0064e-05
1050.6	4.9273e-05
1050.8	4.8494e-05
1051.0	4.7727e-05
1051.2	4.6973e-05
1051.4	4.623e-05
1051.6	4.5499e-05
1051.8	4.478e-05
1052.0	4.4072e-05
1052.2	4.3375e-05
1052.4	4.2689e-05
1052.6	4.2014e-05
1052.8	4.135e-05
1053.0	4.0696e-05
1053.2	4.0053e-05
1053.4	3.9907e-05
1053.6	4.0225e-05
1053.8	4.0546e-05
1054.0	4.0869e-05
1054.2	4.1195e-05
1054.4	4.1523e-05
1054.6	4.1854e-05
1054.8	4.2188e-05
1055.0	4.2524e-05
1055.2	4.2863e-05
1055.4	4.3205e-05
1055.6	4.3549e-05
1055.8	4.3896e-05
1056.0	4.4246e-05
1056.2	4.4599e-05
1056.4	4.4954e-05
1056.6	4.5312e-05
1056.8	4.5673e-05
1057.0	4.6653e-05
1057.2	4.7939e-05
1057.4	4.926e-05
1057.6	5.0617e-05
1057.8	5.2012e-05
1058.0	5.3445e-05
1058.2	5.4918e-05
1058.4	5.6431e-05
1058.6	5.7987e-05
1058.8	5.9585e-05
1059.0	6.1227e-05
1059.2	6.2914e-05
1059.4	6.4648e-05
1059.6	6.6429e-05
1059.8	6.826e-05
1060.0	7.0141e-05
1060.2	7.2074e-05
1060.4	7.406e-05
1060.6	7.7512e-05
1060.8	8.1347e-05
1061.0	8.5373e-05
1061.2	8.9597e-05
1061.4	9.4031e-05
1061.6	9.8684e-05
1061.8	1.0357e-04
1062.0	1.0869e-04
1062.2	1.1407e-04
1062.4	1.1972e-04
1062.6	1.2564e-04
1062.8	1.3186e-04
1063.0	1.3838e-04
1063.2	1.4523e-04
1063.4	1.5242e-04
1063.6	1.5996e-04
1063.8	1.6787e-04
1064.0	1.7611e-04
1064.2	1.8356e-04
1064.4	1.9132e-04
1064.6	1.9941e-04
1064.8	2.0784e-04
1065.0	2.1663e-04
1065.2	2.2679e-04
1065.4	2.3743e-04
1065.6	2.4856e-04
1065.8	2.6022e-04
1066.0	2.7243e-04
1066.2	2.8521e-04
1066.4	2.8367e-04
1066.6	2.8162e-04
1066.8	2.7958e-04
1067.0	2.7756e-04
1067.2	2.7555e-04
1067.4	2.7356e-04
1067.6	2.7158e-04
1067.8	2.6961e-04
1068.0	2.6766e-04
1068.2	2.6573e-04
1068.4	2.638e-04
1068.6	2.6189e-04
1068.8	2.6e-04
1069.0	2.5812e-04
1069.2	2.5625e-04
1069.4	2.544e-04
1069.6	2.5256e-04
1069.8	2.497e-04
1070.0	2.407e-04
1070.2	2.3202e-04
1070.4	2.2366e-04
1070.6	2.1559e-04
1070.8	2.0782e-04
1071.0	2.0033e-04
1071.2	1.9311e-04
1071.4	1.8615e-04
1071.6	1.7944e-04
1071.8	1.7297e-04
1072.0	1.6674e-04
1072.2	1.6073e-04
1072.4	1.5493e-04
1072.6	1.4935e-04
1072.8	1.4397e-04
1073.0	1.3878e-04
1073.2	1.3377e-04
1073.4	1.2966e-04
1073.6	1.2708e-04
1073.8	1.2456e-04
1074.0	1.2208e-04
1074.2	1.1965e-04
1074.4	1.1728e-04
1074.6	1.1494e-04
1074.8	1.1266e-04
1075.0	1.1042e-04
1075.2	1.0822e-04
1075.4	1.0607e-04
1075.6	1.0396e-04
1075.8	1.019e-04
1076.0	9.9871e-05
1076.2	9.7886e-05
1076.4	9.594e-05
1076.6	9.4033e-05
1076.8	9.2163e-05
1077.0	9.1235e-05
1077.2	9.1134e-05
1077.4	9.1033e-05
1077.6	9.0932e-05
1077.8	9.0832e-05
1078.0	9.0731e-05
1078.2	9.063e-05
1078.4	9.053e-05
1078.6	9.043e-05
1078.8	9.033e-05
1079.0	9.023e-05
1079.2	9.013e-05
1079.4	9.003e-05
1079.6	8.993e-05
1079.8	8.983e-05
1080.0	8.9731e-05
1080.2	8.9632e-05
1080.4	8.9532e-05
1080.6	9.0443e-05
1080.8	9.1732e-05
1081.0	9.3041e-05
1081.2	9.4368e-05
1081.4	9.5714e-05
1081.6	9.7079e-05
1081.8	9.8463e-05
1082.0	9.9868e-05
1082.2	1.0129e-04
1082.4	1.0274e-04
1082.6	1.042e-04
1082.8	1.0569e-04
1083.0	1.072e-04
1083.2	1.0872e-04
1083.4	1.1027e-04
1083.6	1.1185e-04
1083.8	1.1344e-04
1084.0	1.1506e-04
1084.2	1.1811e-04
1084.4	1.2132e-04
1084.6	1.2461e-04
1084.8	1.28e-04
1085.0	1.3148e-04
1085.2	1.3505e-04
1085.4	1.3872e-04
1085.6	1.4248e-04
1085.8	1.4635e-04
1086.0	1.5033e-04
1086.2	1.5441e-04
1086.4	1.5861e-04
1086.6	1.6291e-04
1086.8	1.6734e-04
1087.0	1.7189e-04
1087.2	1.7655e-04
1087.4	1.8135e-04
1087.6	1.8637e-04
1087.8	1.9196e-04
1088.0	1.9773e-04
1088.2	2.0366e-04
1088.4	2.0978e-04
1088.6	2.1608e-04
1088.8	2.2257e-04
1089.0	2.2925e-04
1089.2	2.3613e-04
1089.4	2.4322e-04
1089.6	2.5053e-04
1089.8	2.5805e-04
1090.0	2.658e-04
1090.2	2.6972e-04
1090.4	2.7369e-04
1090.6	2.7773e-04
1090.8	2.8183e-04
1091.0	2.8598e-04
1091.2	2.902e-04
1091.4	2.9379e-04
1091.6	2.9699e-04
1091.8	3.0022e-04
1092.0	3.0349e-04
1092.2	3.068e-04
1092.4	3.1014e-04
1092.6	3.1351e-04
1092.8	3.1693e-04
1093.0	3.2038e-04
1093.2	3.2386e-04
1093.4	3.2739e-04
1093.6	3.3095e-04
1093.8	3.3456e-04
1094.0	3.382e-04
1094.2	3.4188e-04
1094.4	3.456e-04
1094.6	3.4936e-04
1094.8	3.5317e-04
1095.0	3.5277e-04
1095.2	3.5148e-04
1095.4	3.502e-04
1095.6	3.4892e-04
1095.8	3.4764e-04
1096.0	3.4637e-04
1096.2	3.4511e-04
1096.4	3.4384e-04
1096.6	3.4259e-04
1096.8	3.4134e-04
1097.0	3.4009e-04
1097.2	3.3885e-04
1097.4	3.3761e-04
1097.6	3.3637e-04
1097.8	3.3514e-04
1098.0	3.3392e-04
1098.2	3.327e-04
1098.4	3.3149e-04
1098.6	3.3032e-04
1098.8	3.2916e-04
1099.0	3.2801e-04
1099.2	3.2685e-04
1099.4	3.2571e-04
1099.6	3.2456e-04
1099.8	3.2342e-04
1100.0	3.2229e-04
1100.2	3.2115e-04
1100.4	3.2003e-04
1100.6	3.189e-04
1100.8	3.1778e-04
1101.0	3.1667e-04
1101.2	3.1555e-04
1101.4	3.1445e-04
1101.6	3.1334e-04
1101.8	3.1224e-04
1102.0	3.1182e-04
1102.2	3.1318e-04
1102.4	3.1454e-04
1102.6	3.1591e-04
1102.8	3.1729e-04
1103.0	3.1867e-04
1103.2	3.2005e-04
1103.4	3.2145e-04
1103.6	3.2285e-04
1103.8	3.2425e-04
1104.0	3.2567e-04
1104.2	3.2708e-04
1104.4	3.2851e-04
1104.6	3.2994e-04
1104.8	3.3137e-04
1105.0	3.3282e-04
1105.2	3.3427e-04
1105.4	3.3572e-04
1105.6	3.3731e-04
1105.8	3.3902e-04
1106.0	3.4075e-04
1106.2	3.4248e-04
1106.4	3.4422e-04
1106.6	3.4597e-04
1106.8	3.4773e-04
1107.0	3.4949e-04
1107.2	3.5127e-04
1107.4	3.5305e-04
1107.6	3.5485e-04
1107.8	3.5665e-04
1108.0	3.5846e-04
1108.2	3.6029e-04
1108.4	3.6212e-04
1108.6	3.6396e-04
1108.8	3.6581e-04
1109.0	3.6767e-04
1109.2	3.6753e-04
1109.4	3.6678e-04
1109.6	3.6603e-04
1109.8	3.6529e-04
1110.0	3.6454e-04
1110.2	3.638e-04
1110.4	3.6306e-04
1110.6	3.6232e-04
1110.8	3.6158e-04
1111.0	3.6084e-04
1111.2	3.6011e-04
1111.4	3.5937e-04
1111.6	3.5864e-04
1111.8	3.5791e-04
1112.0	3.5718e-04
1112.2	3.5645e-04
1112.4	3.5572e-04
1112.6	3.5494e-04
1112.8	3.5201e-04
1113.0	3.4911e-04
1113.2	3.4622e-04
1113.4	3.4336e-04
1113.6	3.4053e-04
1113.8	3.3772e-04
1114.0	3.3493e-04
1114.2	3.3216e-04
1114.4	3.2942e-04
1114.6	3.267e-04
1114.8	3.24e-04
1115.0	3.2133e-04
1115.2	3.1868e-04
1115.4	3.1605e-04
1115.6	3.1344e-04
1115.8	3.1085e-04
1116.0	3.0828e-04
1116.2	3.06e-04
1116.4	3.0437e-04
1116.6	3.0274e-04
1116.8	3.0113e-04
1117.0	2.9952e-04
1117.2	2.9792e-04
1117.4	2.9633e-04
1117.6	2.9475e-04
1117.8	2.9317e-04
1118.0	2.9161e-04
1118.2	2.9005e-04
1118.4	2.885e-04
1118.6	2.8696e-04
1118.8	2.8543e-04
1119.0	2.8391e-04
1119.2	2.8239e-04
1119.4	2.8088e-04
1119.6	2.7938e-04
1119.8	2.6078e-04
1120.0	2.3201e-04
1120.2	2.3505e-04
1120.4	2.3813e-04
1120.6	2.4125e-04
1120.8	2.4442e-04
1121.0	2.4801e-04
1121.2	2.6285e-04
1121.4	2.7858e-04
1121.6	2.9525e-04
1121.8	3.1292e-04
1122.0	3.3031e-04
1122.2	3.1646e-04
1122.4	3.0319e-04
1122.6	2.9047e-04
1122.8	2.7829e-04
1123.0	2.6727e-04
1123.2	2.7033e-04
1123.4	2.7341e-04
1123.6	2.7654e-04
1123.8	2.7969e-04
1124.0	2.8278e-04
1124.2	2.8358e-04
1124.4	2.8438e-04
1124.6	2.8518e-04
1124.8	2.8599e-04
1125.0	2.8685e-04
1125.2	2.9983e-04
1125.4	3.1338e-04
1125.6	3.2756e-04
1125.8	3.4237e-04
1126.0	3.5756e-04
1126.2	3.4451e-04
1126.4	3.3194e-04
1126.6	3.1982e-04
1126.8	3.0815e-04
1127.0	2.9715e-04
1127.2	3.1138e-04
1127.4	3.2629e-04
1127.6	3.4192e-04
1127.8	3.5829e-04
1128.0	3.7508e-04
1128.2	3.7381e-04
1128.4	3.7255e-04
1128.6	3.7129e-04
1128.8	3.7004e-04
1129.0	3.689e-04
1129.2	3.7341e-04
1129.4	3.7797e-04
1129.6	3.8259e-04
1129.8	3.8727e-04
1130.0	3.9203e-04
1130.2	3.9769e-04
1130.4	4.0343e-04
1130.6	4.0925e-04
1130.8	4.1516e-04
1131.0	4.2068e-04
1131.2	4.1106e-04
1131.4	4.0166e-04
1131.6	3.9248e-04
1131.8	3.835e-04
1132.0	3.7472e-04
1132.2	3.6557e-04
1132.4	3.5665e-04
1132.6	3.4794e-04
1132.8	3.3945e-04
1133.0	3.3092e-04
1133.2	3.1496e-04
1133.4	2.9977e-04
1133.6	2.8531e-04
1133.8	2.7155e-04
1134.0	2.5836e-04
1134.2	2.4266e-04
1134.4	2.2791e-04
1134.6	2.1406e-04
1134.8	2.0104e-04
1135.0	1.8933e-04
1135.2	1.9451e-04
1135.4	1.9983e-04
1135.6	2.0529e-04
1135.8	2.1091e-04
1136.0	2.1642e-04
1136.2	2.1363e-04
1136.4	2.1088e-04
1136.6	2.0816e-04
1136.8	2.0548e-04
1137.0	2.0286e-04
1137.2	2.0134e-04
1137.4	1.9984e-04
1137.6	1.9834e-04
1137.8	1.9686e-04
1138.0	1.9473e-04
1138.2	1.7271e-04
1138.4	1.5319e-04
1138.6	1.3587e-04
1138.8	1.205e-04
1139.0	1.0745e-04
1139.2	1.1372e-04
1139.4	1.2037e-04
1139.6	1.274e-04
1139.8	1.3484e-04
1140.0	1.4208e-04
1140.2	1.3225e-04
1140.4	1.2311e-04
1140.6	1.1459e-04
1140.8	1.0667e-04
1141.0	9.9427e-05
1141.2	9.684e-05
1141.4	9.432e-05
1141.6	9.1866e-05
1141.8	8.9475e-05
1142.0	8.709e-05
1142.2	8.298e-05
1142.4	7.9064e-05
1142.6	7.5333e-05
1142.8	7.1778e-05
1143.0	6.8574e-05
1143.2	7.4696e-05
1143.4	8.1365e-05
1143.6	8.8629e-05
1143.8	9.6541e-05
1144.0	1.0501e-04
1144.2	1.0629e-04
1144.4	1.0758e-04
1144.6	1.0889e-04
1144.8	1.1022e-04
1145.0	1.1126e-04
1145.2	9.8497e-05
1145.4	8.7197e-05
1145.6	7.7194e-05
1145.8	6.8337e-05
1146.0	6.073e-05
1146.2	6.943e-05
1146.4	7.9377e-05
1146.6	9.0749e-05
1146.8	1.0375e-04
1147.0	1.1838e-04
1147.2	1.1131e-04
1147.4	1.0467e-04
1147.6	9.8417e-05
1147.8	9.254e-05
1148.0	8.7023e-05
1148.2	8.268e-05
1148.4	7.8552e-05
1148.6	7.4631e-05
1148.8	7.0906e-05
1149.0	6.7434e-05
1149.2	7.0814e-05
1149.4	7.4363e-05
1149.6	7.809e-05
1149.8	8.2003e-05
1150.0	8.6122e-05
1150.2	9.1397e-05
1150.4	9.6994e-05
1150.6	1.0293e-04
1150.8	1.0924e-04
1151.0	1.158e-04
1151.2	1.194e-04
1151.4	1.2312e-04
1151.6	1.2695e-04
1151.8	1.309e-04
1152.0	1.3437e-04
1152.2	1.2192e-04
1152.4	1.1062e-04
1152.6	1.0038e-04
1152.8	9.1075e-05
1153.0	8.3134e-05
1153.2	9.2113e-05
1153.4	1.0206e-04
1153.6	1.1308e-04
1153.8	1.253e-04
1154.0	1.3818e-04
1154.2	1.27e-04
1154.4	1.1672e-04
1154.6	1.0728e-04
1154.8	9.8598e-05
1155.0	9.0896e-05
1155.2	9.7306e-05
1155.4	1.0417e-04
1155.6	1.1151e-04
1155.8	1.1938e-04
1156.0	1.2747e-04
1156.2	1.1513e-04
1156.4	1.0399e-04
1156.6	9.3922e-05
1156.8	8.4831e-05
1157.0	7.6637e-05
1157.2	7.2428e-05
1157.4	6.845e-05
1157.6	6.4691e-05
1157.8	6.1138e-05
1158.0	5.8204e-05
1158.2	6.3654e-05
1158.4	6.9615e-05
1158.6	7.6133e-05
1158.8	8.3263e-05
1159.0	9.0604e-05
1159.2	8.8649e-05
1159.4	8.6736e-05
1159.6	8.4864e-05
1159.8	8.3033e-05
1160.0	8.0848e-05
1160.2	7.0069e-05
1160.4	6.0727e-05
1160.6	5.2631e-05
1160.8	4.5614e-05
1161.0	4.0082e-05
1161.2	5.151e-05
1161.4	6.6197e-05
1161.6	8.5071e-05
1161.8	1.0933e-04
1162.0	1.3949e-04
1162.2	1.343e-04
1162.4	1.293e-04
1162.6	1.2449e-04
1162.8	1.1986e-04
1163.0	1.1552e-04
1163.2	1.1739e-04
1163.4	1.193e-04
1163.6	1.2123e-04
1163.8	1.2319e-04
1164.0	1.2502e-04
1164.2	1.1162e-04
1164.4	9.9658e-05
1164.6	8.8976e-05
1164.8	7.944e-05
1165.0	7.1965e-05
1165.2	8.5962e-05
1165.4	1.0268e-04
1165.6	1.2265e-04
1165.8	1.4651e-04
1166.0	1.7331e-04
1166.2	1.6238e-04
1166.4	1.5214e-04
1166.6	1.4255e-04
1166.8	1.3356e-04
1167.0	1.254e-04
1167.2	1.2474e-04
1167.4	1.2409e-04
1167.6	1.2344e-04
1167.8	1.2279e-04
1168.0	1.2232e-04
1168.2	1.2878e-04
1168.4	1.3558e-04
1168.6	1.4274e-04
1168.8	1.5028e-04
1169.0	1.5807e-04
1169.2	1.5869e-04
1169.4	1.5932e-04
1169.6	1.5994e-04
1169.8	1.6057e-04
1170.0	1.6136e-04
1170.2	1.7847e-04
1170.4	1.9738e-04
1170.6	2.1831e-04
1170.8	2.4145e-04
1171.0	2.6533e-04
1171.2	2.5802e-04
1171.4	2.5092e-04
1171.6	2.4401e-04
1171.8	2.3729e-04
1172.0	2.3141e-04
1172.2	2.4398e-04
1172.4	2.5724e-04
1172.6	2.7121e-04
1172.8	2.8594e-04
1173.0	3.0131e-04
1173.2	3.1209e-04
1173.4	3.2325e-04
1173.6	3.3481e-04
1173.8	3.4679e-04
1174.0	3.5924e-04
1174.2	3.7402e-04
1174.4	3.8941e-04
1174.6	4.0543e-04
1174.8	4.2211e-04
1175.0	4.3905e-04
1175.2	4.1448e-04
1175.4	3.9129e-04
1175.6	3.6939e-04
1175.8	3.4872e-04
1176.0	3.2931e-04
1176.2	3.3171e-04
1176.4	3.3413e-04
1176.6	3.3657e-04
1176.8	3.3902e-04
1177.0	3.4121e-04
1177.2	3.3668e-04
1177.4	3.322e-04
1177.6	3.2779e-04
1177.8	3.2343e-04
1178.0	3.1886e-04
1178.2	3.0692e-04
1178.4	2.9544e-04
1178.6	2.8438e-04
1178.8	2.7374e-04
1179.0	2.6392e-04
1179.2	2.6815e-04
1179.4	2.7244e-04
1179.6	2.768e-04
1179.8	2.8123e-04
1180.0	2.8556e-04
1180.2	2.8147e-04
1180.4	2.7744e-04
1180.6	2.7347e-04
1180.8	2.6955e-04
1181.0	2.6556e-04
1181.2	2.5312e-04
1181.4	2.4127e-04
1181.6	2.2997e-04
1181.8	2.1919e-04
1182.0	2.0951e-04
1182.2	2.1242e-04
1182.4	2.1537e-04
1182.6	2.1836e-04
1182.8	2.214e-04
1183.0	2.2378e-04
1183.2	2.0996e-04
1183.4	1.9699e-04
1183.6	1.8483e-04
1183.8	1.7342e-04
1184.0	1.6312e-04
1184.2	1.6442e-04
1184.4	1.6574e-04
1184.6	1.6707e-04
1184.8	1.684e-04
1185.0	1.6965e-04
1185.2	1.6695e-04
1185.4	1.643e-04
1185.6	1.6169e-04
1185.8	1.5913e-04
1186.0	1.5685e-04
1186.2	1.6734e-04
1186.4	1.7853e-04
1186.6	1.9046e-04
1186.8	2.032e-04
1187.0	2.1658e-04
1187.2	2.098e-04
1187.4	2.0324e-04
1187.6	1.9688e-04
1187.8	1.9072e-04
1188.0	1.8412e-04
1188.2	1.6664e-04
1188.4	1.5082e-04
1188.6	1.365e-04
1188.8	1.2354e-04
1189.0	1.127e-04
1189.2	1.2455e-04
1189.4	1.3765e-04
1189.6	1.5212e-04
1189.8	1.6812e-04
1190.0	1.8483e-04
1190.2	1.7598e-04
1190.4	1.6755e-04
1190.6	1.5952e-04
1190.8	1.5188e-04
1191.0	1.4496e-04
1191.2	1.5261e-04
1191.4	1.6065e-04
1191.6	1.6912e-04
1191.8	1.7804e-04
1192.0	1.8717e-04
1192.2	1.8386e-04
1192.4	1.8062e-04
1192.6	1.7743e-04
1192.8	1.7429e-04
1193.0	1.7114e-04
1193.2	1.6325e-04
1193.4	1.5573e-04
1193.6	1.4856e-04
1193.8	1.4171e-04
1194.0	1.3558e-04
1194.2	1.3706e-04
1194.4	1.3855e-04
1194.6	1.4006e-04
1194.8	1.4159e-04
1195.0	1.4343e-04
1195.2	1.5182e-04
1195.4	1.6071e-04
1195.6	1.7011e-04
1195.8	1.8007e-04
1196.0	1.8984e-04
1196.2	1.7905e-04
1196.4	1.6886e-04
1196.6	1.5926e-04
1196.8	1.5021e-04
1197.0	1.4208e-04
1197.2	1.4569e-04
1197.4	1.494e-04
1197.6	1.532e-04
1197.8	1.571e-04
1198.0	1.6101e-04
1198.2	1.6163e-04
1198.4	1.6224e-04
1198.6	1.6286e-04
1198.8	1.6349e-04
1199.0	1.6405e-04
1199.2	1.6233e-04
1199.4	1.6062e-04
1199.6	1.5893e-04
1199.8	1.5726e-04
1200.0	1.5584e-04
1200.2	1.7097e-04
1200.4	1.8756e-04
1200.6	2.0576e-04
1200.8	2.2573e-04
1201.0	2.4735e-04
1201.2	2.5102e-04
1201.4	2.5474e-04
1201.6	2.5852e-04
1201.8	2.6236e-04
1202.0	2.6617e-04
1202.2	2.622e-04
1202.4	2.5828e-04
1202.6	2.5442e-04
1202.8	2.5062e-04
1203.0	2.4677e-04
1203.2	2.332e-04
1203.4	2.2038e-04
1203.6	2.0826e-04
1203.8	1.9681e-04
1204.0	1.8615e-04
1204.2	2.109e-04
1204.4	2.3895e-04
1204.6	2.7072e-04
1204.8	3.0671e-04
1205.0	3.4749e-04
