Typical Measured Spectrum of Semrock FF01-679/41 Optical Filter	
For wavelengths between 320 and 1120 nm, values near or below 3e-7 (Optical Density 6.5) are measurement noise limited.
For wavelengths < 320 nm and > 1120 nm, values near or below 3e-6 (Optical Density 5.5) are measurement noise limited. 
Data format:  Wavelength (nm) <tab> Transmission (0 to 1)
290.0	4.7422e-07
290.2	4.6749e-07
290.4	4.6086e-07
290.6	4.5432e-07
290.8	4.4787e-07
291.0	4.4151e-07
291.2	4.3525e-07
291.4	4.2907e-07
291.6	4.2298e-07
291.8	4.1698e-07
292.0	4.1106e-07
292.2	4.0523e-07
292.4	3.9948e-07
292.6	3.9381e-07
292.8	3.8822e-07
293.0	3.8133e-07
293.2	3.673e-07
293.4	3.5379e-07
293.6	3.4077e-07
293.8	3.2823e-07
294.0	3.1615e-07
294.2	3.0452e-07
294.4	2.9331e-07
294.6	2.8252e-07
294.8	2.7212e-07
295.0	2.6211e-07
295.2	2.7224e-07
295.4	2.8277e-07
295.6	2.937e-07
295.8	3.0505e-07
296.0	3.1685e-07
296.2	3.291e-07
296.4	3.4182e-07
296.6	3.5503e-07
296.8	3.6876e-07
297.0	3.8301e-07
297.2	3.9782e-07
297.4	4.132e-07
297.6	4.2918e-07
297.8	4.4577e-07
298.0	4.6339e-07
298.2	4.8585e-07
298.4	5.094e-07
298.6	5.3409e-07
298.8	5.5997e-07
299.0	5.8711e-07
299.2	6.1556e-07
299.4	6.454e-07
299.6	6.7668e-07
299.8	7.0947e-07
300.0	7.4386e-07
300.2	7.7991e-07
300.4	8.1771e-07
300.6	8.5734e-07
300.8	8.9889e-07
301.0	9.4245e-07
301.2	9.8813e-07
301.4	1.036e-06
301.6	1.0862e-06
301.8	1.1058e-06
302.0	1.0836e-06
302.2	1.0618e-06
302.4	1.0404e-06
302.6	1.0194e-06
302.8	9.989e-07
303.0	9.7878e-07
303.2	9.5908e-07
303.4	9.3976e-07
303.6	9.2084e-07
303.8	9.023e-07
304.0	8.8413e-07
304.2	8.6633e-07
304.4	8.4888e-07
304.6	8.3179e-07
304.8	8.1504e-07
305.0	7.9863e-07
305.2	5.4885e-07
305.4	3.7719e-07
305.6	2.8657e-07
305.8	3.2121e-07
306.0	3.6004e-07
306.2	4.0357e-07
306.4	4.5236e-07
306.6	5.0705e-07
306.8	5.6835e-07
307.0	6.3707e-07
307.2	7.1408e-07
307.4	8.0041e-07
307.6	8.9718e-07
307.8	1.0056e-06
308.0	1.1272e-06
308.2	1.2635e-06
308.4	1.4163e-06
308.6	1.5875e-06
308.8	1.7794e-06
309.0	1.9945e-06
309.2	2.2357e-06
309.4	2.4263e-06
309.6	2.5617e-06
309.8	2.7047e-06
310.0	2.8557e-06
310.2	3.015e-06
310.4	3.1833e-06
310.6	3.361e-06
310.8	3.5486e-06
311.0	3.7467e-06
311.2	3.9558e-06
311.4	4.1766e-06
311.6	4.4097e-06
311.8	4.6558e-06
312.0	4.9157e-06
312.2	5.1901e-06
312.4	5.4798e-06
312.6	5.7856e-06
312.8	6.1085e-06
313.0	6.4495e-06
313.2	5.5329e-06
313.4	4.6141e-06
313.6	3.8479e-06
313.8	3.2089e-06
314.0	2.676e-06
314.2	2.2316e-06
314.4	1.8611e-06
314.6	1.552e-06
314.8	1.2943e-06
315.0	1.0793e-06
315.2	9.0011e-07
315.4	7.5064e-07
315.6	6.2599e-07
315.8	5.2203e-07
316.0	4.3534e-07
316.2	3.6305e-07
316.4	3.0276e-07
316.6	2.5249e-07
316.8	2.1936e-07
317.0	2.1861e-07
317.2	2.1785e-07
317.4	2.171e-07
317.6	2.1635e-07
317.8	2.156e-07
318.0	2.1486e-07
318.2	2.1411e-07
318.4	2.1337e-07
318.6	2.1264e-07
318.8	2.119e-07
319.0	2.1117e-07
319.2	2.1044e-07
319.4	2.0971e-07
319.6	2.0899e-07
319.8	2.0827e-07
320.0	2.0755e-07
320.2	2.0683e-07
320.4	2.0612e-07
320.6	2.0544e-07
320.8	2.048e-07
321.0	2.0416e-07
321.2	2.0352e-07
321.4	2.0288e-07
321.6	2.0224e-07
321.8	2.0161e-07
322.0	2.0098e-07
322.2	2.0035e-07
322.4	1.9972e-07
322.6	1.9909e-07
322.8	1.9847e-07
323.0	1.9785e-07
323.2	1.9723e-07
323.4	1.9661e-07
323.6	1.9599e-07
323.8	1.9538e-07
324.0	1.9477e-07
324.2	1.9416e-07
324.4	2.188e-07
324.6	2.4818e-07
324.8	2.8149e-07
325.0	3.1928e-07
325.2	3.6215e-07
325.4	4.1076e-07
325.6	4.659e-07
325.8	5.2845e-07
326.0	5.9939e-07
326.2	6.7986e-07
326.4	7.7112e-07
326.6	8.7464e-07
326.8	9.9206e-07
327.0	1.1252e-06
327.2	1.2763e-06
327.4	1.4476e-06
327.6	1.642e-06
327.8	1.8624e-06
328.0	2.013e-06
328.2	1.9639e-06
328.4	1.9159e-06
328.6	1.8692e-06
328.8	1.8236e-06
329.0	1.7791e-06
329.2	1.7357e-06
329.4	1.6933e-06
329.6	1.652e-06
329.8	1.6117e-06
330.0	1.5723e-06
330.2	1.534e-06
330.4	1.4965e-06
330.6	1.46e-06
330.8	1.4244e-06
331.0	1.3896e-06
331.2	1.3557e-06
331.4	1.3226e-06
331.6	1.2904e-06
331.8	1.2683e-06
332.0	1.2506e-06
332.2	1.2331e-06
332.4	1.2159e-06
332.6	1.1989e-06
332.8	1.1822e-06
333.0	1.1657e-06
333.2	1.1494e-06
333.4	1.1333e-06
333.6	1.1175e-06
333.8	1.1019e-06
334.0	1.0865e-06
334.2	1.0713e-06
334.4	1.0564e-06
334.6	1.0416e-06
334.8	1.0271e-06
335.0	1.0127e-06
335.2	8.0615e-07
335.4	6.4171e-07
335.6	5.4229e-07
335.8	5.3053e-07
336.0	5.1903e-07
336.2	5.0778e-07
336.4	4.9677e-07
336.6	4.86e-07
336.8	4.7546e-07
337.0	4.6515e-07
337.2	4.5507e-07
337.4	4.452e-07
337.6	4.3555e-07
337.8	4.2611e-07
338.0	4.1687e-07
338.2	4.0783e-07
338.4	3.9899e-07
338.6	3.9034e-07
338.8	3.8188e-07
339.0	3.736e-07
339.2	3.655e-07
339.4	3.4381e-07
339.6	3.1679e-07
339.8	2.919e-07
340.0	2.6896e-07
340.2	2.4782e-07
340.4	2.2834e-07
340.6	2.104e-07
340.8	1.9387e-07
341.0	1.7863e-07
341.2	1.6459e-07
341.4	1.5166e-07
341.6	1.3974e-07
341.8	1.2876e-07
342.0	1.1864e-07
342.2	1.0931e-07
342.4	1.0072e-07
342.6	9.2809e-08
342.8	8.5515e-08
343.0	7.898e-08
343.2	7.8715e-08
343.4	7.845e-08
343.6	7.8186e-08
343.8	7.7923e-08
344.0	7.766e-08
344.2	7.7399e-08
344.4	7.7138e-08
344.6	7.6879e-08
344.8	7.662e-08
345.0	7.6362e-08
345.2	7.6105e-08
345.4	7.5849e-08
345.6	7.5594e-08
345.8	7.5339e-08
346.0	7.5086e-08
346.2	7.4833e-08
346.4	7.4581e-08
346.6	7.433e-08
346.8	7.6067e-08
347.0	8.0804e-08
347.2	8.5836e-08
347.4	9.1182e-08
347.6	9.686e-08
347.8	1.0289e-07
348.0	1.093e-07
348.2	1.1611e-07
348.4	1.2334e-07
348.6	1.3102e-07
348.8	1.3918e-07
349.0	1.4784e-07
349.2	1.5705e-07
349.4	1.6683e-07
349.6	1.7722e-07
349.8	1.8826e-07
350.0	1.9998e-07
350.2	2.1243e-07
350.4	2.2566e-07
350.6	2.4063e-07
350.8	2.5683e-07
351.0	2.7413e-07
351.2	2.9259e-07
351.4	3.1229e-07
351.6	3.3332e-07
351.8	3.5577e-07
352.0	3.7973e-07
352.2	4.053e-07
352.4	4.3259e-07
352.6	4.6173e-07
352.8	4.9282e-07
353.0	5.2601e-07
353.2	5.6143e-07
353.4	5.9924e-07
353.6	6.3959e-07
353.8	6.8266e-07
354.0	7.2863e-07
354.2	7.6686e-07
354.4	7.6306e-07
354.6	7.5927e-07
354.8	7.555e-07
355.0	7.5174e-07
355.2	7.4801e-07
355.4	7.443e-07
355.6	7.406e-07
355.8	7.3692e-07
356.0	7.3326e-07
356.2	7.2962e-07
356.4	7.26e-07
356.6	7.2239e-07
356.8	7.188e-07
357.0	7.1523e-07
357.2	7.1168e-07
357.4	7.0815e-07
357.6	7.0463e-07
357.8	7.0113e-07
358.0	7.2133e-07
358.2	7.5845e-07
358.4	7.9749e-07
358.6	8.3854e-07
358.8	8.817e-07
359.0	9.2708e-07
359.2	9.748e-07
359.4	1.025e-06
359.6	1.0777e-06
359.8	1.1332e-06
360.0	1.1915e-06
360.2	1.2528e-06
360.4	1.3173e-06
360.6	1.3851e-06
360.8	1.4564e-06
361.0	1.5314e-06
361.2	1.6102e-06
361.4	1.6931e-06
361.6	1.7784e-06
361.8	1.7752e-06
362.0	1.7721e-06
362.2	1.7689e-06
362.4	1.7658e-06
362.6	1.7626e-06
362.8	1.7595e-06
363.0	1.7564e-06
363.2	1.7532e-06
363.4	1.7501e-06
363.6	1.747e-06
363.8	1.7439e-06
364.0	1.7408e-06
364.2	1.7377e-06
364.4	1.7346e-06
364.6	1.7315e-06
364.8	1.7285e-06
365.0	1.7254e-06
365.2	1.25e-06
365.4	9.0556e-07
365.6	6.5604e-07
365.8	4.7527e-07
366.0	3.4431e-07
366.2	2.4944e-07
366.4	1.8071e-07
366.6	1.3092e-07
366.8	9.4843e-08
367.0	8.2778e-08
367.2	1.0211e-07
367.4	1.2596e-07
367.6	1.5537e-07
367.8	1.9165e-07
368.0	2.3641e-07
368.2	2.9162e-07
368.4	3.5973e-07
368.6	4.4373e-07
368.8	5.4736e-07
369.0	6.7519e-07
369.2	8.3287e-07
369.4	1.0274e-06
369.6	1.2673e-06
369.8	1.5632e-06
370.0	1.9283e-06
370.2	2.3786e-06
370.4	2.9341e-06
370.6	3.6193e-06
370.8	4.1704e-06
371.0	4.6887e-06
371.2	5.2715e-06
371.4	5.9266e-06
371.6	6.6632e-06
371.8	7.4914e-06
372.0	8.4225e-06
372.2	9.4693e-06
372.4	1.0646e-05
372.6	1.1969e-05
372.8	1.3457e-05
373.0	1.5129e-05
373.2	1.701e-05
373.4	1.9124e-05
373.6	2.1501e-05
373.8	2.4173e-05
374.0	2.7177e-05
374.2	3.0555e-05
374.4	3.3951e-05
374.6	3.4743e-05
374.8	3.5553e-05
375.0	3.6382e-05
375.2	3.723e-05
375.4	3.8098e-05
375.6	3.8987e-05
375.8	3.9896e-05
376.0	4.0826e-05
376.2	4.1779e-05
376.4	4.2753e-05
376.6	4.375e-05
376.8	4.477e-05
377.0	4.5814e-05
377.2	4.6882e-05
377.4	4.7976e-05
377.6	4.9094e-05
377.8	5.0239e-05
378.0	5.1411e-05
378.2	5.0885e-05
378.4	4.8867e-05
378.6	4.6929e-05
378.8	4.5069e-05
379.0	4.3282e-05
379.2	4.1565e-05
379.4	3.9917e-05
379.6	3.8335e-05
379.8	3.6815e-05
380.0	3.5355e-05
380.2	3.3953e-05
380.4	3.2607e-05
380.6	3.1314e-05
380.8	3.0072e-05
381.0	2.888e-05
381.2	2.7735e-05
381.4	2.6635e-05
381.6	2.5579e-05
381.8	2.4565e-05
382.0	2.4584e-05
382.2	2.468e-05
382.4	2.4776e-05
382.6	2.4872e-05
382.8	2.4969e-05
383.0	2.5066e-05
383.2	2.5164e-05
383.4	2.5262e-05
383.6	2.536e-05
383.8	2.5459e-05
384.0	2.5558e-05
384.2	2.5657e-05
384.4	2.5757e-05
384.6	2.5857e-05
384.8	2.5958e-05
385.0	2.6059e-05
385.2	2.616e-05
385.4	2.6262e-05
385.6	2.6582e-05
385.8	2.733e-05
386.0	2.8099e-05
386.2	2.8889e-05
386.4	2.9701e-05
386.6	3.0537e-05
386.8	3.1396e-05
387.0	3.2279e-05
387.2	3.3186e-05
387.4	3.412e-05
387.6	3.5079e-05
387.8	3.6066e-05
388.0	3.708e-05
388.2	3.8123e-05
388.4	3.9195e-05
388.6	4.0298e-05
388.8	4.1431e-05
389.0	4.2596e-05
389.2	4.3795e-05
389.4	4.2082e-05
389.6	3.9604e-05
389.8	3.7273e-05
390.0	3.5078e-05
390.2	3.3013e-05
390.4	3.107e-05
390.6	2.9241e-05
390.8	2.7519e-05
391.0	2.5899e-05
391.2	2.4374e-05
391.4	2.2939e-05
391.6	2.1589e-05
391.8	2.0318e-05
392.0	1.9122e-05
392.2	1.8928e-05
392.4	1.8737e-05
392.6	1.8548e-05
392.8	1.836e-05
393.0	1.7625e-05
393.2	1.6733e-05
393.4	1.5887e-05
393.6	1.5083e-05
393.8	1.4319e-05
394.0	1.3595e-05
394.2	1.2907e-05
394.4	1.2254e-05
394.6	1.1634e-05
394.8	1.1045e-05
395.0	1.0486e-05
395.2	9.9553e-06
395.4	9.4515e-06
395.6	8.9732e-06
395.8	8.5191e-06
396.0	8.088e-06
396.2	7.6787e-06
396.4	7.2902e-06
396.6	6.9981e-06
396.8	7.1189e-06
397.0	7.2418e-06
397.2	7.3667e-06
397.4	7.4939e-06
397.6	7.6232e-06
397.8	7.7547e-06
398.0	7.8886e-06
398.2	8.0247e-06
398.4	8.1632e-06
398.6	8.3041e-06
398.8	8.4474e-06
399.0	8.5932e-06
399.2	8.7415e-06
399.4	8.8923e-06
399.6	9.0458e-06
399.8	9.2019e-06
400.0	9.3607e-06
400.2	9.5222e-06
400.4	9.8083e-06
400.6	1.0188e-05
400.8	1.0581e-05
401.0	1.099e-05
401.2	1.1415e-05
401.4	1.1857e-05
401.6	1.2315e-05
401.8	1.2791e-05
402.0	1.3286e-05
402.2	1.3799e-05
402.4	1.4333e-05
402.6	1.4887e-05
402.8	1.5462e-05
403.0	1.606e-05
403.2	1.6681e-05
403.4	1.7326e-05
403.6	1.7996e-05
403.8	1.8691e-05
404.0	1.9312e-05
404.2	1.7854e-05
404.4	1.6506e-05
404.6	1.526e-05
404.8	1.4107e-05
405.0	1.3042e-05
405.2	1.2057e-05
405.4	1.1147e-05
405.6	1.0305e-05
405.8	9.5271e-06
406.0	8.8077e-06
406.2	8.1427e-06
406.4	7.5278e-06
406.6	6.9594e-06
406.8	6.4339e-06
407.0	5.9481e-06
407.2	5.499e-06
407.4	5.0838e-06
407.6	4.6999e-06
407.8	4.0747e-06
408.0	3.3172e-06
408.2	2.7005e-06
408.4	2.1985e-06
408.6	1.7898e-06
408.8	1.457e-06
409.0	1.1862e-06
409.2	9.6565e-07
409.4	7.8613e-07
409.6	6.3998e-07
409.8	5.21e-07
410.0	4.2415e-07
410.2	3.4529e-07
410.4	2.811e-07
410.6	2.2884e-07
410.8	1.863e-07
411.0	1.5166e-07
411.2	1.2347e-07
411.4	1.0052e-07
411.6	1.0e-07
411.8	1.0e-07
412.0	1.0e-07
412.2	1.0e-07
412.4	1.0e-07
412.6	1.0e-07
412.8	1.0e-07
413.0	1.0e-07
413.2	1.0e-07
413.4	1.0e-07
413.6	1.0e-07
413.8	1.0e-07
414.0	1.0e-07
414.2	1.0e-07
414.4	1.0e-07
414.6	1.0e-07
414.8	1.0e-07
415.0	1.0e-07
415.2	1.0e-07
415.4	1.0e-07
415.6	1.0e-07
415.8	1.0e-07
416.0	1.0e-07
416.2	1.0e-07
416.4	1.0e-07
416.6	1.0e-07
416.8	1.0e-07
417.0	1.0e-07
417.2	1.0e-07
417.4	1.0e-07
417.6	1.0e-07
417.8	1.0e-07
418.0	1.0e-07
418.2	1.0e-07
418.4	1.0e-07
418.6	1.0e-07
418.8	1.0e-07
419.0	1.0e-07
419.2	1.0e-07
419.4	1.0e-07
419.6	1.0e-07
419.8	1.0e-07
420.0	1.0e-07
420.2	1.0e-07
420.4	1.0e-07
420.6	1.0e-07
420.8	1.0e-07
421.0	1.0e-07
421.2	1.0e-07
421.4	1.0e-07
421.6	1.0e-07
421.8	1.0e-07
422.0	1.0e-07
422.2	1.0e-07
422.4	1.0e-07
422.6	1.0e-07
422.8	1.0e-07
423.0	1.0e-07
423.2	1.0e-07
423.4	1.0e-07
423.6	1.0e-07
423.8	1.0e-07
424.0	1.0e-07
424.2	1.0e-07
424.4	1.0e-07
424.6	1.0e-07
424.8	1.0e-07
425.0	1.0e-07
425.2	1.0e-07
425.4	1.0e-07
425.6	1.0e-07
425.8	1.0e-07
426.0	1.0e-07
426.2	1.0e-07
426.4	1.0433e-07
426.6	1.0908e-07
426.8	1.1406e-07
427.0	1.1926e-07
427.2	1.3242e-07
427.4	1.4704e-07
427.6	1.6328e-07
427.8	1.813e-07
428.0	2.0132e-07
428.2	2.2355e-07
428.4	2.4823e-07
428.6	2.7563e-07
428.8	3.0606e-07
429.0	3.3985e-07
429.2	3.7738e-07
429.4	4.1904e-07
429.6	4.653e-07
429.8	5.1667e-07
430.0	5.7372e-07
430.2	6.267e-07
430.4	6.589e-07
430.6	6.9275e-07
430.8	7.2834e-07
431.0	7.6575e-07
431.2	8.0509e-07
431.4	8.4645e-07
431.6	8.8994e-07
431.8	9.3566e-07
432.0	9.8373e-07
432.2	1.0343e-06
432.4	1.0874e-06
432.6	1.1433e-06
432.8	1.202e-06
433.0	1.2638e-06
433.2	1.3287e-06
433.4	1.3969e-06
433.6	1.4687e-06
433.8	1.5442e-06
434.0	1.6705e-06
434.2	1.8235e-06
434.4	1.9906e-06
434.6	2.1729e-06
434.8	2.372e-06
435.0	2.5893e-06
435.2	2.8265e-06
435.4	3.0855e-06
435.6	3.3681e-06
435.8	3.6767e-06
436.0	4.0135e-06
436.2	4.3812e-06
436.4	4.7826e-06
436.6	5.2207e-06
436.8	5.699e-06
437.0	6.2211e-06
437.2	6.791e-06
437.4	7.4131e-06
437.6	7.8852e-06
437.8	7.6902e-06
438.0	7.4999e-06
438.2	7.3144e-06
438.4	7.1335e-06
438.6	6.957e-06
438.8	6.7849e-06
439.0	6.6171e-06
439.2	6.4534e-06
439.4	6.2938e-06
439.6	6.1381e-06
439.8	5.9862e-06
440.0	5.8381e-06
440.2	5.6937e-06
440.4	5.5529e-06
440.6	5.4155e-06
440.8	5.2816e-06
441.0	5.1509e-06
441.2	5.0235e-06
441.4	5.1145e-06
441.6	5.2993e-06
441.8	5.4909e-06
442.0	5.6894e-06
442.2	5.8951e-06
442.4	6.1081e-06
442.6	6.3289e-06
442.8	6.5577e-06
443.0	6.7948e-06
443.2	7.0404e-06
443.4	7.2949e-06
443.6	7.5586e-06
443.8	7.8318e-06
444.0	8.1149e-06
444.2	8.4082e-06
444.4	8.7122e-06
444.6	9.0271e-06
444.8	9.3534e-06
445.0	9.4796e-06
445.2	8.7945e-06
445.4	8.1589e-06
445.6	7.5692e-06
445.8	7.0221e-06
446.0	6.5146e-06
446.2	6.0438e-06
446.4	5.6069e-06
446.6	5.2017e-06
446.8	4.8257e-06
447.0	4.477e-06
447.2	4.1534e-06
447.4	3.8532e-06
447.6	3.5747e-06
447.8	3.3163e-06
448.0	3.0767e-06
448.2	2.8543e-06
448.4	2.648e-06
448.6	2.4566e-06
448.8	2.3254e-06
449.0	2.2199e-06
449.2	2.1192e-06
449.4	2.023e-06
449.6	1.9312e-06
449.8	1.8436e-06
450.0	1.7599e-06
450.2	1.6801e-06
450.4	1.6038e-06
450.6	1.5311e-06
450.8	1.4616e-06
451.0	1.3953e-06
451.2	1.332e-06
451.4	1.2715e-06
451.6	1.2138e-06
451.8	1.1587e-06
452.0	1.1062e-06
452.2	1.056e-06
452.4	1.0292e-06
452.6	1.082e-06
452.8	1.1375e-06
453.0	1.1959e-06
453.2	1.2573e-06
453.4	1.3218e-06
453.6	1.3896e-06
453.8	1.461e-06
454.0	1.5359e-06
454.2	1.6148e-06
454.4	1.6976e-06
454.6	1.7848e-06
454.8	1.8764e-06
455.0	1.9727e-06
455.2	2.0739e-06
455.4	2.1803e-06
455.6	2.2922e-06
455.8	2.4099e-06
456.0	2.5335e-06
456.2	2.6154e-06
456.4	2.6822e-06
456.6	2.7507e-06
456.8	2.821e-06
457.0	2.8931e-06
457.2	2.967e-06
457.4	3.0428e-06
457.6	3.1205e-06
457.8	3.2002e-06
458.0	3.282e-06
458.2	3.3658e-06
458.4	3.4518e-06
458.6	3.5399e-06
458.8	3.6304e-06
459.0	3.7231e-06
459.2	3.8182e-06
459.4	3.9157e-06
459.6	4.0158e-06
459.8	4.0906e-06
460.0	4.0913e-06
460.2	4.092e-06
460.4	4.0927e-06
460.6	4.0934e-06
460.8	4.0941e-06
461.0	4.0948e-06
461.2	4.0955e-06
461.4	4.0962e-06
461.6	4.0969e-06
461.8	4.0976e-06
462.0	4.0983e-06
462.2	4.099e-06
462.4	4.0997e-06
462.6	4.1005e-06
462.8	4.1012e-06
463.0	4.1019e-06
463.2	4.1026e-06
463.4	4.1033e-06
463.6	3.8681e-06
463.8	3.5961e-06
464.0	3.3432e-06
464.2	3.1081e-06
464.4	2.8896e-06
464.6	2.6864e-06
464.8	2.4975e-06
465.0	2.3218e-06
465.2	2.1586e-06
465.4	2.0068e-06
465.6	1.8657e-06
465.8	1.7345e-06
466.0	1.6125e-06
466.2	1.4991e-06
466.4	1.3937e-06
466.6	1.2957e-06
466.8	1.2046e-06
467.0	1.1199e-06
467.2	1.071e-06
467.4	1.0757e-06
467.6	1.0805e-06
467.8	1.0853e-06
468.0	1.0902e-06
468.2	1.0148e-06
468.4	9.4463e-07
468.6	8.7932e-07
468.8	8.1852e-07
469.0	7.6193e-07
469.2	7.0925e-07
469.4	6.6021e-07
469.6	6.1456e-07
469.8	5.7207e-07
470.0	5.3251e-07
470.2	4.957e-07
470.4	4.6142e-07
470.6	4.4848e-07
470.8	4.8847e-07
471.0	5.3202e-07
471.2	5.7946e-07
471.4	6.3113e-07
471.6	6.8741e-07
471.8	7.487e-07
472.0	8.1546e-07
472.2	8.8817e-07
472.4	9.6737e-07
472.6	1.0536e-06
472.8	1.1476e-06
473.0	1.2499e-06
473.2	1.3614e-06
473.4	1.4827e-06
473.6	1.615e-06
473.8	1.759e-06
474.0	1.9158e-06
474.2	2.0866e-06
474.4	2.1617e-06
474.6	2.2099e-06
474.8	2.2592e-06
475.0	2.3096e-06
475.2	2.3611e-06
475.4	2.4138e-06
475.6	2.4676e-06
475.8	2.5227e-06
476.0	2.5789e-06
476.2	2.6365e-06
476.4	2.6953e-06
476.6	2.7554e-06
476.8	2.8168e-06
477.0	2.8796e-06
477.2	2.9439e-06
477.4	3.0095e-06
477.6	3.0766e-06
477.8	3.1453e-06
478.0	3.1708e-06
478.2	3.101e-06
478.4	3.0326e-06
478.6	2.9658e-06
478.8	2.9005e-06
479.0	2.8366e-06
479.2	2.7741e-06
479.4	2.7129e-06
479.6	2.6532e-06
479.8	2.5947e-06
480.0	2.5375e-06
480.2	2.4816e-06
480.4	2.427e-06
480.6	2.3735e-06
480.8	2.3212e-06
481.0	2.27e-06
481.2	2.22e-06
481.4	2.1711e-06
481.6	2.1233e-06
481.8	2.1103e-06
482.0	2.1033e-06
482.2	2.0963e-06
482.4	2.0894e-06
482.6	2.0825e-06
482.8	2.0756e-06
483.0	2.0688e-06
483.2	2.0619e-06
483.4	2.0551e-06
483.6	2.0483e-06
483.8	2.0416e-06
484.0	2.0348e-06
484.2	2.0281e-06
484.4	2.0214e-06
484.6	2.0147e-06
484.8	2.0081e-06
485.0	2.0014e-06
485.2	1.9948e-06
485.4	1.9914e-06
485.6	1.9926e-06
485.8	1.9939e-06
486.0	1.9952e-06
486.2	1.9964e-06
486.4	1.9977e-06
486.6	1.999e-06
486.8	2.0002e-06
487.0	2.0015e-06
487.2	2.0028e-06
487.4	2.0041e-06
487.6	2.0053e-06
487.8	2.0066e-06
488.0	2.0079e-06
488.2	2.0092e-06
488.4	2.0104e-06
488.6	2.0117e-06
488.8	2.013e-06
489.0	2.0143e-06
489.2	2.0725e-06
489.4	2.1353e-06
489.6	2.1999e-06
489.8	2.2665e-06
490.0	2.3352e-06
490.2	2.4059e-06
490.4	2.4787e-06
490.6	2.5538e-06
490.8	2.6311e-06
491.0	2.7107e-06
491.2	2.7928e-06
491.4	2.8774e-06
491.6	2.9645e-06
491.8	3.0543e-06
492.0	3.1467e-06
492.2	3.242e-06
492.4	3.3402e-06
492.6	3.4413e-06
492.8	3.3997e-06
493.0	3.2333e-06
493.2	3.0751e-06
493.4	2.9246e-06
493.6	2.7815e-06
493.8	2.6454e-06
494.0	2.516e-06
494.2	2.3929e-06
494.4	2.2758e-06
494.6	2.1644e-06
494.8	2.0585e-06
495.0	1.9578e-06
495.2	1.862e-06
495.4	1.7709e-06
495.6	1.6842e-06
495.8	1.6018e-06
496.0	1.5234e-06
496.2	1.4489e-06
496.4	1.383e-06
496.6	1.3638e-06
496.8	1.345e-06
497.0	1.3263e-06
497.2	1.308e-06
497.4	1.2899e-06
497.6	1.272e-06
497.8	1.2544e-06
498.0	1.2371e-06
498.2	1.2199e-06
498.4	1.203e-06
498.6	1.1864e-06
498.8	1.17e-06
499.0	1.1538e-06
499.2	1.1378e-06
499.4	1.122e-06
499.6	1.1065e-06
499.8	1.0912e-06
500.0	1.0761e-06
500.2	8.1435e-07
500.4	6.1627e-07
500.6	4.6637e-07
500.8	3.6751e-07
501.0	3.4225e-07
501.2	3.1873e-07
501.4	2.9682e-07
501.6	2.7643e-07
501.8	2.5743e-07
502.0	2.3974e-07
502.2	2.2326e-07
502.4	2.0792e-07
502.6	1.9363e-07
502.8	1.8032e-07
503.0	1.6793e-07
503.2	1.5639e-07
503.4	1.4564e-07
503.6	1.3563e-07
503.8	1.2631e-07
504.0	1.1763e-07
504.2	1.0954e-07
504.4	1.0201e-07
504.6	9.9368e-08
504.8	9.8497e-08
505.0	9.7634e-08
505.2	9.6779e-08
505.4	9.593e-08
505.6	9.509e-08
505.8	9.4256e-08
506.0	9.343e-08
506.2	9.2612e-08
506.4	9.18e-08
506.6	9.0996e-08
506.8	9.0198e-08
507.0	8.9408e-08
507.2	8.8624e-08
507.4	8.7847e-08
507.6	8.7078e-08
507.8	8.6314e-08
508.0	8.5558e-08
508.2	8.519e-08
508.4	8.5943e-08
508.6	8.6704e-08
508.8	8.7471e-08
509.0	8.8244e-08
509.2	8.9025e-08
509.4	8.9813e-08
509.6	9.0607e-08
509.8	9.1409e-08
510.0	9.2217e-08
510.2	9.3033e-08
510.4	9.3856e-08
510.6	9.4686e-08
510.8	9.5524e-08
511.0	9.6369e-08
511.2	9.7221e-08
511.4	9.8081e-08
511.6	9.8949e-08
511.8	9.9824e-08
512.0	1.0e-07
512.2	1.0e-07
512.4	1.0e-07
512.6	1.0e-07
512.8	1.0e-07
513.0	1.0e-07
513.2	1.0e-07
513.4	1.0e-07
513.6	1.0e-07
513.8	1.0e-07
514.0	1.0e-07
514.2	1.0e-07
514.4	1.0e-07
514.6	1.0e-07
514.8	1.0e-07
515.0	1.0e-07
515.2	1.0e-07
515.4	1.0e-07
515.6	9.6788e-08
515.8	8.8285e-08
516.0	8.053e-08
516.2	7.3455e-08
516.4	6.7002e-08
516.6	6.1116e-08
516.8	5.5747e-08
517.0	5.0849e-08
517.2	4.6382e-08
517.4	4.2307e-08
517.6	3.8591e-08
517.8	3.52e-08
518.0	3.2108e-08
518.2	2.9287e-08
518.4	2.6714e-08
518.6	2.4368e-08
518.8	2.2227e-08
519.0	2.0274e-08
519.2	1.8493e-08
519.4	1.8995e-08
519.6	1.9726e-08
519.8	2.0485e-08
520.0	2.1274e-08
520.2	2.2093e-08
520.4	2.2944e-08
520.6	2.3827e-08
520.8	2.4745e-08
521.0	2.5697e-08
521.2	2.6687e-08
521.4	2.7714e-08
521.6	2.8781e-08
521.8	2.9889e-08
522.0	3.104e-08
522.2	3.2235e-08
522.4	3.3476e-08
522.6	3.4765e-08
522.8	3.6104e-08
523.0	3.6139e-08
523.2	3.4814e-08
523.4	3.3537e-08
523.6	3.2308e-08
523.8	3.1123e-08
524.0	2.9982e-08
524.2	2.8883e-08
524.4	2.7824e-08
524.6	2.6804e-08
524.8	2.5821e-08
525.0	2.4875e-08
525.2	2.3963e-08
525.4	2.3084e-08
525.6	2.2238e-08
525.8	2.1423e-08
526.0	2.0637e-08
526.2	1.9881e-08
526.4	1.9152e-08
526.6	1.8524e-08
526.8	1.8828e-08
527.0	1.9137e-08
527.2	1.9451e-08
527.4	1.977e-08
527.6	2.0094e-08
527.8	2.0423e-08
528.0	2.0758e-08
528.2	2.1099e-08
528.4	2.1445e-08
528.6	2.1796e-08
528.8	2.2154e-08
529.0	2.2517e-08
529.2	2.2887e-08
529.4	2.3262e-08
529.6	2.3643e-08
529.8	2.4031e-08
530.0	2.4425e-08
530.2	2.4826e-08
530.4	2.4928e-08
530.6	2.4882e-08
530.8	2.4836e-08
531.0	2.479e-08
531.2	2.4743e-08
531.4	2.4697e-08
531.6	2.4651e-08
531.8	2.4606e-08
532.0	2.456e-08
532.2	2.4514e-08
532.4	2.4468e-08
532.6	2.4423e-08
532.8	2.4377e-08
533.0	2.4332e-08
533.2	2.4287e-08
533.4	2.4242e-08
533.6	2.4196e-08
533.8	2.4151e-08
534.0	2.4647e-08
534.2	2.6629e-08
534.4	2.8771e-08
534.6	3.1085e-08
534.8	3.3585e-08
535.0	3.6286e-08
535.2	3.9204e-08
535.4	4.2358e-08
535.6	4.5764e-08
535.8	4.9445e-08
536.0	5.3421e-08
536.2	5.7718e-08
536.4	6.236e-08
536.6	6.7375e-08
536.8	7.2794e-08
537.0	7.8648e-08
537.2	8.4973e-08
537.4	9.1807e-08
537.6	9.9191e-08
537.8	1.0e-07
538.0	1.0e-07
538.2	1.0e-07
538.4	1.0e-07
538.6	1.0e-07
538.8	1.0e-07
539.0	1.0e-07
539.2	1.0e-07
539.4	1.0e-07
539.6	1.0e-07
539.8	1.0e-07
540.0	1.0e-07
540.2	1.0e-07
540.4	1.0e-07
540.6	1.0e-07
540.8	1.0e-07
541.0	1.0e-07
541.2	1.0e-07
541.4	9.9302e-08
541.6	9.7973e-08
541.8	9.6661e-08
542.0	9.5367e-08
542.2	9.4091e-08
542.4	9.2831e-08
542.6	9.1589e-08
542.8	9.0363e-08
543.0	8.9153e-08
543.2	1.0934e-07
543.4	1.3409e-07
543.6	1.6445e-07
543.8	1.7381e-07
544.0	1.7102e-07
544.2	1.6828e-07
544.4	1.6558e-07
544.6	1.6292e-07
544.8	1.6031e-07
545.0	1.5773e-07
545.2	1.552e-07
545.4	1.5271e-07
545.6	1.5026e-07
545.8	1.4785e-07
546.0	1.4547e-07
546.2	1.4314e-07
546.4	1.4084e-07
546.6	1.3858e-07
546.8	1.3636e-07
547.0	1.3417e-07
547.2	1.3202e-07
547.4	1.3074e-07
547.6	1.3268e-07
547.8	1.3464e-07
548.0	1.3664e-07
548.2	1.3866e-07
548.4	1.4072e-07
548.6	1.428e-07
548.8	1.4492e-07
549.0	1.4706e-07
549.2	1.4924e-07
549.4	1.5145e-07
549.6	1.5369e-07
549.8	1.5597e-07
550.0	1.5828e-07
550.2	1.6063e-07
550.4	1.63e-07
550.6	1.6542e-07
550.8	1.6787e-07
551.0	1.7036e-07
551.2	1.6806e-07
551.4	1.6427e-07
551.6	1.6058e-07
551.8	1.5696e-07
552.0	1.5343e-07
552.2	1.4998e-07
552.4	1.466e-07
552.6	1.433e-07
552.8	1.4007e-07
553.0	1.3692e-07
553.2	1.3384e-07
553.4	1.3083e-07
553.6	1.2788e-07
553.8	1.25e-07
554.0	1.2219e-07
554.2	1.1944e-07
554.4	1.1675e-07
554.6	1.1412e-07
554.8	1.1339e-07
555.0	1.1683e-07
555.2	1.2038e-07
555.4	1.2403e-07
555.6	1.2779e-07
555.8	1.3167e-07
556.0	1.3567e-07
556.2	1.3978e-07
556.4	1.4402e-07
556.6	1.4839e-07
556.8	1.529e-07
557.0	1.5754e-07
557.2	1.6232e-07
557.4	1.6724e-07
557.6	1.7232e-07
557.8	1.7755e-07
558.0	1.8293e-07
558.2	1.8848e-07
558.4	1.942e-07
558.6	1.9725e-07
558.8	1.9994e-07
559.0	2.0266e-07
559.2	2.0542e-07
559.4	2.0821e-07
559.6	2.1105e-07
559.8	2.1392e-07
560.0	2.1683e-07
560.2	2.1978e-07
560.4	2.2277e-07
560.6	2.2581e-07
560.8	2.2888e-07
561.0	2.32e-07
561.2	2.3515e-07
561.4	2.3836e-07
561.6	2.416e-07
561.8	2.4489e-07
562.0	2.4822e-07
562.2	2.5005e-07
562.4	2.4999e-07
562.6	2.4994e-07
562.8	2.4988e-07
563.0	2.4982e-07
563.2	2.4977e-07
563.4	2.4971e-07
563.6	2.4965e-07
563.8	2.4959e-07
564.0	2.4954e-07
564.2	2.4948e-07
564.4	2.4942e-07
564.6	2.4937e-07
564.8	2.4931e-07
565.0	2.4925e-07
565.2	2.492e-07
565.4	2.4914e-07
565.6	2.4909e-07
565.8	2.4917e-07
566.0	2.5304e-07
566.2	2.5698e-07
566.4	2.6099e-07
566.6	2.6505e-07
566.8	2.6918e-07
567.0	2.7337e-07
567.2	2.7762e-07
567.4	2.8195e-07
567.6	2.8634e-07
567.8	2.9079e-07
568.0	2.9532e-07
568.2	2.9992e-07
568.4	3.0459e-07
568.6	3.0933e-07
568.8	3.1415e-07
569.0	3.1904e-07
569.2	3.2401e-07
569.4	3.2905e-07
569.6	3.3373e-07
569.8	3.3821e-07
570.0	3.4276e-07
570.2	3.4736e-07
570.4	3.5203e-07
570.6	3.5676e-07
570.8	3.6155e-07
571.0	3.6641e-07
571.2	3.7133e-07
571.4	3.7632e-07
571.6	3.8138e-07
571.8	3.865e-07
572.0	3.917e-07
572.2	3.9696e-07
572.4	4.0229e-07
572.6	4.077e-07
572.8	4.1317e-07
573.0	4.1872e-07
573.2	4.2317e-07
573.4	4.238e-07
573.6	4.2443e-07
573.8	4.2506e-07
574.0	4.2569e-07
574.2	4.2633e-07
574.4	4.2696e-07
574.6	4.276e-07
574.8	4.2823e-07
575.0	4.2887e-07
575.2	4.2951e-07
575.4	4.3015e-07
575.6	4.3079e-07
575.8	4.3143e-07
576.0	4.3207e-07
576.2	4.3271e-07
576.4	4.3336e-07
576.6	4.34e-07
576.8	4.3465e-07
577.0	4.045e-07
577.2	3.716e-07
577.4	3.4137e-07
577.6	3.1361e-07
577.8	2.881e-07
578.0	2.6466e-07
578.2	2.4314e-07
578.4	2.2336e-07
578.6	2.0519e-07
578.8	1.885e-07
579.0	1.7317e-07
579.2	1.5909e-07
579.4	1.4615e-07
579.6	1.3426e-07
579.8	1.2334e-07
580.0	1.1331e-07
580.2	1.0409e-07
580.4	9.606e-08
580.6	9.6667e-08
580.8	9.7278e-08
581.0	9.7892e-08
581.2	9.8511e-08
581.4	9.9133e-08
581.6	9.9759e-08
581.8	1.0039e-07
582.0	1.0102e-07
582.2	1.0166e-07
582.4	1.023e-07
582.6	1.0295e-07
582.8	1.036e-07
583.0	1.0425e-07
583.2	1.0491e-07
583.4	1.0558e-07
583.6	1.0624e-07
583.8	1.0691e-07
584.0	1.0728e-07
584.2	1.0734e-07
584.4	1.074e-07
584.6	1.0746e-07
584.8	1.0753e-07
585.0	1.0759e-07
585.2	1.0765e-07
585.4	1.0771e-07
585.6	1.0778e-07
585.8	1.0784e-07
586.0	1.079e-07
586.2	1.0796e-07
586.4	1.0803e-07
586.6	1.0809e-07
586.8	1.0815e-07
587.0	1.0821e-07
587.2	1.0828e-07
587.4	1.0834e-07
587.6	1.084e-07
587.8	1.0847e-07
588.0	1.0853e-07
588.2	1.0859e-07
588.4	1.0866e-07
588.6	1.0872e-07
588.8	1.0878e-07
589.0	1.0876e-07
589.2	1.0874e-07
589.4	1.0872e-07
589.6	1.087e-07
589.8	1.0867e-07
590.0	1.0865e-07
590.2	1.0863e-07
590.4	1.0861e-07
590.6	1.0859e-07
590.8	1.0857e-07
591.0	1.0855e-07
591.2	1.0853e-07
591.4	1.0851e-07
591.6	1.0848e-07
591.8	1.0846e-07
592.0	1.0844e-07
592.2	1.0842e-07
592.4	1.084e-07
592.6	1.0838e-07
592.8	1.0836e-07
593.0	1.0834e-07
593.2	1.0832e-07
593.4	1.0829e-07
593.6	1.0827e-07
593.8	1.0855e-07
594.0	1.0907e-07
594.2	1.096e-07
594.4	1.1013e-07
594.6	1.1067e-07
594.8	1.112e-07
595.0	1.1174e-07
595.2	1.1229e-07
595.4	1.1283e-07
595.6	1.1338e-07
595.8	1.1393e-07
596.0	1.1448e-07
596.2	1.1504e-07
596.4	1.1559e-07
596.6	1.1615e-07
596.8	1.1672e-07
597.0	1.1728e-07
597.2	1.1785e-07
597.4	1.1842e-07
597.6	1.19e-07
597.8	1.1957e-07
598.0	1.2015e-07
598.2	1.2074e-07
598.4	1.2132e-07
598.6	1.2195e-07
598.8	1.2395e-07
599.0	1.26e-07
599.2	1.2807e-07
599.4	1.3018e-07
599.6	1.3232e-07
599.8	1.345e-07
600.0	1.3672e-07
600.2	1.3897e-07
600.4	1.4126e-07
600.6	1.4358e-07
600.8	1.4595e-07
601.0	1.4835e-07
601.2	1.5079e-07
601.4	1.5327e-07
601.6	1.558e-07
601.8	1.5836e-07
602.0	1.6097e-07
602.2	1.6362e-07
602.4	1.6632e-07
602.6	1.6905e-07
602.8	1.7184e-07
603.0	1.7467e-07
603.2	1.7754e-07
603.4	1.8047e-07
603.6	1.8156e-07
603.8	1.8086e-07
604.0	1.8016e-07
604.2	1.7946e-07
604.4	1.7877e-07
604.6	1.7808e-07
604.8	1.7739e-07
605.0	1.767e-07
605.2	1.7602e-07
605.4	1.7534e-07
605.6	1.7466e-07
605.8	1.7399e-07
606.0	1.7331e-07
606.2	1.7264e-07
606.4	1.7198e-07
606.6	1.7131e-07
606.8	1.7065e-07
607.0	1.6999e-07
607.2	1.6933e-07
607.4	1.6868e-07
607.6	1.6803e-07
607.8	1.6738e-07
608.0	1.6673e-07
608.2	1.6609e-07
608.4	1.6545e-07
608.6	1.6559e-07
608.8	1.6572e-07
609.0	1.6586e-07
609.2	1.66e-07
609.4	1.6614e-07
609.6	1.6627e-07
609.8	1.6641e-07
610.0	1.6655e-07
610.2	1.6669e-07
610.4	1.6683e-07
610.6	1.6697e-07
610.8	1.6711e-07
611.0	1.6724e-07
611.2	1.6738e-07
611.4	1.6752e-07
611.6	1.6766e-07
611.8	1.678e-07
612.0	1.6794e-07
612.2	1.6808e-07
612.4	1.6822e-07
612.6	1.6836e-07
612.8	1.685e-07
613.0	1.6864e-07
613.2	1.6878e-07
613.4	1.6809e-07
613.6	1.6659e-07
613.8	1.6511e-07
614.0	1.6364e-07
614.2	1.6219e-07
614.4	1.6075e-07
614.6	1.5932e-07
614.8	1.579e-07
615.0	1.5649e-07
615.2	1.551e-07
615.4	1.5372e-07
615.6	1.5236e-07
615.8	1.51e-07
616.0	1.4966e-07
616.2	1.4833e-07
616.4	1.4701e-07
616.6	1.457e-07
616.8	1.4441e-07
617.0	1.4312e-07
617.2	1.4185e-07
617.4	1.4059e-07
617.6	1.3934e-07
617.8	1.381e-07
618.0	1.3687e-07
618.2	1.3569e-07
618.4	1.3662e-07
618.6	1.3754e-07
618.8	1.3848e-07
619.0	1.3942e-07
619.2	1.4037e-07
619.4	1.4132e-07
619.6	1.4228e-07
619.8	1.4324e-07
620.0	1.4422e-07
620.2	1.452e-07
620.4	1.4618e-07
620.6	1.4718e-07
620.8	1.4818e-07
621.0	1.4918e-07
621.2	1.5019e-07
621.4	1.5121e-07
621.6	1.5224e-07
621.8	1.5328e-07
622.0	1.5432e-07
622.2	1.5536e-07
622.4	1.5642e-07
622.6	1.5748e-07
622.8	1.5855e-07
623.0	1.5963e-07
623.2	1.5985e-07
623.4	1.5931e-07
623.6	1.5878e-07
623.8	1.5825e-07
624.0	1.5773e-07
624.2	1.572e-07
624.4	1.5668e-07
624.6	1.5615e-07
624.8	1.5563e-07
625.0	1.5511e-07
625.2	1.546e-07
625.4	1.5408e-07
625.6	1.5357e-07
625.8	1.5306e-07
626.0	1.5255e-07
626.2	1.5204e-07
626.4	1.5153e-07
626.6	1.5103e-07
626.8	1.5052e-07
627.0	1.5002e-07
627.2	1.4952e-07
627.4	1.4902e-07
627.6	1.4853e-07
627.8	1.4803e-07
628.0	1.4756e-07
628.2	1.4779e-07
628.4	1.4801e-07
628.6	1.4823e-07
628.8	1.4845e-07
629.0	1.4867e-07
629.2	1.489e-07
629.4	1.4912e-07
629.6	1.4935e-07
629.8	1.4957e-07
630.0	1.4979e-07
630.2	1.5002e-07
630.4	1.5024e-07
630.6	1.5047e-07
630.8	1.507e-07
631.0	1.5092e-07
631.2	1.5115e-07
631.4	1.5138e-07
631.6	1.516e-07
631.8	1.5216e-07
632.0	1.5365e-07
632.2	1.5515e-07
632.4	1.5667e-07
632.6	1.582e-07
632.8	1.5975e-07
633.0	1.6131e-07
633.2	1.6289e-07
633.4	1.6448e-07
633.6	1.6609e-07
633.8	1.6772e-07
634.0	1.6936e-07
634.2	1.7101e-07
634.4	1.7268e-07
634.6	1.7437e-07
634.8	1.7608e-07
635.0	1.778e-07
635.2	1.7954e-07
635.4	1.821e-07
635.6	1.8493e-07
635.8	1.878e-07
636.0	1.9071e-07
636.2	1.9367e-07
636.4	1.9668e-07
636.6	1.9973e-07
636.8	2.0283e-07
637.0	2.0598e-07
637.2	2.0918e-07
637.4	2.1243e-07
637.6	2.1461e-07
637.8	1.8325e-07
638.0	1.5647e-07
638.2	1.336e-07
638.4	1.1408e-07
638.6	9.7411e-08
638.8	8.3176e-08
639.0	7.1022e-08
639.2	6.0516e-08
639.4	5.1266e-08
639.6	4.3429e-08
639.8	5.3509e-08
640.0	7.397e-08
640.2	8.082e-08
640.4	4.6749e-08
640.6	4.4642e-08
640.8	4.8708e-08
641.0	4.2822e-08
641.2	2.2472e-08
641.4	1.1792e-08
641.6	3.7702e-08
641.8	1.0184e-07
642.0	4.9467e-08
642.2	2.4028e-08
642.4	2.3129e-08
642.6	2.7152e-08
642.8	3.7311e-08
643.0	7.6854e-08
643.2	6.5344e-08
643.4	4.2014e-08
643.6	2.7019e-08
643.8	1.7386e-08
644.0	1.1187e-08
644.2	1.7815e-08
644.4	2.6738e-08
644.6	1.7202e-08
644.8	1.1067e-08
645.0	1.8681e-08
645.2	4.0745e-08
645.4	5.5472e-08
645.6	2.4485e-08
645.8	3.2006e-08
646.0	5.8402e-08
646.2	9.1659e-08
646.4	9.5721e-08
646.6	9.9963e-08
646.8	1.4873e-07
647.0	1.4879e-07
647.2	4.3804e-08
647.4	1.2896e-08
647.6	1.9447e-08
647.8	4.469e-08
648.0	8.3582e-08
648.2	9.6671e-08
648.4	9.6565e-08
648.6	9.2326e-08
648.8	9.5161e-08
649.0	1.1957e-07
649.2	1.5024e-07
649.4	1.774e-07
649.6	2.1829e-07
649.8	3.0911e-07
650.0	4.3772e-07
650.2	5.5383e-07
650.4	6.8129e-07
650.6	8.843e-07
650.8	1.2972e-06
651.0	1.9543e-06
651.2	2.9677e-06
651.4	4.629e-06
651.6	7.7487e-06
651.8	1.2971e-05
652.0	2.4603e-05
652.2	3.9889e-05
652.4	7.0748e-05
652.6	1.2687e-04
652.8	2.3406e-04
653.0	4.6264e-04
653.2	9.6279e-04
653.4	0.00263
653.6	0.00527
653.8	0.01178
654.0	0.02885
654.2	0.07742
654.4	0.21311
654.6	0.50112
654.8	0.86392
655.0	0.95051
655.2	0.96046
655.4	0.96558
655.6	0.97378
655.8	0.97925
656.0	0.98151
656.2	0.98115
656.4	0.98261
656.6	0.98299
656.8	0.985
657.0	0.98744
657.2	0.98855
657.4	0.98897
657.6	0.9882
657.8	0.98672
658.0	0.98586
658.2	0.9857
658.4	0.98537
658.6	0.98637
658.8	0.98705
659.0	0.98728
659.2	0.98744
659.4	0.98701
659.6	0.98531
659.8	0.98416
660.0	0.98179
660.2	0.98086
660.4	0.97989
660.6	0.97976
660.8	0.9809
661.0	0.98136
661.2	0.98361
661.4	0.98529
661.6	0.98752
661.8	0.99023
662.0	0.99105
662.2	0.99153
662.4	0.99108
662.6	0.99158
662.8	0.99017
663.0	0.98883
663.2	0.98721
663.4	0.98689
663.6	0.98637
663.8	0.9857
664.0	0.9865
664.2	0.98675
664.4	0.98802
664.6	0.98905
664.8	0.99028
665.0	0.99151
665.2	0.9916
665.4	0.99265
665.6	0.99279
665.8	0.99232
666.0	0.99114
666.2	0.98965
666.4	0.98868
666.6	0.98732
666.8	0.98453
667.0	0.98259
667.2	0.98085
667.4	0.97984
667.6	0.97928
667.8	0.97925
668.0	0.97829
668.2	0.9791
668.4	0.97996
668.6	0.97998
668.8	0.98109
669.0	0.98304
669.2	0.98348
669.4	0.98476
669.6	0.98593
669.8	0.98632
670.0	0.98627
670.2	0.98695
670.4	0.98707
670.6	0.98739
670.8	0.98725
671.0	0.98713
671.2	0.98679
671.4	0.9874
671.6	0.98726
671.8	0.98788
672.0	0.98811
672.2	0.98999
672.4	0.99032
672.6	0.99065
672.8	0.9916
673.0	0.9928
673.2	0.99502
673.4	0.99536
673.6	0.99556
673.8	0.9951
674.0	0.99477
674.2	0.99443
674.4	0.9931
674.6	0.99244
674.8	0.99096
675.0	0.98965
675.2	0.98879
675.4	0.98755
675.6	0.98651
675.8	0.98584
676.0	0.98516
676.2	0.98488
676.4	0.98426
676.6	0.98477
676.8	0.98553
677.0	0.98662
677.2	0.9875
677.4	0.98848
677.6	0.98971
677.8	0.99107
678.0	0.99204
678.2	0.99335
678.4	0.99451
678.6	0.9955
678.8	0.9963
679.0	0.99661
679.2	0.99629
679.4	0.99651
679.6	0.99564
679.8	0.99567
680.0	0.99459
680.2	0.99362
680.4	0.99265
680.6	0.9917
680.8	0.99035
681.0	0.98981
681.2	0.9882
681.4	0.9875
681.6	0.98758
681.8	0.98652
682.0	0.98659
682.2	0.98705
682.4	0.98728
682.6	0.98745
682.8	0.9885
683.0	0.98906
683.2	0.99004
683.4	0.99081
683.6	0.99193
683.8	0.99298
684.0	0.99416
684.2	0.99462
684.4	0.99508
684.6	0.99528
684.8	0.99531
685.0	0.99556
685.2	0.995
685.4	0.99515
685.6	0.99429
685.8	0.99362
686.0	0.99263
686.2	0.99158
686.4	0.99139
686.6	0.99047
686.8	0.98962
687.0	0.98906
687.2	0.98852
687.4	0.98801
687.6	0.98778
687.8	0.98708
688.0	0.98722
688.2	0.98703
688.4	0.9872
688.6	0.98775
688.8	0.9882
689.0	0.98848
689.2	0.98943
689.4	0.99006
689.6	0.99086
689.8	0.99161
690.0	0.99211
690.2	0.99229
690.4	0.99264
690.6	0.99348
690.8	0.99366
691.0	0.99339
691.2	0.99391
691.4	0.9932
691.6	0.99273
691.8	0.99199
692.0	0.9911
692.2	0.99052
692.4	0.98992
692.6	0.98964
692.8	0.98796
693.0	0.98723
693.2	0.98659
693.4	0.986
693.6	0.98569
693.8	0.98527
694.0	0.9854
694.2	0.98533
694.4	0.98553
694.6	0.98587
694.8	0.98625
695.0	0.98733
695.2	0.98829
695.4	0.989
695.6	0.99001
695.8	0.99087
696.0	0.99147
696.2	0.99175
696.4	0.99205
696.6	0.99147
696.8	0.99096
697.0	0.99048
697.2	0.98899
697.4	0.98736
697.6	0.98572
697.8	0.98374
698.0	0.98237
698.2	0.98066
698.4	0.97947
698.6	0.97829
698.8	0.97791
699.0	0.97852
699.2	0.97931
699.4	0.98052
699.6	0.98229
699.8	0.98367
700.0	0.98593
700.2	0.98775
700.4	0.98827
700.6	0.98794
700.8	0.98645
701.0	0.98343
701.2	0.98008
701.4	0.9755
701.6	0.9728
701.8	0.97086
702.0	0.97153
702.2	0.97519
702.4	0.98056
702.6	0.98451
702.8	0.9788
703.0	0.94968
703.2	0.87972
703.4	0.74984
703.6	0.59023
703.8	0.42963
704.0	0.29425
704.2	0.19508
704.4	0.12806
704.6	0.08405
704.8	0.05604
705.0	0.0375
705.2	0.02541
705.4	0.01751
705.6	0.0122
705.8	0.00863
706.0	0.00618
706.2	0.00445
706.4	0.00323
706.6	0.00239
706.8	0.00176
707.0	0.00132
707.2	9.9129e-04
707.4	7.5487e-04
707.6	5.7442e-04
707.8	4.4213e-04
708.0	3.4307e-04
708.2	2.674e-04
708.4	2.0893e-04
708.6	1.5986e-04
708.8	1.2543e-04
709.0	9.9071e-05
709.2	7.85e-05
709.4	6.3052e-05
709.6	5.0996e-05
709.8	4.0763e-05
710.0	3.3158e-05
710.2	2.6904e-05
710.4	2.1803e-05
710.6	1.7821e-05
710.8	1.4653e-05
711.0	1.212e-05
711.2	9.8865e-06
711.4	8.0182e-06
711.6	6.6648e-06
711.8	5.7083e-06
712.0	5.0133e-06
712.2	4.0857e-06
712.4	3.4045e-06
712.6	2.7042e-06
712.8	2.3507e-06
713.0	2.0796e-06
713.2	1.7432e-06
713.4	1.4864e-06
713.6	1.2378e-06
713.8	1.1304e-06
714.0	9.7493e-07
714.2	8.4919e-07
714.4	7.7489e-07
714.6	7.0556e-07
714.8	6.6067e-07
715.0	5.1297e-07
715.2	4.323e-07
715.4	4.156e-07
715.6	3.1032e-07
715.8	3.1496e-07
716.0	3.3009e-07
716.2	2.8838e-07
716.4	2.0763e-07
716.6	1.8101e-07
716.8	1.609e-07
717.0	1.7231e-07
717.2	2.1823e-07
717.4	1.5775e-07
717.6	1.1203e-07
717.8	7.0016e-08
718.0	2.8153e-07
718.2	1.5218e-07
718.4	1.042e-07
718.6	1.2502e-07
718.8	2.1216e-07
719.0	2.139e-07
719.2	2.1566e-07
719.4	2.1743e-07
719.6	2.1922e-07
719.8	2.2102e-07
720.0	2.2284e-07
720.2	2.2467e-07
720.4	2.2244e-07
720.6	2.1993e-07
720.8	2.1745e-07
721.0	2.15e-07
721.2	2.1257e-07
721.4	2.1017e-07
721.6	2.078e-07
721.8	2.0546e-07
722.0	2.0314e-07
722.2	2.0085e-07
722.4	1.9858e-07
722.6	1.9634e-07
722.8	1.9413e-07
723.0	1.9194e-07
723.2	1.8977e-07
723.4	1.8763e-07
723.6	1.8552e-07
723.8	1.8377e-07
724.0	1.8233e-07
724.2	1.809e-07
724.4	1.7948e-07
724.6	1.7807e-07
724.8	1.7668e-07
725.0	1.7529e-07
725.2	1.7392e-07
725.4	1.7255e-07
725.6	1.712e-07
725.8	1.6986e-07
726.0	1.6852e-07
726.2	1.672e-07
726.4	1.6589e-07
726.6	1.6459e-07
726.8	1.633e-07
727.0	1.6202e-07
727.2	1.6075e-07
727.4	1.5949e-07
727.6	1.5824e-07
727.8	1.57e-07
728.0	1.5576e-07
728.2	1.5454e-07
728.4	1.5333e-07
728.6	1.5199e-07
728.8	1.4774e-07
729.0	1.4362e-07
729.2	1.396e-07
729.4	1.357e-07
729.6	1.3191e-07
729.8	1.2823e-07
730.0	1.2465e-07
730.2	1.2117e-07
730.4	1.1778e-07
730.6	1.1449e-07
730.8	1.1129e-07
731.0	1.0818e-07
731.2	1.0516e-07
731.4	1.0223e-07
731.6	9.937e-08
731.8	9.6594e-08
732.0	9.3896e-08
732.2	9.1273e-08
732.4	8.8724e-08
732.6	8.6245e-08
732.8	8.3836e-08
733.0	8.1495e-08
733.2	7.9218e-08
733.4	7.7005e-08
733.6	7.5826e-08
733.8	7.5456e-08
734.0	7.5088e-08
734.2	7.4721e-08
734.4	7.4357e-08
734.6	7.3994e-08
734.8	7.3633e-08
735.0	7.3274e-08
735.2	7.2916e-08
735.4	7.256e-08
735.6	7.2206e-08
735.8	7.1854e-08
736.0	7.1503e-08
736.2	7.1154e-08
736.4	7.0807e-08
736.6	7.0462e-08
736.8	7.0118e-08
737.0	6.9776e-08
737.2	6.9435e-08
737.4	6.9097e-08
737.6	6.876e-08
737.8	6.8424e-08
738.0	6.809e-08
738.2	6.7758e-08
738.4	6.7494e-08
738.6	6.8497e-08
738.8	6.9516e-08
739.0	7.0549e-08
739.2	7.1598e-08
739.4	7.2663e-08
739.6	7.3743e-08
739.8	7.4839e-08
740.0	7.5952e-08
740.2	7.7081e-08
740.4	7.8227e-08
740.6	7.9391e-08
740.8	8.0571e-08
741.0	8.1769e-08
741.2	8.2985e-08
741.4	8.4218e-08
741.6	8.5471e-08
741.8	8.6741e-08
742.0	8.8031e-08
742.2	8.934e-08
742.4	9.0668e-08
742.6	9.2016e-08
742.8	9.3385e-08
743.0	9.4773e-08
743.2	9.6182e-08
743.4	9.6921e-08
743.6	9.7099e-08
743.8	9.7278e-08
744.0	9.7456e-08
744.2	9.7636e-08
744.4	9.7815e-08
744.6	9.7995e-08
744.8	9.8175e-08
745.0	9.8356e-08
745.2	9.8536e-08
745.4	9.8718e-08
745.6	9.8899e-08
745.8	9.9081e-08
746.0	9.9263e-08
746.2	9.9446e-08
746.4	9.9628e-08
746.6	9.9812e-08
746.8	9.9995e-08
747.0	1.0018e-07
747.2	1.0036e-07
747.4	1.0055e-07
747.6	1.0073e-07
747.8	1.0092e-07
748.0	1.011e-07
748.2	1.0122e-07
748.4	1.0004e-07
748.6	9.8866e-08
748.8	9.771e-08
749.0	9.6567e-08
749.2	9.5438e-08
749.4	9.4322e-08
749.6	9.3219e-08
749.8	9.2128e-08
750.0	9.1051e-08
750.2	8.9986e-08
750.4	8.8934e-08
750.6	8.7894e-08
750.8	8.6866e-08
751.0	8.585e-08
751.2	8.4846e-08
751.4	8.3853e-08
751.6	8.2873e-08
751.8	8.1903e-08
752.0	8.0945e-08
752.2	7.9999e-08
752.4	7.9063e-08
752.6	7.8138e-08
752.8	7.7225e-08
753.0	7.6321e-08
753.2	7.6463e-08
753.4	7.7481e-08
753.6	7.8512e-08
753.8	7.9556e-08
754.0	8.0615e-08
754.2	8.1688e-08
754.4	8.2775e-08
754.6	8.3877e-08
754.8	8.4993e-08
755.0	8.6124e-08
755.2	8.727e-08
755.4	8.8432e-08
755.6	8.9608e-08
755.8	9.0801e-08
756.0	9.2009e-08
756.2	9.3234e-08
756.4	9.4475e-08
756.6	9.5732e-08
756.8	9.7006e-08
757.0	9.8297e-08
757.2	9.9605e-08
757.4	1.0093e-07
757.6	1.0227e-07
757.8	1.0363e-07
758.0	1.0487e-07
758.2	1.0315e-07
758.4	1.0145e-07
758.6	9.9783e-08
758.8	9.8142e-08
759.0	9.6527e-08
759.2	9.494e-08
759.4	9.3378e-08
759.6	9.1842e-08
759.8	9.0332e-08
760.0	8.8846e-08
760.2	8.7384e-08
760.4	8.5947e-08
760.6	8.4533e-08
760.8	8.3143e-08
761.0	8.1775e-08
761.2	8.043e-08
761.4	7.9107e-08
761.6	7.7806e-08
761.8	7.6526e-08
762.0	7.5268e-08
762.2	7.403e-08
762.4	7.2812e-08
762.6	7.1614e-08
762.8	7.0437e-08
763.0	7.0414e-08
763.2	7.1373e-08
763.4	7.2345e-08
763.6	7.333e-08
763.8	7.4328e-08
764.0	7.5341e-08
764.2	7.6367e-08
764.4	7.7407e-08
764.6	7.8461e-08
764.8	7.953e-08
765.0	8.0613e-08
765.2	8.171e-08
765.4	8.2823e-08
765.6	8.3951e-08
765.8	8.5095e-08
766.0	8.6253e-08
766.2	8.7428e-08
766.4	8.8619e-08
766.6	8.9826e-08
766.8	9.1049e-08
767.0	9.2289e-08
767.2	9.3546e-08
767.4	9.482e-08
767.6	9.6111e-08
767.8	9.7378e-08
768.0	9.7294e-08
768.2	9.7211e-08
768.4	9.7127e-08
768.6	9.7044e-08
768.8	9.6961e-08
769.0	9.6877e-08
769.2	9.6794e-08
769.4	9.6711e-08
769.6	9.6628e-08
769.8	9.6545e-08
770.0	9.6462e-08
770.2	9.6379e-08
770.4	9.6296e-08
770.6	9.6214e-08
770.8	9.6131e-08
771.0	9.6049e-08
771.2	9.5966e-08
771.4	9.5884e-08
771.6	9.5801e-08
771.8	9.5719e-08
772.0	9.5637e-08
772.2	9.5555e-08
772.4	9.5473e-08
772.6	9.4781e-08
772.8	9.1636e-08
773.0	8.8595e-08
773.2	8.5655e-08
773.4	8.2813e-08
773.6	8.0065e-08
773.8	7.7408e-08
774.0	7.4839e-08
774.2	7.2356e-08
774.4	6.9954e-08
774.6	6.7633e-08
774.8	6.5389e-08
775.0	6.3219e-08
775.2	6.1121e-08
775.4	5.9093e-08
775.6	5.7132e-08
775.8	5.5236e-08
776.0	5.3403e-08
776.2	5.378e-08
776.4	5.4491e-08
776.6	5.5211e-08
776.8	5.594e-08
777.0	5.6679e-08
777.2	5.7428e-08
777.4	5.8187e-08
777.6	5.8956e-08
777.8	5.9735e-08
778.0	6.0524e-08
778.2	6.1324e-08
778.4	6.2134e-08
778.6	6.2955e-08
778.8	6.3787e-08
779.0	6.463e-08
779.2	6.5484e-08
779.4	6.652e-08
779.6	6.819e-08
779.8	6.9902e-08
780.0	7.1657e-08
780.2	7.3456e-08
780.4	7.5301e-08
780.6	7.7191e-08
780.8	7.9129e-08
781.0	8.1116e-08
781.2	8.3153e-08
781.4	8.524e-08
781.6	8.7381e-08
781.8	8.9574e-08
782.0	9.1823e-08
782.2	9.4129e-08
782.4	9.6492e-08
782.6	9.8915e-08
782.8	1.0e-07
783.0	1.0e-07
783.2	1.0e-07
783.4	1.0e-07
783.6	1.0e-07
783.8	1.0e-07
784.0	1.0e-07
784.2	1.0e-07
784.4	1.0e-07
784.6	1.0e-07
784.8	1.0e-07
785.0	1.0e-07
785.2	1.0e-07
785.4	1.0e-07
785.6	1.0e-07
785.8	1.0e-07
786.0	1.0e-07
786.2	1.0e-07
786.4	1.0e-07
786.6	1.0e-07
786.8	1.0e-07
787.0	1.0e-07
787.2	1.0e-07
787.4	1.0e-07
787.6	1.0e-07
787.8	1.0e-07
788.0	1.0e-07
788.2	1.0e-07
788.4	1.0e-07
788.6	1.0e-07
788.8	1.0e-07
789.0	1.0e-07
789.2	1.0e-07
789.4	1.0e-07
789.6	1.0e-07
789.8	1.0e-07
790.0	1.0e-07
790.2	1.0e-07
790.4	1.0e-07
790.6	1.0e-07
790.8	1.0e-07
791.0	1.0e-07
791.2	1.0e-07
791.4	1.0e-07
791.6	1.0e-07
791.8	1.0e-07
792.0	1.0e-07
792.2	1.0e-07
792.4	1.0e-07
792.6	1.0e-07
792.8	1.0e-07
793.0	1.0e-07
793.2	1.0e-07
793.4	1.0e-07
793.6	1.0435e-07
793.8	1.246e-07
794.0	1.4877e-07
794.2	1.7764e-07
794.4	2.1211e-07
794.6	2.5327e-07
794.8	3.0241e-07
795.0	3.6109e-07
795.2	3.7221e-07
795.4	3.8368e-07
795.6	3.9549e-07
795.8	4.0767e-07
796.0	4.2023e-07
796.2	4.3317e-07
796.4	4.3472e-07
796.6	4.2948e-07
796.8	4.2429e-07
797.0	4.1917e-07
797.2	4.1412e-07
797.4	4.0912e-07
797.6	4.0418e-07
797.8	3.993e-07
798.0	3.9448e-07
798.2	3.9311e-07
798.4	3.9414e-07
798.6	3.9518e-07
798.8	3.9622e-07
799.0	3.9726e-07
799.2	3.9831e-07
799.4	3.9936e-07
799.6	4.0041e-07
799.8	4.0147e-07
800.0	4.0073e-07
800.2	3.9854e-07
800.4	3.9637e-07
800.6	3.942e-07
800.8	3.9205e-07
801.0	3.899e-07
801.2	3.8777e-07
801.4	3.8566e-07
801.6	3.8355e-07
801.8	3.8324e-07
802.0	3.8466e-07
802.2	3.8609e-07
802.4	3.8752e-07
802.6	3.8896e-07
802.8	3.904e-07
803.0	3.9185e-07
803.2	3.5572e-07
803.4	3.2291e-07
803.6	2.9314e-07
803.8	2.661e-07
804.0	2.4156e-07
804.2	2.1929e-07
804.4	2.176e-07
804.6	2.1603e-07
804.8	2.1447e-07
805.0	2.1291e-07
805.2	2.1137e-07
805.4	2.0984e-07
805.6	2.0833e-07
805.8	2.0682e-07
806.0	2.0532e-07
806.2	2.0384e-07
806.4	2.0236e-07
806.6	2.009e-07
806.8	1.9944e-07
807.0	1.98e-07
807.2	1.9657e-07
807.4	1.9515e-07
807.6	1.9373e-07
807.8	1.9233e-07
808.0	1.9213e-07
808.2	1.9215e-07
808.4	1.9218e-07
808.6	1.922e-07
808.8	1.9223e-07
809.0	1.9225e-07
809.2	1.9227e-07
809.4	1.923e-07
809.6	1.9232e-07
809.8	1.9235e-07
810.0	1.9237e-07
810.2	1.9239e-07
810.4	1.9242e-07
810.6	1.9244e-07
810.8	1.9247e-07
811.0	1.9249e-07
811.2	1.9252e-07
811.4	1.9254e-07
811.6	1.9218e-07
811.8	1.9167e-07
812.0	1.9115e-07
812.2	1.9064e-07
812.4	1.9013e-07
812.6	1.8962e-07
812.8	1.8911e-07
813.0	1.886e-07
813.2	1.8809e-07
813.4	1.8759e-07
813.6	1.8708e-07
813.8	1.8658e-07
814.0	1.8608e-07
814.2	1.8558e-07
814.4	1.8508e-07
814.6	1.8458e-07
814.8	1.8409e-07
815.0	1.8359e-07
815.2	1.8436e-07
815.4	1.8613e-07
815.6	1.8791e-07
815.8	1.897e-07
816.0	1.9152e-07
816.2	1.9335e-07
816.4	1.9519e-07
816.6	1.9706e-07
816.8	1.9894e-07
817.0	2.0085e-07
817.2	2.0277e-07
817.4	2.0471e-07
817.6	2.0666e-07
817.8	2.0864e-07
818.0	2.1063e-07
818.2	2.1265e-07
818.4	2.1468e-07
818.6	2.1673e-07
818.8	2.171e-07
819.0	2.1535e-07
819.2	2.1362e-07
819.4	2.1191e-07
819.6	2.102e-07
819.8	2.0851e-07
820.0	2.0684e-07
820.2	2.0518e-07
820.4	2.0353e-07
820.6	2.0189e-07
820.8	2.0027e-07
821.0	1.9866e-07
821.2	1.9706e-07
821.4	1.9548e-07
821.6	1.9391e-07
821.8	1.9235e-07
822.0	1.9081e-07
822.2	1.8927e-07
822.4	1.8937e-07
822.6	1.9279e-07
822.8	1.9627e-07
823.0	1.9981e-07
823.2	2.0342e-07
823.4	2.0709e-07
823.6	2.1083e-07
823.8	2.1464e-07
824.0	2.1851e-07
824.2	2.2245e-07
824.4	2.2647e-07
824.6	2.3056e-07
824.8	2.3472e-07
825.0	2.3896e-07
825.2	2.4327e-07
825.4	2.4767e-07
825.6	2.5214e-07
825.8	2.5669e-07
826.0	2.5987e-07
826.2	2.5808e-07
826.4	2.563e-07
826.6	2.5454e-07
826.8	2.5278e-07
827.0	2.5104e-07
827.2	2.4931e-07
827.4	2.4759e-07
827.6	2.4589e-07
827.8	2.442e-07
828.0	2.4251e-07
828.2	2.4084e-07
828.4	2.3918e-07
828.6	2.3754e-07
828.8	2.359e-07
829.0	2.3428e-07
829.2	2.3266e-07
829.4	2.3106e-07
829.6	2.2936e-07
829.8	2.2694e-07
830.0	2.2454e-07
830.2	2.2217e-07
830.4	2.1983e-07
830.6	2.1751e-07
830.8	2.1522e-07
831.0	2.1295e-07
831.2	2.107e-07
831.4	2.0848e-07
831.6	2.0628e-07
831.8	2.041e-07
832.0	2.0195e-07
832.2	1.9982e-07
832.4	1.9771e-07
832.6	1.9562e-07
832.8	1.9356e-07
833.0	1.9152e-07
833.2	1.8944e-07
833.4	1.8615e-07
833.6	1.8291e-07
833.8	1.7974e-07
834.0	1.7662e-07
834.2	1.7355e-07
834.4	1.7054e-07
834.6	1.6757e-07
834.8	1.6466e-07
835.0	1.618e-07
835.2	1.5899e-07
835.4	1.5623e-07
835.6	1.5352e-07
835.8	1.5085e-07
836.0	1.4823e-07
836.2	1.4566e-07
836.4	1.4313e-07
836.6	1.4064e-07
836.8	1.382e-07
837.0	1.3847e-07
837.2	1.3882e-07
837.4	1.3917e-07
837.6	1.3952e-07
837.8	1.3988e-07
838.0	1.4023e-07
838.2	1.4059e-07
838.4	1.4094e-07
838.6	1.413e-07
838.8	1.4166e-07
839.0	1.4201e-07
839.2	1.4237e-07
839.4	1.4273e-07
839.6	1.431e-07
839.8	1.4346e-07
840.0	1.4382e-07
840.2	1.4419e-07
840.4	1.4455e-07
840.6	1.4933e-07
840.8	1.5475e-07
841.0	1.6037e-07
841.2	1.6619e-07
841.4	1.7223e-07
841.6	1.7848e-07
841.8	1.8496e-07
842.0	1.9168e-07
842.2	1.9864e-07
842.4	2.0585e-07
842.6	2.1332e-07
842.8	2.2107e-07
843.0	2.291e-07
843.2	2.3741e-07
843.4	2.4603e-07
843.6	2.5497e-07
843.8	2.6423e-07
844.0	2.7382e-07
844.2	2.9231e-07
844.4	3.137e-07
844.6	3.3665e-07
844.8	3.6127e-07
845.0	3.877e-07
845.2	4.1606e-07
845.4	4.465e-07
845.6	4.7916e-07
845.8	5.1422e-07
846.0	5.5183e-07
846.2	5.922e-07
846.4	6.3552e-07
846.6	6.8201e-07
846.8	7.3191e-07
847.0	7.8545e-07
847.2	8.4291e-07
847.4	9.0457e-07
847.6	9.7074e-07
847.8	9.411e-07
848.0	8.8947e-07
848.2	8.4068e-07
848.4	7.9457e-07
848.6	7.5098e-07
848.8	7.0979e-07
849.0	6.7086e-07
849.2	6.3406e-07
849.4	5.9928e-07
849.6	5.664e-07
849.8	5.3533e-07
850.0	5.0597e-07
850.2	4.7821e-07
850.4	4.5198e-07
850.6	4.2719e-07
850.8	4.0376e-07
851.0	3.8161e-07
851.2	3.6068e-07
851.4	3.4652e-07
851.6	3.3461e-07
851.8	3.231e-07
852.0	3.1198e-07
852.2	3.0125e-07
852.4	2.9089e-07
852.6	2.8089e-07
852.8	2.7123e-07
853.0	2.619e-07
853.2	2.5289e-07
853.4	2.4419e-07
853.6	2.358e-07
853.8	2.2769e-07
854.0	2.1985e-07
854.2	2.1229e-07
854.4	2.0499e-07
854.6	1.9794e-07
854.8	1.9113e-07
855.0	1.884e-07
855.2	1.871e-07
855.4	1.858e-07
855.6	1.8451e-07
855.8	1.8323e-07
856.0	1.8196e-07
856.2	1.807e-07
856.4	1.7945e-07
856.6	1.782e-07
856.8	1.7697e-07
857.0	1.7574e-07
857.2	1.7452e-07
857.4	1.7331e-07
857.6	1.7211e-07
857.8	1.7091e-07
858.0	1.6973e-07
858.2	1.6855e-07
858.4	1.6738e-07
858.6	1.7036e-07
858.8	1.7509e-07
859.0	1.7996e-07
859.2	1.8496e-07
859.4	1.901e-07
859.6	1.9539e-07
859.8	2.0082e-07
860.0	2.064e-07
860.2	2.1213e-07
860.4	2.1803e-07
860.6	2.2409e-07
860.8	2.3032e-07
861.0	2.3672e-07
861.2	2.433e-07
861.4	2.5006e-07
861.6	2.5701e-07
861.8	2.6416e-07
862.0	2.715e-07
862.2	2.9889e-07
862.4	3.384e-07
862.6	3.8314e-07
862.8	4.3379e-07
863.0	4.9114e-07
863.2	5.5607e-07
863.4	6.2959e-07
863.6	7.1282e-07
863.8	8.0706e-07
864.0	9.1375e-07
864.2	1.0346e-06
864.4	1.1713e-06
864.6	1.3262e-06
864.8	1.5015e-06
865.0	1.7e-06
865.2	1.9248e-06
865.4	2.1792e-06
865.6	2.4673e-06
865.8	2.494e-06
866.0	2.4068e-06
866.2	2.3227e-06
866.4	2.2415e-06
866.6	2.1631e-06
866.8	2.0875e-06
867.0	2.0145e-06
867.2	1.9441e-06
867.4	1.8761e-06
867.6	1.8106e-06
867.8	1.7473e-06
868.0	1.6862e-06
868.2	1.6424e-06
868.4	1.5998e-06
868.6	1.5583e-06
868.8	1.5178e-06
869.0	1.4784e-06
869.2	1.4401e-06
869.4	1.3676e-06
869.6	1.2292e-06
869.8	1.1047e-06
870.0	9.9289e-07
870.2	8.9237e-07
870.4	8.0204e-07
870.6	7.2084e-07
870.8	6.4787e-07
871.0	5.8229e-07
871.2	5.2334e-07
871.4	4.7036e-07
871.6	4.2275e-07
871.8	3.7995e-07
872.0	3.4149e-07
872.2	3.0692e-07
872.4	2.7585e-07
872.6	2.4792e-07
872.8	2.2282e-07
873.0	2.049e-07
873.2	2.0219e-07
873.4	1.9951e-07
873.6	1.9687e-07
873.8	1.9426e-07
874.0	1.9169e-07
874.2	1.8915e-07
874.4	1.8665e-07
874.6	1.8418e-07
874.8	1.8174e-07
875.0	1.7933e-07
875.2	1.7696e-07
875.4	1.7461e-07
875.6	1.723e-07
875.8	1.7002e-07
876.0	1.6777e-07
876.2	1.6555e-07
876.4	1.6335e-07
876.6	1.6161e-07
876.8	1.6174e-07
877.0	1.6187e-07
877.2	1.62e-07
877.4	1.6213e-07
877.6	1.6226e-07
877.8	1.6238e-07
878.0	1.6251e-07
878.2	1.6264e-07
878.4	1.6277e-07
878.6	1.629e-07
878.8	1.6303e-07
879.0	1.6316e-07
879.2	1.6329e-07
879.4	1.6342e-07
879.6	1.6355e-07
879.8	1.6368e-07
880.0	1.6381e-07
880.2	1.6392e-07
880.4	1.6387e-07
880.6	1.6382e-07
880.8	1.6377e-07
881.0	1.6372e-07
881.2	1.6367e-07
881.4	1.6362e-07
881.6	1.6357e-07
881.8	1.6352e-07
882.0	1.6347e-07
882.2	1.6342e-07
882.4	1.6337e-07
882.6	1.6332e-07
882.8	1.6328e-07
883.0	1.6323e-07
883.2	1.6318e-07
883.4	1.6313e-07
883.6	1.6308e-07
883.8	1.635e-07
884.0	1.6876e-07
884.2	1.7419e-07
884.4	1.7979e-07
884.6	1.8558e-07
884.8	1.9155e-07
885.0	1.9772e-07
885.2	2.0408e-07
885.4	2.1065e-07
885.6	2.1742e-07
885.8	2.2442e-07
886.0	2.3164e-07
886.2	2.391e-07
886.4	2.4679e-07
886.6	2.5473e-07
886.8	2.6293e-07
887.0	2.7139e-07
887.2	2.8012e-07
887.4	2.8965e-07
887.6	3.0796e-07
887.8	3.2744e-07
888.0	3.4814e-07
888.2	3.7015e-07
888.4	3.9356e-07
888.6	4.1844e-07
888.8	4.449e-07
889.0	4.7303e-07
889.2	5.0293e-07
889.4	5.3473e-07
889.6	5.6854e-07
889.8	6.0449e-07
890.0	6.4271e-07
890.2	6.8335e-07
890.4	7.2656e-07
890.6	7.725e-07
890.8	8.2134e-07
891.0	8.7403e-07
891.2	9.5261e-07
891.4	1.0383e-06
891.6	1.1316e-06
891.8	1.2334e-06
892.0	1.3442e-06
892.2	1.4651e-06
892.4	1.5968e-06
892.6	1.7404e-06
892.8	1.8969e-06
893.0	2.0674e-06
893.2	2.2533e-06
893.4	2.4559e-06
893.6	2.6767e-06
893.8	2.9174e-06
894.0	3.1797e-06
894.2	3.4656e-06
894.4	3.7772e-06
894.6	4.1081e-06
894.8	4.1163e-06
895.0	4.1245e-06
895.2	4.1328e-06
895.4	4.141e-06
895.6	4.1493e-06
895.8	4.1575e-06
896.0	4.1658e-06
896.2	4.1741e-06
896.4	4.1824e-06
896.6	4.1908e-06
896.8	4.1991e-06
897.0	4.2075e-06
897.2	4.2159e-06
897.4	4.2243e-06
897.6	4.2327e-06
897.8	4.2412e-06
898.0	4.2496e-06
898.2	4.2581e-06
898.4	4.2646e-06
898.6	4.2712e-06
898.8	4.2778e-06
899.0	4.2844e-06
899.2	4.291e-06
899.4	4.2976e-06
899.6	4.3042e-06
899.8	4.3108e-06
900.0	4.3175e-06
900.2	4.3241e-06
900.4	4.3308e-06
900.6	4.3375e-06
900.8	4.3442e-06
901.0	4.3509e-06
901.2	4.3576e-06
901.4	4.3643e-06
901.6	4.4333e-06
901.8	4.5296e-06
902.0	4.6279e-06
902.2	4.7284e-06
902.4	4.8311e-06
902.6	4.9359e-06
902.8	5.0431e-06
903.0	5.1526e-06
903.2	5.2645e-06
903.4	5.3788e-06
903.6	5.4955e-06
903.8	5.6148e-06
904.0	5.7368e-06
904.2	5.8613e-06
904.4	5.9886e-06
904.6	6.1186e-06
904.8	6.2514e-06
905.0	6.091e-06
905.2	5.6947e-06
905.4	5.3243e-06
905.6	4.9779e-06
905.8	4.6541e-06
906.0	4.3513e-06
906.2	4.0683e-06
906.4	3.8036e-06
906.6	3.5562e-06
906.8	3.3248e-06
907.0	3.1085e-06
907.2	2.9063e-06
907.4	2.7173e-06
907.6	2.5405e-06
907.8	2.3752e-06
908.0	2.2207e-06
908.2	2.0762e-06
908.4	1.9412e-06
908.6	1.8149e-06
908.8	1.6968e-06
909.0	1.5864e-06
909.2	1.4832e-06
909.4	1.3868e-06
909.6	1.2965e-06
909.8	1.2121e-06
910.0	1.1313e-06
910.2	1.0559e-06
910.4	9.8549e-07
910.6	9.1978e-07
910.8	8.5846e-07
911.0	8.0122e-07
911.2	7.478e-07
911.4	6.9794e-07
911.6	6.5141e-07
911.8	6.0797e-07
912.0	5.6744e-07
912.2	5.296e-07
912.4	4.9429e-07
912.6	4.6134e-07
912.8	4.3058e-07
913.0	4.0187e-07
913.2	3.7507e-07
913.4	3.5007e-07
913.6	3.2673e-07
913.8	3.0494e-07
914.0	2.8461e-07
914.2	2.6563e-07
914.4	2.4792e-07
914.6	2.3139e-07
914.8	2.208e-07
915.0	2.1496e-07
915.2	2.0928e-07
915.4	2.0374e-07
915.6	1.9835e-07
915.8	1.9311e-07
916.0	1.88e-07
916.2	1.8303e-07
916.4	1.7819e-07
916.6	1.7347e-07
916.8	1.6888e-07
917.0	1.6442e-07
917.2	1.6007e-07
917.4	1.5583e-07
917.6	1.5171e-07
917.8	1.477e-07
918.0	1.4379e-07
918.2	1.3999e-07
918.4	1.3629e-07
918.6	1.3268e-07
918.8	1.2917e-07
919.0	1.2576e-07
919.2	1.2243e-07
919.4	1.1919e-07
919.6	1.1614e-07
919.8	1.1632e-07
920.0	1.165e-07
920.2	1.1668e-07
920.4	1.1686e-07
920.6	1.1704e-07
920.8	1.1723e-07
921.0	1.1741e-07
921.2	1.1759e-07
921.4	1.1777e-07
921.6	1.1796e-07
921.8	1.1814e-07
922.0	1.1832e-07
922.2	1.1851e-07
922.4	1.1869e-07
922.6	1.1888e-07
922.8	1.1906e-07
923.0	1.1925e-07
923.2	1.1943e-07
923.4	1.1962e-07
923.6	1.198e-07
923.8	1.1999e-07
924.0	1.2018e-07
924.2	1.2036e-07
924.4	1.2055e-07
924.6	1.2074e-07
924.8	1.2093e-07
925.0	1.2111e-07
925.2	1.213e-07
925.4	1.2149e-07
925.6	1.2199e-07
925.8	1.25e-07
926.0	1.2808e-07
926.2	1.3124e-07
926.4	1.3448e-07
926.6	1.378e-07
926.8	1.412e-07
927.0	1.4468e-07
927.2	1.4825e-07
927.4	1.5191e-07
927.6	1.5566e-07
927.8	1.595e-07
928.0	1.6344e-07
928.2	1.6747e-07
928.4	1.716e-07
928.6	1.7584e-07
928.8	1.8018e-07
929.0	1.8462e-07
929.2	1.9549e-07
929.4	2.0724e-07
929.6	2.1969e-07
929.8	2.329e-07
930.0	2.469e-07
930.2	2.6174e-07
930.4	2.7747e-07
930.6	2.9415e-07
930.8	3.1183e-07
931.0	3.3057e-07
931.2	3.5044e-07
931.4	3.7151e-07
931.6	3.9384e-07
931.8	4.1751e-07
932.0	4.426e-07
932.2	4.6921e-07
932.4	4.9741e-07
932.6	5.2731e-07
932.8	5.59e-07
933.0	5.926e-07
933.2	6.2822e-07
933.4	6.6598e-07
933.6	7.0601e-07
933.8	7.4845e-07
934.0	7.9344e-07
