Typical Measured Spectrum of Semrock FF01-747/33 Optical Filter	
For wavelengths between 320 and 1120 nm, values near or below 3e-7 (Optical Density 6.5) are measurement noise limited.
For wavelengths < 320 nm and > 1120 nm, values near or below 3e-6 (Optical Density 5.5) are measurement noise limited. 
Data format:  Wavelength (nm) <tab> Transmission (0 to 1)
265.0	7.9926e-07
265.2	7.901e-07
265.4	7.8104e-07
265.6	7.7208e-07
265.8	7.6323e-07
266.0	7.5448e-07
266.2	7.4583e-07
266.4	7.3728e-07
266.6	7.2883e-07
266.8	7.2047e-07
267.0	7.1221e-07
267.2	7.4678e-07
267.4	7.8446e-07
267.6	8.2403e-07
267.8	8.656e-07
268.0	9.0927e-07
268.2	9.5514e-07
268.4	1.0033e-06
268.6	1.0539e-06
268.8	1.1071e-06
269.0	1.163e-06
269.2	1.2216e-06
269.4	1.2833e-06
269.6	1.348e-06
269.8	1.416e-06
270.0	1.4874e-06
270.2	1.5625e-06
270.4	1.6413e-06
270.6	1.7241e-06
270.8	1.7486e-06
271.0	1.634e-06
271.2	1.5269e-06
271.4	1.4269e-06
271.6	1.3333e-06
271.8	1.246e-06
272.0	1.1643e-06
272.2	1.088e-06
272.4	1.0167e-06
272.6	9.5006e-07
272.8	8.878e-07
273.0	8.2961e-07
273.2	7.7524e-07
273.4	7.2443e-07
273.6	6.7696e-07
273.8	6.3259e-07
274.0	5.9113e-07
274.2	5.5239e-07
274.4	5.1619e-07
274.6	4.9959e-07
274.8	4.9338e-07
275.0	4.8725e-07
275.2	4.8312e-07
275.4	4.7902e-07
275.6	4.7457e-07
275.8	4.698e-07
276.0	4.6507e-07
276.2	4.6038e-07
276.4	4.5575e-07
276.6	4.5116e-07
276.8	4.4662e-07
277.0	4.4212e-07
277.2	4.3767e-07
277.4	4.3326e-07
277.6	4.289e-07
277.8	4.2458e-07
278.0	4.2031e-07
278.2	4.1608e-07
278.4	4.1189e-07
278.6	4.0774e-07
278.8	4.0363e-07
279.0	3.9957e-07
279.2	3.9555e-07
279.4	3.902e-07
279.6	3.8467e-07
279.8	3.7922e-07
280.0	3.7386e-07
280.2	3.6856e-07
280.4	3.6334e-07
280.6	3.582e-07
280.8	3.5313e-07
281.0	3.4813e-07
281.2	3.432e-07
281.4	3.3834e-07
281.6	3.3355e-07
281.8	3.2882e-07
282.0	3.2417e-07
282.2	3.1958e-07
282.4	3.1505e-07
282.6	3.1059e-07
282.8	3.0619e-07
283.0	3.0703e-07
283.2	3.31e-07
283.4	3.5684e-07
283.6	3.8469e-07
283.8	4.1472e-07
284.0	4.4709e-07
284.2	4.8199e-07
284.4	5.1962e-07
284.6	5.6018e-07
284.8	6.0391e-07
285.0	6.5105e-07
285.2	4.3225e-07
285.4	2.8699e-07
285.6	2.624e-07
285.8	2.9832e-07
286.0	3.3914e-07
286.2	3.8556e-07
286.4	4.3833e-07
286.6	4.9832e-07
286.8	5.6652e-07
287.0	6.4406e-07
287.2	7.3221e-07
287.4	8.3242e-07
287.6	9.4635e-07
287.8	1.0759e-06
288.0	1.2231e-06
288.2	1.3905e-06
288.4	1.5808e-06
288.6	1.7972e-06
288.8	2.0432e-06
289.0	2.3228e-06
289.2	2.6407e-06
289.4	2.2903e-06
289.6	1.9524e-06
289.8	1.6644e-06
290.0	1.4188e-06
290.2	1.2095e-06
290.4	1.0311e-06
290.6	8.7897e-07
290.8	7.4929e-07
291.0	6.3875e-07
291.2	5.4451e-07
291.4	4.6418e-07
291.6	3.957e-07
291.8	3.3732e-07
292.0	2.8756e-07
292.2	2.4513e-07
292.4	2.0897e-07
292.6	1.7814e-07
292.8	1.5186e-07
293.0	1.3426e-07
293.2	1.295e-07
293.4	1.2491e-07
293.6	1.2048e-07
293.8	1.1621e-07
294.0	1.121e-07
294.2	1.0812e-07
294.4	1.0429e-07
294.6	1.0059e-07
294.8	9.7029e-08
295.0	9.3591e-08
295.2	9.723e-08
295.4	1.0101e-07
295.6	1.0494e-07
295.8	1.0902e-07
296.0	1.1326e-07
296.2	1.1766e-07
296.4	1.2224e-07
296.6	1.2699e-07
296.8	1.3193e-07
297.0	1.3706e-07
297.2	1.4239e-07
297.4	1.4792e-07
297.6	1.5367e-07
297.8	1.5965e-07
298.0	1.6435e-07
298.2	1.625e-07
298.4	1.6067e-07
298.6	1.5887e-07
298.8	1.5708e-07
299.0	1.5532e-07
299.2	1.5358e-07
299.4	1.5185e-07
299.6	1.5014e-07
299.8	1.4846e-07
300.0	1.4679e-07
300.2	1.4514e-07
300.4	1.4351e-07
300.6	1.419e-07
300.8	1.403e-07
301.0	1.3873e-07
301.2	1.3717e-07
301.4	1.3563e-07
301.6	1.3411e-07
301.8	1.4057e-07
302.0	1.5471e-07
302.2	1.7028e-07
302.4	1.8741e-07
302.6	2.0626e-07
302.8	2.27e-07
303.0	2.4984e-07
303.2	2.7497e-07
303.4	3.0263e-07
303.6	3.3307e-07
303.8	3.6658e-07
304.0	4.0345e-07
304.2	4.4404e-07
304.4	4.887e-07
304.6	5.3786e-07
304.8	5.9197e-07
305.0	6.5152e-07
305.2	6.6932e-07
305.4	6.8761e-07
305.6	6.8346e-07
305.8	6.1362e-07
306.0	5.5091e-07
306.2	4.9461e-07
306.4	4.4406e-07
306.6	3.9868e-07
306.8	3.5794e-07
307.0	3.2136e-07
307.2	2.8852e-07
307.4	2.5903e-07
307.6	2.3256e-07
307.8	2.0879e-07
308.0	1.8746e-07
308.2	1.683e-07
308.4	1.511e-07
308.6	1.3566e-07
308.8	1.2179e-07
309.0	1.0935e-07
309.2	9.8173e-08
309.4	9.3699e-08
309.6	9.3313e-08
309.8	9.2928e-08
310.0	9.2545e-08
310.2	9.2163e-08
310.4	9.1783e-08
310.6	9.1404e-08
310.8	9.1027e-08
311.0	9.0652e-08
311.2	9.0278e-08
311.4	8.9905e-08
311.6	8.9535e-08
311.8	8.9165e-08
312.0	8.8798e-08
312.2	8.8431e-08
312.4	8.8066e-08
312.6	8.7703e-08
312.8	8.7341e-08
313.0	8.6981e-08
313.2	8.6548e-08
313.4	8.6113e-08
313.6	8.5679e-08
313.8	8.5248e-08
314.0	8.4819e-08
314.2	8.4392e-08
314.4	8.3967e-08
314.6	8.3544e-08
314.8	8.3124e-08
315.0	8.2706e-08
315.2	8.2289e-08
315.4	8.1875e-08
315.6	8.1463e-08
315.8	8.1053e-08
316.0	8.0645e-08
316.2	8.0239e-08
316.4	7.9835e-08
316.6	7.9433e-08
316.8	8.0473e-08
317.0	8.5033e-08
317.2	8.9852e-08
317.4	9.4944e-08
317.6	1.0032e-07
317.8	1.0601e-07
318.0	1.1202e-07
318.2	1.1836e-07
318.4	1.2507e-07
318.6	1.3216e-07
318.8	1.3965e-07
319.0	1.4756e-07
319.2	1.5592e-07
319.4	1.6476e-07
319.6	1.741e-07
319.8	1.8396e-07
320.0	1.9439e-07
320.2	2.054e-07
320.4	2.1704e-07
320.6	2.1218e-07
320.8	1.9946e-07
321.0	1.875e-07
321.2	1.7626e-07
321.4	1.6569e-07
321.6	1.5575e-07
321.8	1.4642e-07
322.0	1.3764e-07
322.2	1.2938e-07
322.4	1.2163e-07
322.6	1.1433e-07
322.8	1.0748e-07
323.0	1.0103e-07
323.2	9.4977e-08
323.4	8.9282e-08
323.6	8.3929e-08
323.8	7.8896e-08
324.0	7.4166e-08
324.2	6.9858e-08
324.4	6.9035e-08
324.6	6.8221e-08
324.8	6.7416e-08
325.0	6.6621e-08
325.2	6.5835e-08
325.4	6.5059e-08
325.6	6.4292e-08
325.8	6.3533e-08
326.0	6.2784e-08
326.2	6.2044e-08
326.4	6.1312e-08
326.6	6.0589e-08
326.8	5.9875e-08
327.0	5.9168e-08
327.2	5.8471e-08
327.4	5.7781e-08
327.6	5.71e-08
327.8	5.6426e-08
328.0	5.7201e-08
328.2	6.0022e-08
328.4	6.2981e-08
328.6	6.6087e-08
328.8	6.9346e-08
329.0	7.2765e-08
329.2	7.6354e-08
329.4	8.0119e-08
329.6	8.4069e-08
329.8	8.8215e-08
330.0	9.2565e-08
330.2	9.713e-08
330.4	1.0192e-07
330.6	1.0694e-07
330.8	1.1222e-07
331.0	1.1775e-07
331.2	1.2356e-07
331.4	1.2965e-07
331.6	1.3604e-07
331.8	1.2993e-07
332.0	1.2147e-07
332.2	1.1356e-07
332.4	1.0616e-07
332.6	9.9246e-08
332.8	9.2782e-08
333.0	8.6738e-08
333.2	8.1089e-08
333.4	7.5808e-08
333.6	7.087e-08
333.8	6.6254e-08
334.0	6.1939e-08
334.2	5.7905e-08
334.4	5.4133e-08
334.6	5.0607e-08
334.8	4.7311e-08
335.0	4.423e-08
335.2	4.2229e-08
335.4	4.032e-08
335.6	3.9611e-08
335.8	4.1595e-08
336.0	4.3679e-08
336.2	4.5867e-08
336.4	4.8165e-08
336.6	5.0577e-08
336.8	5.3111e-08
337.0	5.5771e-08
337.2	5.8565e-08
337.4	6.1499e-08
337.6	6.458e-08
337.8	6.7815e-08
338.0	7.1212e-08
338.2	7.4779e-08
338.4	7.8525e-08
338.6	8.2458e-08
338.8	8.6589e-08
339.0	9.0927e-08
339.2	9.5481e-08
339.4	9.278e-08
339.6	8.6774e-08
339.8	8.1158e-08
340.0	7.5905e-08
340.2	7.0991e-08
340.4	6.6396e-08
340.6	6.2099e-08
340.8	5.8079e-08
341.0	5.432e-08
341.2	5.0804e-08
341.4	4.7516e-08
341.6	4.444e-08
341.8	4.1564e-08
342.0	3.8873e-08
342.2	3.6357e-08
342.4	3.4004e-08
342.6	3.1803e-08
342.8	2.9744e-08
343.0	2.7915e-08
343.2	2.7799e-08
343.4	2.7682e-08
343.6	2.7566e-08
343.8	2.7451e-08
344.0	2.7336e-08
344.2	2.7222e-08
344.4	2.7108e-08
344.6	2.6995e-08
344.8	2.6882e-08
345.0	2.677e-08
345.2	2.6658e-08
345.4	2.6546e-08
345.6	2.6435e-08
345.8	2.6325e-08
346.0	2.6215e-08
346.2	2.6105e-08
346.4	2.5996e-08
346.6	2.5887e-08
346.8	2.5835e-08
347.0	2.5854e-08
347.2	2.5872e-08
347.4	2.5891e-08
347.6	2.5909e-08
347.8	2.5928e-08
348.0	2.5946e-08
348.2	2.5965e-08
348.4	2.5983e-08
348.6	2.6002e-08
348.8	2.6021e-08
349.0	2.6039e-08
349.2	2.6058e-08
349.4	2.6077e-08
349.6	2.6095e-08
349.8	2.6114e-08
350.0	2.6133e-08
350.2	2.6151e-08
350.4	2.617e-08
350.6	2.6168e-08
350.8	2.6161e-08
351.0	2.6155e-08
351.2	2.6149e-08
351.4	2.6142e-08
351.6	2.6136e-08
351.8	2.613e-08
352.0	2.6123e-08
352.2	2.6117e-08
352.4	2.6111e-08
352.6	2.6104e-08
352.8	2.6098e-08
353.0	2.6092e-08
353.2	2.6086e-08
353.4	2.6079e-08
353.6	2.6073e-08
353.8	2.6067e-08
354.0	2.606e-08
354.2	2.6729e-08
354.4	2.9662e-08
354.6	3.2916e-08
354.8	3.6528e-08
355.0	4.0537e-08
355.2	4.4985e-08
355.4	4.9921e-08
355.6	5.5399e-08
355.8	6.1477e-08
356.0	6.8223e-08
356.2	7.5709e-08
356.4	8.4017e-08
356.6	9.3236e-08
356.8	1.0347e-07
357.0	1.1482e-07
357.2	1.2742e-07
357.4	1.414e-07
357.6	1.5692e-07
357.8	1.7413e-07
358.0	1.6934e-07
358.2	1.5384e-07
358.4	1.3976e-07
358.6	1.2698e-07
358.8	1.1536e-07
359.0	1.048e-07
359.2	9.5211e-08
359.4	8.6499e-08
359.6	7.8584e-08
359.8	7.1393e-08
360.0	6.486e-08
360.2	5.8925e-08
360.4	5.3534e-08
360.6	4.8635e-08
360.8	4.4185e-08
361.0	4.0142e-08
361.2	3.6468e-08
361.4	3.3131e-08
361.6	3.0718e-08
361.8	3.5985e-08
362.0	4.2155e-08
362.2	4.9383e-08
362.4	5.7851e-08
362.6	6.777e-08
362.8	7.939e-08
363.0	9.3002e-08
363.2	1.0895e-07
363.4	1.2763e-07
363.6	1.4951e-07
363.8	1.7515e-07
364.0	2.0518e-07
364.2	2.4036e-07
364.4	2.8157e-07
364.6	3.2985e-07
364.8	3.8641e-07
365.0	4.5267e-07
365.2	4.8833e-07
365.4	5.268e-07
365.6	5.683e-07
365.8	6.1307e-07
366.0	6.6137e-07
366.2	7.1348e-07
366.4	7.6969e-07
366.6	8.3033e-07
366.8	8.9574e-07
367.0	8.7585e-07
367.2	7.1909e-07
367.4	5.9039e-07
367.6	4.8472e-07
367.8	3.9797e-07
368.0	3.2674e-07
368.2	2.6826e-07
368.4	2.2025e-07
368.6	1.8083e-07
368.8	1.4846e-07
369.0	1.2189e-07
369.2	1.0007e-07
369.4	8.2164e-08
369.6	6.7458e-08
369.8	5.5385e-08
370.0	4.5472e-08
370.2	3.7333e-08
370.4	3.0651e-08
370.6	2.5166e-08
370.8	2.4584e-08
371.0	2.5448e-08
371.2	2.6342e-08
371.4	2.7268e-08
371.6	2.8226e-08
371.8	2.9218e-08
372.0	3.0245e-08
372.2	3.1308e-08
372.4	3.2408e-08
372.6	3.3547e-08
372.8	3.4726e-08
373.0	3.5947e-08
373.2	3.721e-08
373.4	3.8518e-08
373.6	3.9872e-08
373.8	4.1273e-08
374.0	4.2723e-08
374.2	4.4225e-08
374.4	4.5286e-08
374.6	4.3506e-08
374.8	4.1796e-08
375.0	4.0153e-08
375.2	3.8575e-08
375.4	3.7059e-08
375.6	3.5602e-08
375.8	3.4203e-08
376.0	3.2858e-08
376.2	3.1567e-08
376.4	3.0326e-08
376.6	2.9134e-08
376.8	2.7989e-08
377.0	2.6888e-08
377.2	2.5831e-08
377.4	2.4816e-08
377.6	2.3841e-08
377.8	2.2904e-08
378.0	2.2003e-08
378.2	2.1554e-08
378.4	2.146e-08
378.6	2.1366e-08
378.8	2.1273e-08
379.0	2.118e-08
379.2	2.1088e-08
379.4	2.0996e-08
379.6	2.0904e-08
379.8	2.0813e-08
380.0	2.0722e-08
380.2	2.0632e-08
380.4	2.0542e-08
380.6	2.0452e-08
380.8	2.0363e-08
381.0	2.0274e-08
381.2	2.0185e-08
381.4	2.0097e-08
381.6	2.001e-08
381.8	1.9922e-08
382.0	1.9827e-08
382.2	1.9731e-08
382.4	1.9637e-08
382.6	1.9542e-08
382.8	1.9448e-08
383.0	1.9355e-08
383.2	1.9262e-08
383.4	1.9169e-08
383.6	1.9077e-08
383.8	1.8985e-08
384.0	1.8894e-08
384.2	1.8803e-08
384.4	1.8712e-08
384.6	1.8622e-08
384.8	1.8533e-08
385.0	1.8444e-08
385.2	1.8355e-08
385.4	1.8267e-08
385.6	1.8177e-08
385.8	1.8084e-08
386.0	1.7992e-08
386.2	1.7901e-08
386.4	1.7809e-08
386.6	1.7719e-08
386.8	1.7628e-08
387.0	1.7539e-08
387.2	1.7449e-08
387.4	1.736e-08
387.6	1.7272e-08
387.8	1.7184e-08
388.0	1.7096e-08
388.2	1.7009e-08
388.4	1.6923e-08
388.6	1.6836e-08
388.8	1.6751e-08
389.0	1.6665e-08
389.2	1.658e-08
389.4	1.6366e-08
389.6	1.6123e-08
389.8	1.5883e-08
390.0	1.5646e-08
390.2	1.5414e-08
390.4	1.5184e-08
390.6	1.4958e-08
390.8	1.4736e-08
391.0	1.4516e-08
391.2	1.43e-08
391.4	1.4088e-08
391.6	1.3878e-08
391.8	1.3672e-08
392.0	1.3468e-08
392.2	1.3324e-08
392.4	1.3182e-08
392.6	1.3042e-08
392.8	1.2902e-08
393.0	1.2768e-08
393.2	1.2637e-08
393.4	1.2507e-08
393.6	1.2379e-08
393.8	1.2252e-08
394.0	1.2126e-08
394.2	1.2002e-08
394.4	1.1878e-08
394.6	1.1757e-08
394.8	1.1636e-08
395.0	1.1517e-08
395.2	1.1398e-08
395.4	1.1281e-08
395.6	1.1166e-08
395.8	1.1051e-08
396.0	1.0938e-08
396.2	1.0826e-08
396.4	1.0714e-08
396.6	1.0605e-08
396.8	1.1889e-08
397.0	1.3417e-08
397.2	1.5141e-08
397.4	1.7087e-08
397.6	1.9282e-08
397.8	2.176e-08
398.0	2.4557e-08
398.2	2.7712e-08
398.4	3.1273e-08
398.6	3.5292e-08
398.8	3.9828e-08
399.0	4.4946e-08
399.2	5.0721e-08
399.4	5.7239e-08
399.6	6.4595e-08
399.8	7.2896e-08
400.0	8.2263e-08
400.2	9.2835e-08
400.4	1.0e-07
400.6	1.0e-07
400.8	1.0e-07
401.0	1.0e-07
401.2	1.0e-07
401.4	1.0e-07
401.6	1.0e-07
401.8	1.0e-07
402.0	1.0e-07
402.2	1.0e-07
402.4	1.0e-07
402.6	1.0e-07
402.8	1.0e-07
403.0	1.0e-07
403.2	1.0e-07
403.4	1.0e-07
403.6	1.0e-07
403.8	1.0e-07
404.0	1.0e-07
404.2	1.0e-07
404.4	1.0e-07
404.6	1.0e-07
404.8	1.0e-07
405.0	1.0e-07
405.2	1.0e-07
405.4	1.0e-07
405.6	1.0e-07
405.8	1.0e-07
406.0	1.0e-07
406.2	1.0e-07
406.4	1.0e-07
406.6	1.0e-07
406.8	1.0e-07
407.0	1.0e-07
407.2	1.0e-07
407.4	1.0e-07
407.6	1.0e-07
407.8	1.0e-07
408.0	1.0e-07
408.2	1.0e-07
408.4	1.0e-07
408.6	1.0e-07
408.8	1.0e-07
409.0	1.0e-07
409.2	1.0e-07
409.4	1.0e-07
409.6	1.0e-07
409.8	1.0e-07
410.0	1.0e-07
410.2	1.0e-07
410.4	1.0e-07
410.6	1.0e-07
410.8	1.0e-07
411.0	1.0e-07
411.2	1.0e-07
411.4	1.0e-07
411.6	1.0e-07
411.8	1.0e-07
412.0	1.0e-07
412.2	1.0e-07
412.4	1.0e-07
412.6	1.0e-07
412.8	1.0e-07
413.0	1.0e-07
413.2	1.0e-07
413.4	1.0e-07
413.6	1.0e-07
413.8	1.0e-07
414.0	1.0e-07
414.2	1.0e-07
414.4	1.0e-07
414.6	1.0e-07
414.8	1.0e-07
415.0	1.0e-07
415.2	1.0e-07
415.4	1.0e-07
415.6	1.0e-07
415.8	1.0e-07
416.0	1.0e-07
416.2	1.0e-07
416.4	1.0e-07
416.6	1.0e-07
416.8	1.0e-07
417.0	1.0e-07
417.2	1.0e-07
417.4	1.0e-07
417.6	1.0e-07
417.8	1.0e-07
418.0	1.0e-07
418.2	1.0e-07
418.4	1.0e-07
418.6	1.0e-07
418.8	1.0e-07
419.0	1.0e-07
419.2	1.0e-07
419.4	1.0e-07
419.6	1.0e-07
419.8	1.0e-07
420.0	1.0e-07
420.2	1.0e-07
420.4	1.0e-07
420.6	1.0e-07
420.8	1.0e-07
421.0	1.0e-07
421.2	1.0e-07
421.4	1.0e-07
421.6	1.0e-07
421.8	1.0e-07
422.0	1.0e-07
422.2	1.0e-07
422.4	1.0e-07
422.6	1.0e-07
422.8	1.0e-07
423.0	1.0e-07
423.2	1.0e-07
423.4	1.0e-07
423.6	1.0e-07
423.8	1.0e-07
424.0	1.0e-07
424.2	1.0e-07
424.4	1.0e-07
424.6	1.0e-07
424.8	1.0e-07
425.0	1.0e-07
425.2	1.0e-07
425.4	1.0e-07
425.6	1.0e-07
425.8	1.0e-07
426.0	1.0e-07
426.2	1.0e-07
426.4	1.6068e-07
426.6	3.077e-07
426.8	5.8922e-07
427.0	1.1283e-06
427.2	1.1496e-06
427.4	1.1712e-06
427.6	1.1933e-06
427.8	1.2158e-06
428.0	1.2386e-06
428.2	1.262e-06
428.4	1.2857e-06
428.6	1.31e-06
428.8	1.3346e-06
429.0	1.3598e-06
429.2	1.3854e-06
429.4	1.4115e-06
429.6	1.438e-06
429.8	1.4651e-06
430.0	1.4927e-06
430.2	1.5223e-06
430.4	1.5693e-06
430.6	1.6178e-06
430.8	1.6677e-06
431.0	1.7191e-06
431.2	1.7722e-06
431.4	1.8269e-06
431.6	1.8832e-06
431.8	1.9414e-06
432.0	2.0013e-06
432.2	2.063e-06
432.4	2.1267e-06
432.6	2.1923e-06
432.8	2.26e-06
433.0	2.3297e-06
433.2	2.4016e-06
433.4	2.4757e-06
433.6	2.5521e-06
433.8	2.6309e-06
434.0	2.5956e-06
434.2	2.4668e-06
434.4	2.3444e-06
434.6	2.2281e-06
434.8	2.1176e-06
435.0	2.0125e-06
435.2	1.9127e-06
435.4	1.8178e-06
435.6	1.7276e-06
435.8	1.6419e-06
436.0	1.5604e-06
436.2	1.483e-06
436.4	1.4094e-06
436.6	1.3395e-06
436.8	1.2731e-06
437.0	1.2099e-06
437.2	1.1499e-06
437.4	1.0928e-06
437.6	1.0384e-06
437.8	9.7001e-07
438.0	9.0609e-07
438.2	8.4639e-07
438.4	7.9062e-07
438.6	7.3852e-07
438.8	6.8986e-07
439.0	6.444e-07
439.2	6.0194e-07
439.4	5.6228e-07
439.6	5.2523e-07
439.8	4.9062e-07
440.0	4.5829e-07
440.2	4.2809e-07
440.4	3.9988e-07
440.6	3.7353e-07
440.8	3.4892e-07
441.0	3.2593e-07
441.2	3.0445e-07
441.4	2.8577e-07
441.6	2.696e-07
441.8	2.5434e-07
442.0	2.3994e-07
442.2	2.2636e-07
442.4	2.1355e-07
442.6	2.0146e-07
442.8	1.9005e-07
443.0	1.793e-07
443.2	1.6915e-07
443.4	1.5957e-07
443.6	1.5054e-07
443.8	1.4202e-07
444.0	1.3398e-07
444.2	1.264e-07
444.4	1.1924e-07
444.6	1.1249e-07
444.8	1.0612e-07
445.0	1.0012e-07
445.2	1.0299e-07
445.4	1.0613e-07
445.6	1.0936e-07
445.8	1.127e-07
446.0	1.1613e-07
446.2	1.1967e-07
446.4	1.2332e-07
446.6	1.2708e-07
446.8	1.3095e-07
447.0	1.3495e-07
447.2	1.3906e-07
447.4	1.433e-07
447.6	1.4767e-07
447.8	1.5217e-07
448.0	1.5681e-07
448.2	1.6159e-07
448.4	1.6652e-07
448.6	1.7159e-07
448.8	1.8347e-07
449.0	2.0415e-07
449.2	2.2717e-07
449.4	2.5278e-07
449.6	2.8128e-07
449.8	3.13e-07
450.0	3.4829e-07
450.2	3.8756e-07
450.4	4.3125e-07
450.6	4.7988e-07
450.8	5.3398e-07
451.0	5.9419e-07
451.2	6.6118e-07
451.4	7.3573e-07
451.6	8.1869e-07
451.8	9.1099e-07
452.0	1.0137e-06
452.2	1.128e-06
452.4	1.2552e-06
452.6	1.3554e-06
452.8	1.4631e-06
453.0	1.5795e-06
453.2	1.705e-06
453.4	1.8406e-06
453.6	1.9869e-06
453.8	2.1448e-06
454.0	2.3154e-06
454.2	2.4994e-06
454.4	2.6981e-06
454.6	2.9126e-06
454.8	3.1442e-06
455.0	3.3942e-06
455.2	3.664e-06
455.4	3.9553e-06
455.6	4.2697e-06
455.8	4.6092e-06
456.0	4.9756e-06
456.2	5.1001e-06
456.4	4.9742e-06
456.6	4.8513e-06
456.8	4.7315e-06
457.0	4.6146e-06
457.2	4.5006e-06
457.4	4.3894e-06
457.6	4.281e-06
457.8	4.1752e-06
458.0	4.0721e-06
458.2	3.9715e-06
458.4	3.8734e-06
458.6	3.7777e-06
458.8	3.6844e-06
459.0	3.5934e-06
459.2	3.5047e-06
459.4	3.4181e-06
459.6	3.3336e-06
459.8	3.249e-06
460.0	3.1121e-06
460.2	2.9811e-06
460.4	2.8556e-06
460.6	2.7353e-06
460.8	2.6201e-06
461.0	2.5098e-06
461.2	2.4041e-06
461.4	2.3029e-06
461.6	2.2059e-06
461.8	2.113e-06
462.0	2.024e-06
462.2	1.9388e-06
462.4	1.8571e-06
462.6	1.7789e-06
462.8	1.704e-06
463.0	1.6323e-06
463.2	1.5635e-06
463.4	1.4977e-06
463.6	1.4087e-06
463.8	1.3076e-06
464.0	1.2138e-06
464.2	1.1267e-06
464.4	1.0459e-06
464.6	9.7087e-07
464.8	9.0121e-07
465.0	8.3656e-07
465.2	7.7654e-07
465.4	7.2083e-07
465.6	6.6911e-07
465.8	6.2111e-07
466.0	5.7655e-07
466.2	5.3518e-07
466.4	4.9679e-07
466.6	4.6115e-07
466.8	4.2806e-07
467.0	3.9735e-07
467.2	3.7829e-07
467.4	4.2344e-07
467.6	4.7399e-07
467.8	5.3058e-07
468.0	5.9392e-07
468.2	6.0796e-07
468.4	6.2234e-07
468.6	6.3706e-07
468.8	6.5212e-07
469.0	6.6755e-07
469.2	6.8333e-07
469.4	6.9949e-07
469.6	7.1604e-07
469.8	7.3297e-07
470.0	7.5031e-07
470.2	7.6805e-07
470.4	7.8621e-07
470.6	8.0617e-07
470.8	8.455e-07
471.0	8.8674e-07
471.2	9.2999e-07
471.4	9.7535e-07
471.6	1.0229e-06
471.8	1.0728e-06
472.0	1.1251e-06
472.2	1.18e-06
472.4	1.2376e-06
472.6	1.298e-06
472.8	1.3613e-06
473.0	1.4277e-06
473.2	1.4973e-06
473.4	1.5703e-06
473.6	1.6469e-06
473.8	1.7273e-06
474.0	1.8115e-06
474.2	1.8999e-06
474.4	1.9539e-06
474.6	1.9818e-06
474.8	2.0101e-06
475.0	2.0389e-06
475.2	2.068e-06
475.4	2.0975e-06
475.6	2.1275e-06
475.8	2.1579e-06
476.0	2.1887e-06
476.2	2.22e-06
476.4	2.2517e-06
476.6	2.2838e-06
476.8	2.3164e-06
477.0	2.3495e-06
477.2	2.3831e-06
477.4	2.4171e-06
477.6	2.4517e-06
477.8	2.4867e-06
478.0	2.4921e-06
478.2	2.2661e-06
478.4	2.0606e-06
478.6	1.8737e-06
478.8	1.7038e-06
479.0	1.5493e-06
479.2	1.4088e-06
479.4	1.2811e-06
479.6	1.1649e-06
479.8	1.0593e-06
480.0	9.6322e-07
480.2	8.7588e-07
480.4	7.9645e-07
480.6	7.2423e-07
480.8	6.5856e-07
481.0	5.9884e-07
481.2	5.4453e-07
481.4	4.9516e-07
481.6	4.5026e-07
481.8	4.4097e-07
482.0	4.4989e-07
482.2	4.5899e-07
482.4	4.6828e-07
482.6	4.7775e-07
482.8	4.8741e-07
483.0	4.9727e-07
483.2	5.0733e-07
483.4	5.176e-07
483.6	5.2807e-07
483.8	5.3875e-07
484.0	5.4964e-07
484.2	5.6076e-07
484.4	5.7211e-07
484.6	5.8368e-07
484.8	5.9548e-07
485.0	6.0753e-07
485.2	6.1982e-07
485.4	6.3082e-07
485.6	6.3537e-07
485.8	6.3996e-07
486.0	6.4458e-07
486.2	6.4924e-07
486.4	6.5393e-07
486.6	6.5865e-07
486.8	6.6341e-07
487.0	6.682e-07
487.2	6.7302e-07
487.4	6.7788e-07
487.6	6.8278e-07
487.8	6.8771e-07
488.0	6.9267e-07
488.2	6.9768e-07
488.4	7.0271e-07
488.6	7.0779e-07
488.8	7.129e-07
489.0	7.1805e-07
489.2	7.0248e-07
489.4	6.8043e-07
489.6	6.5907e-07
489.8	6.3838e-07
490.0	6.1834e-07
490.2	5.9893e-07
490.4	5.8013e-07
490.6	5.6192e-07
490.8	5.4428e-07
491.0	5.272e-07
491.2	5.1065e-07
491.4	4.9462e-07
491.6	4.7909e-07
491.8	4.6405e-07
492.0	4.4949e-07
492.2	4.3538e-07
492.4	4.2171e-07
492.6	4.0847e-07
492.8	4.0884e-07
493.0	4.4019e-07
493.2	4.7394e-07
493.4	5.1028e-07
493.6	5.494e-07
493.8	5.9153e-07
494.0	6.3688e-07
494.2	6.8572e-07
494.4	7.3829e-07
494.6	7.949e-07
494.8	8.5585e-07
495.0	9.2147e-07
495.2	9.9212e-07
495.4	1.0682e-06
495.6	1.1501e-06
495.8	1.2383e-06
496.0	1.3332e-06
496.2	1.4354e-06
496.4	1.5455e-06
496.6	1.5912e-06
496.8	1.6291e-06
497.0	1.668e-06
497.2	1.7078e-06
497.4	1.7486e-06
497.6	1.7903e-06
497.8	1.833e-06
498.0	1.8768e-06
498.2	1.9216e-06
498.4	1.9674e-06
498.6	2.0144e-06
498.8	2.0625e-06
499.0	2.1117e-06
499.2	2.1621e-06
499.4	2.2137e-06
499.6	2.2665e-06
499.8	2.3206e-06
500.0	2.376e-06
500.2	2.4132e-06
500.4	2.451e-06
500.6	2.4893e-06
500.8	2.5283e-06
501.0	2.5348e-06
501.2	2.5411e-06
501.4	2.5474e-06
501.6	2.5538e-06
501.8	2.5601e-06
502.0	2.5665e-06
502.2	2.5729e-06
502.4	2.5793e-06
502.6	2.5857e-06
502.8	2.5922e-06
503.0	2.5986e-06
503.2	2.6051e-06
503.4	2.6116e-06
503.6	2.6181e-06
503.8	2.6246e-06
504.0	2.6311e-06
504.2	2.6377e-06
504.4	2.6442e-06
504.6	2.6236e-06
504.8	2.5781e-06
505.0	2.5333e-06
505.2	2.4893e-06
505.4	2.446e-06
505.6	2.4035e-06
505.8	2.3618e-06
506.0	2.3207e-06
506.2	2.2804e-06
506.4	2.2408e-06
506.6	2.2019e-06
506.8	2.1636e-06
507.0	2.126e-06
507.2	2.0891e-06
507.4	2.0528e-06
507.6	2.0171e-06
507.8	1.9821e-06
508.0	1.9477e-06
508.2	1.9106e-06
508.4	1.8158e-06
508.6	1.7257e-06
508.8	1.64e-06
509.0	1.5586e-06
509.2	1.4812e-06
509.4	1.4077e-06
509.6	1.3378e-06
509.8	1.2714e-06
510.0	1.2083e-06
510.2	1.1483e-06
510.4	1.0913e-06
510.6	1.0372e-06
510.8	9.8568e-07
511.0	9.3675e-07
511.2	8.9025e-07
511.4	8.4606e-07
511.6	8.0406e-07
511.8	7.6415e-07
512.0	7.0651e-07
512.2	6.4084e-07
512.4	5.8128e-07
512.6	5.2725e-07
512.8	4.7824e-07
513.0	4.3379e-07
513.2	3.9347e-07
513.4	3.569e-07
513.6	3.2373e-07
513.8	2.9364e-07
514.0	2.6635e-07
514.2	2.4159e-07
514.4	2.1914e-07
514.6	1.9877e-07
514.8	1.8029e-07
515.0	1.6354e-07
515.2	1.4834e-07
515.4	1.3455e-07
515.6	1.244e-07
515.8	1.2877e-07
516.0	1.3328e-07
516.2	1.3796e-07
516.4	1.428e-07
516.6	1.4781e-07
516.8	1.5299e-07
517.0	1.5836e-07
517.2	1.6391e-07
517.4	1.6966e-07
517.6	1.7562e-07
517.8	1.8178e-07
518.0	1.8815e-07
518.2	1.9475e-07
518.4	2.0158e-07
518.6	2.0865e-07
518.8	2.1597e-07
519.0	2.2355e-07
519.2	2.3139e-07
519.4	2.2487e-07
519.6	2.1284e-07
519.8	2.0146e-07
520.0	1.9068e-07
520.2	1.8048e-07
520.4	1.7082e-07
520.6	1.6169e-07
520.8	1.5304e-07
521.0	1.4485e-07
521.2	1.371e-07
521.4	1.2977e-07
521.6	1.2283e-07
521.8	1.1625e-07
522.0	1.1004e-07
522.2	1.0415e-07
522.4	9.8578e-08
522.6	9.3305e-08
522.8	8.8313e-08
523.0	8.3027e-08
523.2	7.6713e-08
523.4	7.088e-08
523.6	6.549e-08
523.8	6.0511e-08
524.0	5.5909e-08
524.2	5.1658e-08
524.4	4.773e-08
524.6	4.4101e-08
524.8	4.0747e-08
525.0	3.7649e-08
525.2	3.4786e-08
525.4	3.2141e-08
525.6	2.9697e-08
525.8	2.7439e-08
526.0	2.5352e-08
526.2	2.3425e-08
526.4	2.1643e-08
526.6	1.9998e-08
526.8	2.184e-08
527.0	2.4483e-08
527.2	2.7446e-08
527.4	3.0768e-08
527.6	3.4492e-08
527.8	3.8666e-08
528.0	4.3345e-08
528.2	4.8591e-08
528.4	5.4472e-08
528.6	6.1064e-08
528.8	6.8454e-08
529.0	7.6739e-08
529.2	8.6026e-08
529.4	9.6437e-08
529.6	1.0811e-07
529.8	1.2119e-07
530.0	1.3586e-07
530.2	1.523e-07
530.4	1.6286e-07
530.6	1.6476e-07
530.8	1.6669e-07
531.0	1.6864e-07
531.2	1.7061e-07
531.4	1.7261e-07
531.6	1.7462e-07
531.8	1.7667e-07
532.0	1.7873e-07
532.2	1.8082e-07
532.4	1.8294e-07
532.6	1.8508e-07
532.8	1.8724e-07
533.0	1.8943e-07
533.2	1.9164e-07
533.4	1.9388e-07
533.6	1.9615e-07
533.8	1.9844e-07
534.0	2.0007e-07
534.2	1.9111e-07
534.4	1.8254e-07
534.6	1.7436e-07
534.8	1.6655e-07
535.0	1.5909e-07
535.2	1.5196e-07
535.4	1.4515e-07
535.6	1.3865e-07
535.8	1.3243e-07
536.0	1.265e-07
536.2	1.2083e-07
536.4	1.1542e-07
536.6	1.1024e-07
536.8	1.053e-07
537.0	1.0059e-07
537.2	9.6078e-08
537.4	9.1773e-08
537.6	8.7661e-08
537.8	8.8159e-08
538.0	9.0888e-08
538.2	9.37e-08
538.4	9.66e-08
538.6	9.959e-08
538.8	1.0267e-07
539.0	1.0585e-07
539.2	1.0913e-07
539.4	1.125e-07
539.6	1.1598e-07
539.8	1.1957e-07
540.0	1.2327e-07
540.2	1.2709e-07
540.4	1.3102e-07
540.6	1.3508e-07
540.8	1.3926e-07
541.0	1.4357e-07
541.2	1.4801e-07
541.4	1.5148e-07
541.6	1.5243e-07
541.8	1.5338e-07
542.0	1.5434e-07
542.2	1.553e-07
542.4	1.5627e-07
542.6	1.5725e-07
542.8	1.5823e-07
543.0	1.5922e-07
543.2	1.5643e-07
543.4	1.537e-07
543.6	1.5101e-07
543.8	1.4655e-07
544.0	1.4026e-07
544.2	1.3423e-07
544.4	1.2847e-07
544.6	1.2295e-07
544.8	1.1767e-07
545.0	1.1262e-07
545.2	1.0779e-07
545.4	1.0316e-07
545.6	9.8729e-08
545.8	9.449e-08
546.0	9.0433e-08
546.2	8.655e-08
546.4	8.2833e-08
546.6	7.9277e-08
546.8	7.5873e-08
547.0	7.2615e-08
547.2	6.9497e-08
547.4	6.653e-08
547.6	6.6952e-08
547.8	6.7376e-08
548.0	6.7803e-08
548.2	6.8233e-08
548.4	6.8666e-08
548.6	6.9101e-08
548.8	6.9539e-08
549.0	6.998e-08
549.2	7.0424e-08
549.4	7.087e-08
549.6	7.132e-08
549.8	7.1772e-08
550.0	7.2227e-08
550.2	7.2685e-08
550.4	7.3146e-08
550.6	7.3609e-08
550.8	7.4076e-08
551.0	7.4546e-08
551.2	7.1128e-08
551.4	6.4915e-08
551.6	5.9244e-08
551.8	5.4069e-08
552.0	4.9346e-08
552.2	4.5036e-08
552.4	4.1102e-08
552.6	3.7512e-08
552.8	3.4235e-08
553.0	3.1245e-08
553.2	2.8515e-08
553.4	2.6025e-08
553.6	2.3751e-08
553.8	2.1677e-08
554.0	1.9783e-08
554.2	1.8055e-08
554.4	1.6478e-08
554.6	1.5039e-08
554.8	1.4e-08
555.0	1.5585e-08
555.2	1.7349e-08
555.4	1.9313e-08
555.6	2.1499e-08
555.8	2.3933e-08
556.0	2.6642e-08
556.2	2.9657e-08
556.4	3.3014e-08
556.6	3.6751e-08
556.8	4.0911e-08
557.0	4.5542e-08
557.2	5.0697e-08
557.4	5.6435e-08
557.6	6.2823e-08
557.8	6.9934e-08
558.0	7.785e-08
558.2	8.6662e-08
558.4	9.6472e-08
558.6	1.0e-07
558.8	1.0e-07
559.0	1.0e-07
559.2	1.0e-07
559.4	1.0e-07
559.6	1.0e-07
559.8	1.0e-07
560.0	1.0e-07
560.2	1.0e-07
560.4	1.0e-07
560.6	1.0e-07
560.8	1.0e-07
561.0	1.0e-07
561.2	1.0e-07
561.4	1.0e-07
561.6	1.0e-07
561.8	1.0e-07
562.0	1.0e-07
562.2	1.0e-07
562.4	1.0e-07
562.6	1.0e-07
562.8	1.0e-07
563.0	1.0e-07
563.2	1.0e-07
563.4	1.0e-07
563.6	1.0e-07
563.8	1.0e-07
564.0	1.0e-07
564.2	1.0e-07
564.4	1.0e-07
564.6	1.0e-07
564.8	1.0e-07
565.0	1.0e-07
565.2	1.0e-07
565.4	1.0e-07
565.6	1.0e-07
565.8	1.0e-07
566.0	1.0e-07
566.2	1.0e-07
566.4	1.0e-07
566.6	1.0e-07
566.8	1.0e-07
567.0	1.0e-07
567.2	1.0e-07
567.4	1.0e-07
567.6	1.0e-07
567.8	1.0e-07
568.0	1.0e-07
568.2	1.0e-07
568.4	1.0e-07
568.6	1.0e-07
568.8	1.0e-07
569.0	1.0e-07
569.2	1.0e-07
569.4	1.0e-07
569.6	1.0e-07
569.8	1.0e-07
570.0	1.0e-07
570.2	1.0e-07
570.4	1.0e-07
570.6	1.0e-07
570.8	1.0e-07
571.0	1.0e-07
571.2	1.0e-07
571.4	1.0e-07
571.6	1.0e-07
571.8	1.0e-07
572.0	1.0e-07
572.2	1.0e-07
572.4	1.0e-07
572.6	1.0e-07
572.8	1.0e-07
573.0	1.0e-07
573.2	1.0e-07
573.4	1.0e-07
573.6	1.0e-07
573.8	1.0e-07
574.0	1.0e-07
574.2	1.0e-07
574.4	1.0e-07
574.6	1.0e-07
574.8	1.0e-07
575.0	1.0e-07
575.2	1.0e-07
575.4	1.0e-07
575.6	1.0e-07
575.8	1.0e-07
576.0	1.0e-07
576.2	1.0e-07
576.4	1.0e-07
576.6	1.0e-07
576.8	1.0e-07
577.0	1.0e-07
577.2	1.0e-07
577.4	1.0e-07
577.6	1.0e-07
577.8	1.0e-07
578.0	1.0e-07
578.2	1.0e-07
578.4	1.0e-07
578.6	1.0e-07
578.8	1.0e-07
579.0	1.0e-07
579.2	1.0e-07
579.4	1.0e-07
579.6	1.0e-07
579.8	1.0e-07
580.0	1.0e-07
580.2	1.0e-07
580.4	1.0e-07
580.6	1.0e-07
580.8	1.0e-07
581.0	1.0e-07
581.2	1.0e-07
581.4	1.0e-07
581.6	1.0e-07
581.8	1.0e-07
582.0	1.0e-07
582.2	1.0e-07
582.4	1.0e-07
582.6	1.0e-07
582.8	1.0e-07
583.0	1.0e-07
583.2	1.0e-07
583.4	1.0e-07
583.6	1.0e-07
583.8	1.0e-07
584.0	1.0e-07
584.2	1.0e-07
584.4	1.0e-07
584.6	1.0e-07
584.8	1.0e-07
585.0	1.0e-07
585.2	1.0e-07
585.4	1.0e-07
585.6	1.0e-07
585.8	1.0e-07
586.0	1.0e-07
586.2	1.0e-07
586.4	1.0e-07
586.6	1.0e-07
586.8	1.0e-07
587.0	1.0e-07
587.2	1.0e-07
587.4	1.0e-07
587.6	1.0e-07
587.8	1.0e-07
588.0	1.0e-07
588.2	1.0e-07
588.4	1.0e-07
588.6	1.0e-07
588.8	1.0e-07
589.0	1.0e-07
589.2	1.0e-07
589.4	1.0e-07
589.6	1.0e-07
589.8	1.0e-07
590.0	1.0e-07
590.2	1.0e-07
590.4	1.0e-07
590.6	1.0e-07
590.8	1.0e-07
591.0	1.0e-07
591.2	1.0e-07
591.4	1.0e-07
591.6	1.0e-07
591.8	1.0e-07
592.0	1.0e-07
592.2	1.0e-07
592.4	1.0e-07
592.6	1.0e-07
592.8	1.0e-07
593.0	1.0e-07
593.2	1.0e-07
593.4	1.0e-07
593.6	1.0e-07
593.8	1.0e-07
594.0	1.0e-07
594.2	1.0e-07
594.4	1.0e-07
594.6	1.0e-07
594.8	1.0e-07
595.0	1.0e-07
595.2	1.0e-07
595.4	1.0e-07
595.6	1.0e-07
595.8	1.0e-07
596.0	1.0e-07
596.2	1.0e-07
596.4	1.0e-07
596.6	1.0e-07
596.8	1.0e-07
597.0	1.0e-07
597.2	1.0e-07
597.4	1.0e-07
597.6	1.0e-07
597.8	1.0e-07
598.0	1.0e-07
598.2	1.0e-07
598.4	1.0e-07
598.6	1.0e-07
598.8	1.0e-07
599.0	1.0e-07
599.2	1.0e-07
599.4	1.0e-07
599.6	1.0e-07
599.8	1.0e-07
600.0	1.0e-07
600.2	1.0e-07
600.4	1.0e-07
600.6	1.0e-07
600.8	1.0e-07
601.0	1.0e-07
601.2	1.0e-07
601.4	1.0e-07
601.6	1.0e-07
601.8	1.0e-07
602.0	1.0e-07
602.2	1.0e-07
602.4	1.0e-07
602.6	1.0e-07
602.8	1.0e-07
603.0	1.0e-07
603.2	1.0e-07
603.4	1.0e-07
603.6	1.0e-07
603.8	1.0e-07
604.0	1.0e-07
604.2	1.0e-07
604.4	1.0e-07
604.6	1.0e-07
604.8	1.0e-07
605.0	1.0e-07
605.2	1.0e-07
605.4	1.0e-07
605.6	1.0e-07
605.8	1.0e-07
606.0	1.0e-07
606.2	1.0e-07
606.4	1.0e-07
606.6	1.0e-07
606.8	1.0e-07
607.0	1.0e-07
607.2	1.0e-07
607.4	1.0e-07
607.6	1.0e-07
607.8	1.0e-07
608.0	1.0e-07
608.2	1.0e-07
608.4	1.0e-07
608.6	1.0e-07
608.8	1.0e-07
609.0	1.0e-07
609.2	1.0e-07
609.4	1.0e-07
609.6	1.0e-07
609.8	1.0e-07
610.0	1.0e-07
610.2	1.0e-07
610.4	1.0e-07
610.6	1.0e-07
610.8	1.0e-07
611.0	1.0e-07
611.2	1.0e-07
611.4	1.0e-07
611.6	1.0e-07
611.8	1.0e-07
612.0	1.0e-07
612.2	1.0e-07
612.4	1.0e-07
612.6	1.0e-07
612.8	1.0e-07
613.0	1.0e-07
613.2	1.0e-07
613.4	1.0e-07
613.6	1.0e-07
613.8	1.0e-07
614.0	1.0e-07
614.2	1.0e-07
614.4	1.0e-07
614.6	1.0e-07
614.8	1.0e-07
615.0	1.0e-07
615.2	1.0e-07
615.4	1.0e-07
615.6	1.0e-07
615.8	1.0e-07
616.0	1.0e-07
616.2	1.0e-07
616.4	1.0e-07
616.6	1.0e-07
616.8	1.0e-07
617.0	1.0e-07
617.2	1.0e-07
617.4	1.0e-07
617.6	1.0e-07
617.8	1.0e-07
618.0	1.0e-07
618.2	1.0e-07
618.4	1.0e-07
618.6	1.0e-07
618.8	1.0e-07
619.0	1.0e-07
619.2	1.0e-07
619.4	1.0e-07
619.6	1.0e-07
619.8	1.0e-07
620.0	1.0e-07
620.2	1.0e-07
620.4	1.0e-07
620.6	1.0e-07
620.8	1.0e-07
621.0	1.0e-07
621.2	1.0e-07
621.4	1.0e-07
621.6	1.0e-07
621.8	1.0e-07
622.0	1.0e-07
622.2	1.0e-07
622.4	1.0e-07
622.6	1.0e-07
622.8	1.0e-07
623.0	1.0e-07
623.2	1.0e-07
623.4	1.0e-07
623.6	1.0e-07
623.8	1.0e-07
624.0	1.0e-07
624.2	1.0e-07
624.4	1.0e-07
624.6	1.0e-07
624.8	1.0e-07
625.0	1.0e-07
625.2	1.0e-07
625.4	1.0e-07
625.6	1.0e-07
625.8	1.0e-07
626.0	1.0e-07
626.2	1.0e-07
626.4	1.0e-07
626.6	1.0e-07
626.8	1.0e-07
627.0	1.0e-07
627.2	1.0e-07
627.4	1.0e-07
627.6	1.0e-07
627.8	1.0e-07
628.0	1.0e-07
628.2	1.0e-07
628.4	1.0e-07
628.6	1.0e-07
628.8	1.0e-07
629.0	1.0e-07
629.2	1.0e-07
629.4	1.0e-07
629.6	1.0e-07
629.8	1.0e-07
630.0	1.0e-07
630.2	1.0e-07
630.4	1.0e-07
630.6	1.0e-07
630.8	1.0e-07
631.0	1.0e-07
631.2	1.0e-07
631.4	1.0e-07
631.6	1.0e-07
631.8	1.0e-07
632.0	1.0e-07
632.2	1.0e-07
632.4	1.0e-07
632.6	1.0e-07
632.8	1.0e-07
633.0	1.0e-07
633.2	1.0e-07
633.4	1.0e-07
633.6	1.0e-07
633.8	1.0e-07
634.0	1.0e-07
634.2	1.0e-07
634.4	1.0e-07
634.6	1.0e-07
634.8	1.0e-07
635.0	1.0e-07
635.2	1.0e-07
635.4	1.0e-07
635.6	1.0e-07
635.8	1.0e-07
636.0	1.0e-07
636.2	1.0e-07
636.4	1.0e-07
636.6	1.0e-07
636.8	1.0e-07
637.0	1.0e-07
637.2	1.0e-07
637.4	1.0e-07
637.6	1.0e-07
637.8	1.0e-07
638.0	1.0e-07
638.2	1.0e-07
638.4	1.0e-07
638.6	1.0e-07
638.8	1.0e-07
639.0	1.0e-07
639.2	1.0e-07
639.4	1.0e-07
639.6	1.0e-07
639.8	1.0e-07
640.0	1.0e-07
640.2	1.0e-07
640.4	1.0e-07
640.6	1.0e-07
640.8	1.0e-07
641.0	1.0e-07
641.2	1.0e-07
641.4	1.0e-07
641.6	1.0e-07
641.8	1.0e-07
642.0	1.0e-07
642.2	1.0e-07
642.4	1.0e-07
642.6	1.0e-07
642.8	1.0e-07
643.0	1.0e-07
643.2	1.0e-07
643.4	1.0e-07
643.6	1.0e-07
643.8	1.0e-07
644.0	1.0e-07
644.2	1.0e-07
644.4	1.0e-07
644.6	1.0e-07
644.8	1.0e-07
645.0	1.0e-07
645.2	1.0e-07
645.4	1.0e-07
645.6	1.0e-07
645.8	1.0e-07
646.0	1.0e-07
646.2	1.0e-07
646.4	1.0e-07
646.6	1.0e-07
646.8	1.0e-07
647.0	1.0e-07
647.2	1.0e-07
647.4	1.0e-07
647.6	1.0e-07
647.8	1.0e-07
648.0	1.0e-07
648.2	1.0e-07
648.4	1.0e-07
648.6	1.0e-07
648.8	1.0e-07
649.0	1.0e-07
649.2	9.9101e-08
649.4	8.9109e-08
649.6	8.0125e-08
649.8	7.2046e-08
650.0	6.4782e-08
650.2	5.8251e-08
650.4	5.2378e-08
650.6	4.7097e-08
650.8	4.2348e-08
651.0	3.8078e-08
651.2	3.4239e-08
651.4	3.0787e-08
651.6	2.7683e-08
651.8	2.4892e-08
652.0	2.2382e-08
652.2	2.0126e-08
652.4	1.8514e-08
652.6	1.8466e-08
652.8	1.8418e-08
653.0	1.837e-08
653.2	1.8323e-08
653.4	1.8275e-08
653.6	1.8228e-08
653.8	1.818e-08
654.0	1.8133e-08
654.2	1.8086e-08
654.4	1.8039e-08
654.6	1.7992e-08
654.8	1.7946e-08
655.0	1.7899e-08
655.2	1.7853e-08
655.4	1.7806e-08
655.6	1.776e-08
655.8	1.7714e-08
656.0	1.8673e-08
656.2	2.0039e-08
656.4	2.1506e-08
656.6	2.308e-08
656.8	2.477e-08
657.0	2.6583e-08
657.2	2.8529e-08
657.4	3.0617e-08
657.6	3.2858e-08
657.8	3.5263e-08
658.0	3.7844e-08
658.2	4.0614e-08
658.4	4.3587e-08
658.6	4.6778e-08
658.8	5.0202e-08
659.0	5.3876e-08
659.2	5.782e-08
659.4	6.2052e-08
659.6	6.6594e-08
659.8	7.1469e-08
660.0	7.67e-08
660.2	8.2315e-08
660.4	8.834e-08
660.6	9.4806e-08
660.8	1.0e-07
661.0	1.0e-07
661.2	1.0e-07
661.4	1.0e-07
661.6	1.0e-07
661.8	1.0e-07
662.0	1.0e-07
662.2	1.0e-07
662.4	1.0e-07
662.6	1.0e-07
662.8	1.0e-07
663.0	1.0e-07
663.2	1.0e-07
663.4	1.0e-07
663.6	1.0e-07
663.8	1.0e-07
664.0	1.0e-07
664.2	1.0e-07
664.4	1.0e-07
664.6	1.0e-07
664.8	1.0e-07
665.0	1.0e-07
665.2	1.0e-07
665.4	1.0e-07
665.6	1.0e-07
665.8	1.0e-07
666.0	1.0e-07
666.2	1.0e-07
666.4	1.0e-07
666.6	1.0e-07
666.8	1.0e-07
667.0	1.0e-07
667.2	1.0e-07
667.4	1.0e-07
667.6	1.0e-07
667.8	1.0e-07
668.0	1.0e-07
668.2	1.0e-07
668.4	1.0e-07
668.6	1.0e-07
668.8	1.0e-07
669.0	1.0e-07
669.2	1.0e-07
669.4	1.0e-07
669.6	1.0e-07
669.8	1.0e-07
670.0	1.0e-07
670.2	1.0e-07
670.4	1.0e-07
670.6	1.0e-07
670.8	1.0e-07
671.0	1.0e-07
671.2	1.0e-07
671.4	1.0e-07
671.6	1.0e-07
671.8	1.0e-07
672.0	1.0e-07
672.2	1.0e-07
672.4	1.0e-07
672.6	1.0e-07
672.8	1.0e-07
673.0	1.0e-07
673.2	1.0e-07
673.4	1.0e-07
673.6	1.0e-07
673.8	1.0e-07
674.0	1.0e-07
674.2	1.0e-07
674.4	1.0e-07
674.6	1.0e-07
674.8	1.0e-07
675.0	1.0e-07
675.2	1.0e-07
675.4	1.0e-07
675.6	9.6786e-08
675.8	9.2551e-08
676.0	8.8502e-08
676.2	8.4629e-08
676.4	8.0926e-08
676.6	7.7385e-08
676.8	7.3999e-08
677.0	7.0761e-08
677.2	6.7664e-08
677.4	6.4703e-08
677.6	6.1872e-08
677.8	5.9165e-08
678.0	5.6576e-08
678.2	5.41e-08
678.4	5.1733e-08
678.6	4.9469e-08
678.8	4.7305e-08
679.0	4.5235e-08
679.2	4.3255e-08
679.4	4.1363e-08
679.6	3.9553e-08
679.8	3.7822e-08
680.0	3.6167e-08
680.2	3.4584e-08
680.4	3.3658e-08
680.6	3.4745e-08
680.8	3.5866e-08
681.0	3.7024e-08
681.2	3.8219e-08
681.4	3.9452e-08
681.6	4.0726e-08
681.8	4.204e-08
682.0	4.3397e-08
682.2	4.4798e-08
682.4	4.6244e-08
682.6	4.7736e-08
682.8	4.9277e-08
683.0	5.0867e-08
683.2	5.2509e-08
683.4	5.4204e-08
683.6	5.5954e-08
683.8	5.776e-08
684.0	5.9624e-08
684.2	6.1548e-08
684.4	6.3535e-08
684.6	6.5586e-08
684.8	6.7702e-08
685.0	6.9888e-08
685.2	7.2143e-08
685.4	7.2567e-08
685.6	7.2279e-08
685.8	7.1992e-08
686.0	7.1707e-08
686.2	7.1422e-08
686.4	7.1139e-08
686.6	7.0856e-08
686.8	7.0575e-08
687.0	7.0295e-08
687.2	7.0016e-08
687.4	6.9738e-08
687.6	6.9462e-08
687.8	6.9186e-08
688.0	6.8912e-08
688.2	6.8638e-08
688.4	6.8366e-08
688.6	6.8095e-08
688.8	6.7824e-08
689.0	6.7555e-08
689.2	6.7287e-08
689.4	6.702e-08
689.6	6.6754e-08
689.8	6.649e-08
690.0	6.6226e-08
690.2	6.6212e-08
690.4	6.7037e-08
690.6	6.7873e-08
690.8	6.8719e-08
691.0	6.9576e-08
691.2	7.0443e-08
691.4	7.1322e-08
691.6	7.2211e-08
691.8	7.3111e-08
692.0	7.4022e-08
692.2	7.4945e-08
692.4	7.588e-08
692.6	7.6826e-08
692.8	7.7783e-08
693.0	7.8753e-08
693.2	7.9735e-08
693.4	8.0729e-08
693.6	8.1736e-08
693.8	8.2755e-08
694.0	8.3786e-08
694.2	8.4831e-08
694.4	8.5888e-08
694.6	8.6959e-08
694.8	8.8043e-08
695.0	8.9141e-08
695.2	8.967e-08
695.4	8.9997e-08
695.6	9.0325e-08
695.8	9.0654e-08
696.0	9.0984e-08
696.2	9.1316e-08
696.4	9.1649e-08
696.6	9.1983e-08
696.8	9.2318e-08
697.0	9.2654e-08
697.2	9.2992e-08
697.4	9.3331e-08
697.6	9.3671e-08
697.8	9.4013e-08
698.0	9.4355e-08
698.2	9.4699e-08
698.4	9.5044e-08
698.6	9.5391e-08
698.8	9.5738e-08
699.0	9.6087e-08
699.2	9.6438e-08
699.4	9.6789e-08
699.6	9.7142e-08
699.8	9.7496e-08
700.0	9.7945e-08
700.2	9.8721e-08
700.4	9.9503e-08
700.6	1.0029e-07
700.8	1.0109e-07
701.0	1.0189e-07
701.2	1.0269e-07
701.4	1.0351e-07
701.6	1.0433e-07
701.8	1.0516e-07
702.0	1.0599e-07
702.2	1.0683e-07
702.4	1.0767e-07
702.6	1.0853e-07
702.8	1.0939e-07
703.0	1.1025e-07
703.2	1.1113e-07
703.4	1.1201e-07
703.6	1.129e-07
703.8	1.1334e-07
704.0	1.1316e-07
704.2	1.1297e-07
704.4	1.1279e-07
704.6	1.1261e-07
704.8	1.1243e-07
705.0	1.1225e-07
705.2	1.1207e-07
705.4	1.1189e-07
705.6	1.1171e-07
705.8	1.1153e-07
706.0	1.1135e-07
706.2	1.1117e-07
706.4	1.11e-07
706.6	1.1082e-07
706.8	1.1064e-07
707.0	1.1046e-07
707.2	1.1032e-07
707.4	1.1277e-07
707.6	1.1526e-07
707.8	1.1782e-07
708.0	1.2043e-07
708.2	1.2309e-07
708.4	1.2582e-07
708.6	1.2861e-07
708.8	1.3145e-07
709.0	1.3437e-07
709.2	1.3734e-07
709.4	1.4038e-07
709.6	1.3167e-07
709.8	1.0242e-07
710.0	7.9677e-08
710.2	6.1981e-08
710.4	4.8215e-08
710.6	3.7507e-08
710.8	2.9177e-08
711.0	2.2697e-08
711.2	6.8648e-08
711.4	2.5707e-08
711.6	3.8996e-08
711.8	5.4437e-08
712.0	1.7093e-08
712.2	3.013e-08
712.4	1.5967e-08
712.6	1.5866e-08
712.8	1.5855e-08
713.0	1.5823e-08
713.2	3.3432e-08
713.4	2.7974e-08
713.6	2.3949e-08
713.8	1.0153e-07
714.0	4.957e-08
714.2	3.1741e-08
714.4	4.5578e-08
714.6	1.1685e-07
714.8	1.8194e-07
715.0	7.9492e-08
715.2	4.2906e-08
715.4	1.9473e-08
715.6	1.1366e-07
715.8	9.4733e-08
716.0	1.3467e-07
716.2	2.4451e-08
716.4	9.3638e-08
716.6	2.9033e-08
716.8	3.2066e-08
717.0	4.2034e-08
717.2	2.273e-08
717.4	2.984e-07
717.6	1.0138e-07
717.8	1.6624e-07
718.0	1.7393e-07
718.2	1.3449e-07
718.4	6.6361e-08
718.6	1.2577e-07
718.8	2.7753e-07
719.0	2.4933e-07
719.2	3.079e-07
719.4	4.3337e-07
719.6	5.8357e-07
719.8	6.4679e-07
720.0	5.7249e-07
720.2	9.6914e-07
720.4	1.2063e-06
720.6	1.6697e-06
720.8	1.9241e-06
721.0	2.5571e-06
721.2	3.3289e-06
721.4	3.9991e-06
721.6	5.6032e-06
721.8	7.2199e-06
722.0	9.5454e-06
722.2	1.288e-05
722.4	1.724e-05
722.6	2.334e-05
722.8	2.9357e-05
723.0	4.2314e-05
723.2	5.8201e-05
723.4	7.9537e-05
723.6	1.1064e-04
723.8	1.5553e-04
724.0	2.2215e-04
724.2	3.065e-04
724.4	4.4291e-04
724.6	6.4958e-04
724.8	9.6242e-04
725.0	0.00145
725.2	0.00222
725.4	0.00341
725.6	0.00534
725.8	0.00859
726.0	0.01398
726.2	0.02348
726.4	0.04067
726.6	0.07209
726.8	0.16097
727.0	0.28153
727.2	0.46093
727.4	0.67061
727.6	0.84429
727.8	0.93802
728.0	0.97205
728.2	0.97679
728.4	0.97551
728.6	0.97544
728.8	0.97695
729.0	0.9793
729.2	0.98118
729.4	0.98111
729.6	0.97952
729.8	0.97662
730.0	0.97284
730.2	0.96962
730.4	0.96655
730.6	0.96632
730.8	0.967
731.0	0.96929
731.2	0.97202
731.4	0.976
731.6	0.97929
731.8	0.98269
732.0	0.98603
732.2	0.98844
732.4	0.99021
732.6	0.99112
732.8	0.99132
733.0	0.99047
733.2	0.9901
733.4	0.98865
733.6	0.98713
733.8	0.98646
734.0	0.98525
734.2	0.98401
734.4	0.98288
734.6	0.98206
734.8	0.98185
735.0	0.98166
735.2	0.98152
735.4	0.98142
735.6	0.98162
735.8	0.98177
736.0	0.98199
736.2	0.98176
736.4	0.98209
736.6	0.98213
736.8	0.9823
737.0	0.98192
737.2	0.98265
737.4	0.98295
737.6	0.98315
737.8	0.98347
738.0	0.98653
738.2	0.98961
738.4	0.99054
738.6	0.992
738.8	0.99323
739.0	0.99402
739.2	0.99521
739.4	0.9953
739.6	0.99622
739.8	0.99689
740.0	0.99693
740.2	0.9966
740.4	0.99616
740.6	0.99473
740.8	0.99377
741.0	0.99233
741.2	0.99012
741.4	0.98761
741.6	0.98633
741.8	0.98471
742.0	0.9827
742.2	0.98049
742.4	0.97936
742.6	0.97838
742.8	0.97736
743.0	0.97685
743.2	0.97702
743.4	0.9774
743.6	0.97859
743.8	0.97973
744.0	0.98064
744.2	0.98277
744.4	0.98503
744.6	0.98719
744.8	0.98903
745.0	0.99134
745.2	0.99357
745.4	0.99456
745.6	0.99558
745.8	0.99701
746.0	0.99722
746.2	0.99737
746.4	0.99727
746.6	0.9965
746.8	0.9954
747.0	0.99414
747.2	0.99225
747.4	0.98985
747.6	0.98807
747.8	0.98595
748.0	0.98387
748.2	0.98186
748.4	0.98006
748.6	0.9787
748.8	0.97771
749.0	0.97718
749.2	0.97673
749.4	0.97701
749.6	0.9773
749.8	0.97795
750.0	0.97906
750.2	0.9809
750.4	0.98317
750.6	0.98462
750.8	0.98682
751.0	0.98932
751.2	0.99055
751.4	0.99225
751.6	0.99452
751.8	0.9946
752.0	0.99563
752.2	0.99639
752.4	0.99611
752.6	0.99571
752.8	0.99545
753.0	0.99526
753.2	0.9934
753.4	0.9924
753.6	0.99137
753.8	0.98946
754.0	0.98868
754.2	0.9871
754.4	0.9865
754.6	0.9852
754.8	0.98461
755.0	0.98466
755.2	0.98481
755.4	0.98508
755.6	0.98592
755.8	0.98629
756.0	0.98709
756.2	0.98749
756.4	0.9891
756.6	0.98987
756.8	0.99113
757.0	0.99185
757.2	0.99284
757.4	0.99315
757.6	0.99357
757.8	0.99333
758.0	0.99355
758.2	0.99345
758.4	0.99333
758.6	0.99312
758.8	0.99319
759.0	0.99249
759.2	0.99248
759.4	0.99198
759.6	0.99215
759.8	0.99219
760.0	0.99217
760.2	0.99192
760.4	0.99171
760.6	0.99118
760.8	0.99135
761.0	0.99151
761.2	0.99062
761.4	0.99008
761.6	0.9896
761.8	0.98818
762.0	0.98709
762.2	0.98617
762.4	0.98425
762.6	0.98419
762.8	0.98283
763.0	0.98241
763.2	0.98254
763.4	0.98246
763.6	0.98237
763.8	0.98323
764.0	0.98354
764.2	0.98518
764.4	0.9848
764.6	0.98614
764.8	0.98602
765.0	0.98539
765.2	0.98517
765.4	0.98447
765.6	0.9836
765.8	0.98299
766.0	0.98304
766.2	0.98316
766.4	0.98291
766.6	0.98386
766.8	0.98577
767.0	0.98678
767.2	0.98743
767.4	0.9865
767.6	0.98533
767.8	0.98384
768.0	0.98228
768.2	0.98301
768.4	0.985
768.6	0.98341
768.8	0.96196
769.0	0.89427
769.2	0.74892
769.4	0.61065
769.6	0.40329
769.8	0.24017
770.0	0.1355
770.2	0.07589
770.4	0.04312
770.6	0.02522
770.8	0.01452
771.0	0.00876
771.2	0.00539
771.4	0.00342
771.6	0.00223
771.8	0.00144
772.0	9.2306e-04
772.2	5.9433e-04
772.4	3.9927e-04
772.6	2.7583e-04
772.8	1.9262e-04
773.0	1.3552e-04
773.2	9.7488e-05
773.4	6.5095e-05
773.6	4.7982e-05
773.8	3.3547e-05
774.0	2.5549e-05
774.2	1.8703e-05
774.4	1.3458e-05
774.6	1.0446e-05
774.8	7.9803e-06
775.0	5.7531e-06
775.2	4.4045e-06
775.4	3.5894e-06
775.6	2.7873e-06
775.8	2.022e-06
776.0	1.4653e-06
776.2	1.7433e-06
776.4	1.0785e-06
776.6	7.5996e-07
776.8	2.7861e-07
777.0	4.8358e-07
777.2	4.009e-07
777.4	3.2855e-07
777.6	3.6846e-07
777.8	2.7553e-07
778.0	2.5567e-07
778.2	7.3913e-08
778.4	2.8683e-07
778.6	2.1965e-07
778.8	1.6447e-07
779.0	2.8165e-07
779.2	1.7999e-07
779.4	9.014e-08
779.6	1.6867e-07
779.8	9.1064e-08
780.0	7.549e-08
780.2	7.5601e-08
780.4	7.5328e-08
780.6	7.5355e-08
780.8	7.5351e-08
781.0	2.5717e-07
781.2	7.6291e-08
781.4	2.2815e-07
781.6	1.2885e-07
781.8	1.1002e-07
782.0	1.4352e-07
782.2	1.4165e-07
782.4	1.1366e-07
782.6	7.7076e-08
782.8	7.7172e-08
783.0	8.2552e-08
783.2	2.3167e-07
783.4	7.774e-08
783.6	8.3486e-08
783.8	9.5653e-08
784.0	1.0959e-07
784.2	1.2557e-07
784.4	1.4387e-07
784.6	1.6483e-07
784.8	1.8886e-07
785.0	1.9878e-07
785.2	1.9625e-07
785.4	1.9375e-07
785.6	1.9129e-07
785.8	1.8886e-07
786.0	1.8645e-07
786.2	1.8408e-07
786.4	1.8174e-07
786.6	1.7943e-07
786.8	1.7715e-07
787.0	1.7489e-07
787.2	1.7267e-07
787.4	1.7047e-07
787.6	1.683e-07
787.8	1.6616e-07
788.0	1.6405e-07
788.2	1.6196e-07
788.4	1.599e-07
788.6	1.5787e-07
788.8	1.5586e-07
789.0	1.5388e-07
789.2	1.5192e-07
789.4	1.4952e-07
789.6	1.4714e-07
789.8	1.4481e-07
790.0	1.4251e-07
790.2	1.4025e-07
790.4	1.3802e-07
790.6	1.3583e-07
790.8	1.3368e-07
791.0	1.3156e-07
791.2	1.2947e-07
791.4	1.2741e-07
791.6	1.2539e-07
791.8	1.234e-07
792.0	1.2144e-07
792.2	1.1952e-07
792.4	1.1762e-07
792.6	1.1575e-07
792.8	1.1392e-07
793.0	1.1211e-07
793.2	1.1033e-07
793.4	1.0858e-07
793.6	1.0933e-07
793.8	1.1377e-07
794.0	1.1839e-07
794.2	1.232e-07
794.4	1.2821e-07
794.6	1.3342e-07
794.8	1.3884e-07
795.0	1.4448e-07
795.2	1.5035e-07
795.4	1.5646e-07
795.6	1.6281e-07
795.8	1.6943e-07
796.0	1.7631e-07
796.2	1.8348e-07
796.4	1.9093e-07
796.6	1.9124e-07
796.8	1.9001e-07
797.0	1.8878e-07
797.2	1.8756e-07
797.4	1.8635e-07
797.6	1.8515e-07
797.8	1.8396e-07
798.0	1.8277e-07
798.2	1.8159e-07
798.4	1.8042e-07
798.6	1.7926e-07
798.8	1.781e-07
799.0	1.7695e-07
799.2	1.7581e-07
799.4	1.7468e-07
799.6	1.7355e-07
799.8	1.7243e-07
800.0	1.7143e-07
800.2	1.7053e-07
800.4	1.6964e-07
800.6	1.6875e-07
800.8	1.6787e-07
801.0	1.6699e-07
801.2	1.6612e-07
801.4	1.6525e-07
801.6	1.6438e-07
801.8	1.6352e-07
802.0	1.6267e-07
802.2	1.6182e-07
802.4	1.6097e-07
802.6	1.6013e-07
802.8	1.5929e-07
803.0	1.5846e-07
803.2	1.5763e-07
803.4	1.5681e-07
803.6	1.5599e-07
803.8	1.5517e-07
804.0	1.5436e-07
804.2	1.5355e-07
804.4	1.5275e-07
804.6	1.5195e-07
804.8	1.5117e-07
805.0	1.5114e-07
805.2	1.5111e-07
805.4	1.5107e-07
805.6	1.5104e-07
805.8	1.5101e-07
806.0	1.5097e-07
806.2	1.5094e-07
806.4	1.5091e-07
806.6	1.5088e-07
806.8	1.5084e-07
807.0	1.5081e-07
807.2	1.5078e-07
807.4	1.5074e-07
807.6	1.5071e-07
807.8	1.5068e-07
808.0	1.5064e-07
808.2	1.5061e-07
808.4	1.5058e-07
808.6	1.5055e-07
808.8	1.5051e-07
809.0	1.5048e-07
809.2	1.5045e-07
809.4	1.5041e-07
809.6	1.5038e-07
809.8	1.5008e-07
810.0	1.4955e-07
810.2	1.4901e-07
810.4	1.4848e-07
810.6	1.4794e-07
810.8	1.4741e-07
811.0	1.4689e-07
811.2	1.4636e-07
811.4	1.4583e-07
811.6	1.4531e-07
811.8	1.4479e-07
812.0	1.4427e-07
812.2	1.4376e-07
812.4	1.4324e-07
812.6	1.4273e-07
812.8	1.4222e-07
813.0	1.4171e-07
813.2	1.412e-07
813.4	1.4069e-07
813.6	1.4019e-07
813.8	1.3969e-07
814.0	1.3919e-07
814.2	1.3869e-07
814.4	1.3819e-07
814.6	1.3776e-07
814.8	1.3912e-07
815.0	1.405e-07
815.2	1.419e-07
815.4	1.433e-07
815.6	1.4472e-07
815.8	1.4616e-07
816.0	1.476e-07
816.2	1.4907e-07
816.4	1.5054e-07
816.6	1.5203e-07
816.8	1.5354e-07
817.0	1.5506e-07
817.2	1.566e-07
817.4	1.5815e-07
817.6	1.5972e-07
817.8	1.613e-07
818.0	1.629e-07
818.2	1.6451e-07
818.4	1.6614e-07
818.6	1.6779e-07
818.8	1.6945e-07
819.0	1.7113e-07
819.2	1.7283e-07
819.4	1.7454e-07
819.6	1.7614e-07
819.8	1.7766e-07
820.0	1.7918e-07
820.2	1.8072e-07
820.4	1.8228e-07
820.6	1.8384e-07
820.8	1.8542e-07
821.0	1.8702e-07
821.2	1.8862e-07
821.4	1.9024e-07
821.6	1.9188e-07
821.8	1.9353e-07
822.0	1.9519e-07
822.2	1.9687e-07
822.4	1.9856e-07
822.6	2.0027e-07
822.8	2.0199e-07
823.0	2.0372e-07
823.2	2.0547e-07
823.4	2.0724e-07
823.6	2.0902e-07
823.8	2.1082e-07
824.0	2.1263e-07
824.2	2.1446e-07
824.4	2.1628e-07
824.6	2.1734e-07
824.8	2.1841e-07
825.0	2.1949e-07
825.2	2.2057e-07
825.4	2.2166e-07
825.6	2.2275e-07
825.8	2.2384e-07
826.0	2.2495e-07
826.2	2.2605e-07
826.4	2.2717e-07
826.6	2.2829e-07
826.8	2.2941e-07
827.0	2.3054e-07
827.2	2.3167e-07
827.4	2.3282e-07
827.6	2.3396e-07
827.8	2.3511e-07
828.0	2.3627e-07
828.2	2.3743e-07
828.4	2.386e-07
828.6	2.3978e-07
828.8	2.4096e-07
829.0	2.4215e-07
829.2	2.4334e-07
829.4	2.4409e-07
829.6	2.4441e-07
829.8	2.4473e-07
830.0	2.4504e-07
830.2	2.4536e-07
830.4	2.4568e-07
830.6	2.46e-07
830.8	2.4632e-07
831.0	2.4664e-07
831.2	2.4697e-07
831.4	2.4729e-07
831.6	2.4761e-07
831.8	2.4793e-07
832.0	2.4825e-07
832.2	2.4858e-07
832.4	2.489e-07
832.6	2.4922e-07
832.8	2.4955e-07
833.0	2.4987e-07
833.2	2.502e-07
833.4	2.5052e-07
833.6	2.5085e-07
833.8	2.5118e-07
834.0	2.515e-07
834.2	2.5183e-07
834.4	2.5203e-07
834.6	2.5223e-07
834.8	2.5242e-07
835.0	2.5262e-07
835.2	2.5282e-07
835.4	2.5302e-07
835.6	2.5322e-07
835.8	2.5342e-07
836.0	2.5361e-07
836.2	2.5381e-07
836.4	2.5401e-07
836.6	2.5421e-07
836.8	2.5441e-07
837.0	2.5461e-07
837.2	2.5481e-07
837.4	2.5501e-07
837.6	2.5521e-07
837.8	2.5541e-07
838.0	2.5561e-07
838.2	2.5517e-07
838.4	2.538e-07
838.6	2.5244e-07
838.8	2.5109e-07
839.0	2.4975e-07
839.2	2.4841e-07
839.4	2.4708e-07
839.6	2.4575e-07
839.8	2.4444e-07
840.0	2.4313e-07
840.2	2.4183e-07
840.4	2.4053e-07
840.6	2.3924e-07
840.8	2.3796e-07
841.0	2.3669e-07
841.2	2.3542e-07
841.4	2.3416e-07
841.6	2.3255e-07
841.8	2.2912e-07
842.0	2.2573e-07
842.2	2.224e-07
842.4	2.1911e-07
842.6	2.1588e-07
842.8	2.1269e-07
843.0	2.0955e-07
843.2	2.0645e-07
843.4	2.034e-07
843.6	2.004e-07
843.8	1.9744e-07
844.0	1.9452e-07
844.2	2.1277e-07
844.4	2.3928e-07
844.6	2.691e-07
844.8	3.0263e-07
845.0	3.4034e-07
845.2	3.8276e-07
845.4	4.3045e-07
845.6	4.841e-07
845.8	5.4442e-07
846.0	6.1226e-07
846.2	6.8856e-07
846.4	7.7437e-07
846.6	8.7087e-07
846.8	9.7939e-07
847.0	9.8668e-07
847.2	9.8194e-07
847.4	9.7723e-07
847.6	9.7254e-07
847.8	9.6787e-07
848.0	9.6323e-07
848.2	9.5413e-07
848.4	9.3638e-07
848.6	9.1897e-07
848.8	9.0187e-07
849.0	8.851e-07
849.2	8.6864e-07
849.4	8.5248e-07
849.6	8.4431e-07
849.8	8.3844e-07
850.0	8.3261e-07
850.2	8.2682e-07
850.4	8.2108e-07
850.6	8.1537e-07
850.8	8.1217e-07
851.0	8.1776e-07
851.2	8.234e-07
851.4	8.2907e-07
851.6	8.3478e-07
851.8	8.4053e-07
852.0	8.4632e-07
852.2	8.3259e-07
852.4	8.0934e-07
852.6	7.8674e-07
852.8	7.6477e-07
853.0	7.4342e-07
853.2	7.2266e-07
853.4	7.0368e-07
853.6	6.9523e-07
853.8	6.8688e-07
854.0	6.7864e-07
854.2	6.7049e-07
854.4	6.6243e-07
854.6	6.5448e-07
854.8	6.545e-07
855.0	6.6103e-07
855.2	6.6764e-07
855.4	6.7431e-07
855.6	6.8104e-07
855.8	6.8784e-07
856.0	6.9471e-07
856.2	6.7436e-07
856.4	6.5447e-07
856.6	6.3517e-07
856.8	6.1644e-07
857.0	5.9826e-07
857.2	5.8062e-07
857.4	5.7678e-07
857.6	5.9023e-07
857.8	6.0398e-07
858.0	6.1806e-07
858.2	6.3247e-07
858.4	6.4721e-07
858.6	6.623e-07
858.8	6.5659e-07
859.0	6.4839e-07
859.2	6.403e-07
859.4	6.323e-07
859.6	6.244e-07
859.8	6.166e-07
860.0	6.028e-07
860.2	5.7791e-07
860.4	5.5404e-07
860.6	5.3116e-07
860.8	5.0922e-07
861.0	4.8819e-07
861.2	4.6803e-07
861.4	4.7458e-07
861.6	4.8845e-07
861.8	5.0272e-07
862.0	5.1741e-07
862.2	5.3253e-07
862.4	5.4809e-07
862.6	5.6012e-07
862.8	5.6005e-07
863.0	5.5998e-07
863.2	5.5991e-07
863.4	5.5984e-07
863.6	5.5977e-07
863.8	5.597e-07
864.0	5.5592e-07
864.2	5.5055e-07
864.4	5.4524e-07
864.6	5.3997e-07
864.8	5.3476e-07
865.0	5.296e-07
865.2	5.2673e-07
865.4	5.367e-07
865.6	5.4685e-07
865.8	5.572e-07
866.0	5.6774e-07
866.2	5.7848e-07
866.4	5.8943e-07
866.6	5.769e-07
866.8	5.5031e-07
867.0	5.2495e-07
867.2	5.0075e-07
867.4	4.7767e-07
867.6	4.5565e-07
867.8	4.1848e-07
868.0	2.2278e-07
868.2	1.9752e-07
868.4	1.7512e-07
868.6	1.5526e-07
868.8	1.3765e-07
869.0	1.2204e-07
869.2	1.082e-07
869.4	1.0e-07
869.6	1.0e-07
869.8	1.0e-07
870.0	1.0e-07
870.2	1.0e-07
870.4	1.0e-07
870.6	1.0e-07
870.8	1.0e-07
871.0	1.0e-07
871.2	1.0e-07
871.4	1.0e-07
871.6	1.0e-07
871.8	1.0e-07
872.0	1.0e-07
872.2	1.0e-07
872.4	1.0e-07
872.6	1.0e-07
872.8	1.0e-07
873.0	1.0e-07
873.2	1.0e-07
873.4	1.0e-07
873.6	1.0e-07
873.8	1.0e-07
874.0	1.0e-07
874.2	1.0e-07
874.4	1.0e-07
874.6	1.0e-07
874.8	1.0e-07
875.0	1.0e-07
875.2	1.0e-07
875.4	1.0e-07
875.6	1.0e-07
875.8	1.0e-07
876.0	1.0e-07
876.2	1.0e-07
876.4	1.0e-07
876.6	1.0e-07
876.8	1.0e-07
877.0	1.0e-07
877.2	1.0e-07
877.4	1.0e-07
877.6	1.0e-07
877.8	1.0e-07
878.0	1.0e-07
878.2	1.0e-07
878.4	1.0e-07
878.6	1.0e-07
878.8	1.0e-07
879.0	1.0e-07
879.2	1.0e-07
879.4	1.0e-07
879.6	1.0e-07
879.8	1.0e-07
880.0	1.0e-07
880.2	1.0e-07
880.4	1.0e-07
880.6	1.0e-07
880.8	1.0e-07
881.0	1.0e-07
881.2	1.0e-07
881.4	1.0e-07
881.6	1.0e-07
881.8	1.0e-07
882.0	1.0e-07
882.2	1.0e-07
882.4	1.0e-07
882.6	1.0e-07
882.8	1.0e-07
883.0	1.0e-07
883.2	1.0e-07
883.4	1.0e-07
883.6	1.0e-07
883.8	1.0e-07
884.0	1.0e-07
884.2	1.0e-07
884.4	1.0e-07
884.6	1.0e-07
884.8	1.0e-07
885.0	1.0e-07
885.2	1.0e-07
885.4	1.0e-07
885.6	1.0e-07
885.8	1.0e-07
886.0	1.0e-07
886.2	1.0e-07
886.4	1.0e-07
886.6	1.0e-07
886.8	1.0e-07
887.0	1.0e-07
887.2	1.0e-07
887.4	1.0e-07
887.6	1.0e-07
887.8	1.0e-07
888.0	1.0e-07
888.2	1.0e-07
888.4	1.0e-07
888.6	1.0e-07
888.8	1.0e-07
889.0	1.0e-07
889.2	1.0e-07
889.4	1.0e-07
889.6	1.0e-07
889.8	1.0e-07
890.0	1.0e-07
890.2	1.0e-07
890.4	1.0e-07
890.6	1.0e-07
890.8	1.0e-07
891.0	1.0e-07
891.2	1.0e-07
891.4	1.0e-07
891.6	1.0e-07
891.8	1.0e-07
892.0	1.0e-07
892.2	1.0e-07
892.4	1.0e-07
892.6	1.0e-07
892.8	1.0e-07
893.0	1.0e-07
893.2	1.0e-07
893.4	1.0e-07
893.6	1.0e-07
893.8	1.0e-07
894.0	1.0e-07
894.2	1.0e-07
894.4	1.0e-07
894.6	1.0e-07
894.8	1.0e-07
895.0	1.0e-07
895.2	1.0e-07
895.4	1.0e-07
895.6	1.0e-07
895.8	1.0e-07
896.0	1.0e-07
896.2	1.0e-07
896.4	1.0e-07
896.6	1.0e-07
896.8	1.0e-07
897.0	1.0e-07
897.2	1.0e-07
897.4	1.0e-07
897.6	1.0e-07
897.8	1.0e-07
898.0	1.0e-07
898.2	1.0014e-07
898.4	1.0479e-07
898.6	1.0966e-07
898.8	1.1476e-07
899.0	1.2009e-07
899.2	1.2568e-07
899.4	1.3152e-07
899.6	1.3763e-07
899.8	1.4403e-07
900.0	1.5073e-07
900.2	1.5773e-07
900.4	1.6506e-07
900.6	1.7274e-07
900.8	1.8077e-07
901.0	1.8917e-07
901.2	1.9796e-07
901.4	2.0716e-07
901.6	2.1679e-07
901.8	2.2652e-07
902.0	2.2689e-07
902.2	2.2725e-07
902.4	2.2762e-07
902.6	2.2798e-07
902.8	2.2835e-07
903.0	2.2871e-07
903.2	2.2908e-07
903.4	2.2945e-07
903.6	2.2982e-07
903.8	2.3019e-07
904.0	2.3056e-07
904.2	2.3093e-07
904.4	2.313e-07
904.6	2.3167e-07
904.8	2.3204e-07
905.0	2.3241e-07
905.2	2.3279e-07
905.4	2.3307e-07
905.6	2.3137e-07
905.8	2.2969e-07
906.0	2.2802e-07
906.2	2.2636e-07
906.4	2.2471e-07
906.6	2.2307e-07
906.8	2.2145e-07
907.0	2.1984e-07
907.2	2.1824e-07
907.4	2.1665e-07
907.6	2.1508e-07
907.8	2.1351e-07
908.0	2.1196e-07
908.2	2.1041e-07
908.4	2.0888e-07
908.6	2.0736e-07
908.8	2.0585e-07
909.0	2.0449e-07
909.2	2.0491e-07
909.4	2.0533e-07
909.6	2.0575e-07
909.8	2.0618e-07
910.0	2.066e-07
910.2	2.0703e-07
910.4	2.0745e-07
910.6	2.0788e-07
910.8	2.0831e-07
911.0	2.0874e-07
911.2	2.0917e-07
911.4	2.096e-07
911.6	2.1003e-07
911.8	2.1046e-07
912.0	2.1089e-07
912.2	2.1133e-07
912.4	2.1176e-07
912.6	2.1207e-07
912.8	2.1125e-07
913.0	2.1043e-07
913.2	2.0961e-07
913.4	2.088e-07
913.6	2.0799e-07
913.8	2.0718e-07
914.0	2.0638e-07
914.2	2.0558e-07
914.4	2.0478e-07
914.6	2.0399e-07
914.8	2.032e-07
915.0	2.0241e-07
915.2	2.0162e-07
915.4	2.0084e-07
915.6	2.0006e-07
915.8	1.9929e-07
916.0	1.9851e-07
916.2	1.9785e-07
916.4	1.9782e-07
916.6	1.9779e-07
916.8	1.9776e-07
917.0	1.9773e-07
917.2	1.977e-07
917.4	1.9767e-07
917.6	1.9764e-07
917.8	1.9762e-07
918.0	1.9759e-07
918.2	1.9756e-07
918.4	1.9753e-07
918.6	1.975e-07
918.8	1.9747e-07
919.0	1.9744e-07
919.2	1.9741e-07
919.4	1.9738e-07
919.6	1.9736e-07
919.8	1.9735e-07
920.0	1.9741e-07
920.2	1.9748e-07
920.4	1.9755e-07
920.6	1.9762e-07
920.8	1.9768e-07
921.0	1.9775e-07
921.2	1.9782e-07
921.4	1.9789e-07
921.6	1.9796e-07
921.8	1.9802e-07
922.0	1.9809e-07
922.2	1.9816e-07
922.4	1.9823e-07
922.6	1.983e-07
922.8	1.9836e-07
923.0	1.9843e-07
923.2	1.985e-07
923.4	1.9847e-07
923.6	1.9815e-07
923.8	1.9783e-07
924.0	1.9751e-07
924.2	1.9719e-07
924.4	1.9687e-07
924.6	1.9656e-07
924.8	1.9624e-07
925.0	1.9592e-07
925.2	1.9561e-07
925.4	1.9529e-07
925.6	1.9498e-07
925.8	1.9466e-07
926.0	1.9435e-07
926.2	1.9403e-07
926.4	1.9372e-07
926.6	1.9341e-07
926.8	1.931e-07
927.0	1.9313e-07
927.2	1.9388e-07
927.4	1.9465e-07
927.6	1.9541e-07
927.8	1.9618e-07
928.0	1.9695e-07
928.2	1.9773e-07
928.4	1.985e-07
928.6	1.9928e-07
928.8	2.0007e-07
929.0	2.0085e-07
929.2	2.0164e-07
929.4	2.0244e-07
929.6	2.0323e-07
929.8	2.0403e-07
930.0	2.0483e-07
930.2	2.0564e-07
930.4	2.0645e-07
930.6	1.9924e-07
930.8	1.8124e-07
931.0	1.6486e-07
931.2	1.4996e-07
931.4	1.3641e-07
931.6	1.2408e-07
931.8	1.1287e-07
932.0	1.0267e-07
932.2	1.0246e-07
932.4	1.0225e-07
932.6	1.0205e-07
932.8	1.0184e-07
933.0	1.0164e-07
933.2	1.0143e-07
933.4	1.0122e-07
933.6	1.0102e-07
933.8	1.0082e-07
934.0	1.0061e-07
934.2	1.0041e-07
934.4	1.0021e-07
934.6	1.0e-07
934.8	1.0e-07
935.0	1.0e-07
935.2	1.0e-07
935.4	1.0e-07
935.6	1.0e-07
935.8	1.0e-07
936.0	1.0e-07
936.2	1.0e-07
936.4	1.0e-07
936.6	1.0e-07
936.8	1.0e-07
937.0	1.0e-07
937.2	1.0e-07
937.4	1.0e-07
937.6	1.0e-07
937.8	1.0e-07
938.0	1.0e-07
938.2	1.0e-07
938.4	1.0e-07
938.6	1.0e-07
938.8	1.0e-07
939.0	1.0e-07
939.2	1.0e-07
939.4	1.0e-07
939.6	1.0e-07
939.8	1.0e-07
940.0	1.0e-07
940.2	1.0e-07
940.4	1.0e-07
940.6	1.0e-07
940.8	1.0e-07
941.0	1.0e-07
941.2	1.0e-07
941.4	1.0e-07
941.6	1.0e-07
941.8	1.0e-07
942.0	1.0e-07
942.2	1.0e-07
942.4	1.0e-07
942.6	1.0e-07
942.8	1.0e-07
943.0	1.0e-07
943.2	1.0e-07
943.4	1.0e-07
943.6	1.0e-07
943.8	1.0e-07
944.0	1.0e-07
944.2	1.0e-07
944.4	1.0e-07
944.6	1.0e-07
944.8	1.0e-07
945.0	1.0e-07
945.2	1.0e-07
945.4	1.0e-07
945.6	1.0e-07
945.8	1.0e-07
946.0	1.0e-07
946.2	1.0e-07
946.4	1.0e-07
946.6	1.0e-07
946.8	1.0e-07
947.0	1.0e-07
947.2	1.0e-07
947.4	1.0e-07
947.6	1.0e-07
947.8	1.0e-07
948.0	1.0e-07
948.2	1.0e-07
948.4	1.0e-07
948.6	1.0e-07
948.8	1.0e-07
949.0	1.0e-07
949.2	1.0e-07
949.4	1.0e-07
949.6	1.0e-07
949.8	1.0e-07
950.0	1.0e-07
950.2	1.0e-07
950.4	1.0e-07
950.6	1.0e-07
950.8	1.0e-07
951.0	1.0e-07
951.2	1.0e-07
951.4	1.0e-07
951.6	1.0e-07
951.8	1.0e-07
952.0	1.0e-07
952.2	1.0e-07
952.4	1.0e-07
952.6	9.6485e-08
952.8	8.5635e-08
953.0	7.6006e-08
953.2	6.7459e-08
953.4	5.9874e-08
953.6	5.3141e-08
953.8	4.7165e-08
954.0	4.1862e-08
954.2	3.7155e-08
954.4	3.2977e-08
954.6	2.9269e-08
954.8	2.5977e-08
955.0	2.3056e-08
955.2	2.0464e-08
955.4	1.8163e-08
955.6	1.612e-08
955.8	1.4308e-08
956.0	1.2699e-08
956.2	1.237e-08
956.4	1.3938e-08
956.6	1.5705e-08
956.8	1.7696e-08
957.0	1.9939e-08
957.2	2.2467e-08
957.4	2.5315e-08
957.6	2.8524e-08
957.8	3.214e-08
958.0	3.6215e-08
958.2	4.0806e-08
958.4	4.5979e-08
958.6	5.1807e-08
958.8	5.8375e-08
959.0	6.5775e-08
959.2	7.4113e-08
959.4	8.3508e-08
959.6	9.4095e-08
959.8	1.0e-07
960.0	1.0e-07
960.2	1.0e-07
960.4	1.0e-07
960.6	1.0e-07
960.8	1.0e-07
961.0	1.0e-07
961.2	1.0e-07
961.4	1.0e-07
961.6	1.0e-07
961.8	1.0e-07
962.0	1.0e-07
962.2	1.0e-07
962.4	1.0e-07
962.6	1.0e-07
962.8	1.0e-07
963.0	1.0e-07
963.2	1.0e-07
963.4	1.0e-07
963.6	1.0e-07
963.8	1.0e-07
964.0	1.0e-07
964.2	1.0e-07
964.4	1.0e-07
964.6	1.0e-07
964.8	1.0e-07
965.0	1.0e-07
965.2	1.0e-07
965.4	1.0e-07
965.6	1.0e-07
965.8	1.0e-07
966.0	1.0e-07
966.2	1.0e-07
966.4	1.0e-07
966.6	1.0e-07
966.8	1.0e-07
967.0	1.0e-07
967.2	1.0e-07
967.4	1.0e-07
967.6	1.0e-07
967.8	1.0e-07
968.0	1.0e-07
968.2	1.0e-07
968.4	1.0e-07
968.6	1.0e-07
968.8	1.0e-07
969.0	1.0e-07
969.2	1.0e-07
969.4	1.0e-07
969.6	1.0e-07
969.8	1.0e-07
970.0	1.0e-07
970.2	1.0e-07
970.4	1.0e-07
970.6	1.0e-07
970.8	1.0e-07
971.0	1.0e-07
971.2	1.0e-07
971.4	1.0e-07
971.6	1.0e-07
971.8	1.0e-07
972.0	1.0e-07
972.2	1.0e-07
972.4	1.0e-07
972.6	1.0e-07
972.8	1.0e-07
973.0	1.0e-07
973.2	1.0e-07
973.4	1.0e-07
973.6	1.0e-07
973.8	1.0e-07
974.0	1.0e-07
974.2	1.0e-07
974.4	1.0e-07
974.6	1.0e-07
974.8	1.0e-07
975.0	1.0e-07
975.2	1.0e-07
975.4	1.0e-07
975.6	1.0e-07
975.8	1.0e-07
976.0	1.0e-07
976.2	1.0e-07
976.4	1.0e-07
976.6	1.0e-07
976.8	1.0e-07
977.0	1.0e-07
977.2	1.0e-07
977.4	1.0e-07
977.6	1.0e-07
977.8	1.0e-07
978.0	1.0e-07
978.2	1.0e-07
978.4	1.0e-07
978.6	1.0e-07
978.8	1.0e-07
979.0	1.0e-07
979.2	1.0e-07
979.4	1.0e-07
979.6	1.0e-07
979.8	1.0e-07
980.0	1.0e-07
980.2	1.0e-07
980.4	1.0e-07
980.6	1.0e-07
980.8	1.0e-07
981.0	1.0e-07
981.2	1.0e-07
981.4	1.0e-07
981.6	1.0e-07
981.8	1.0e-07
982.0	1.0e-07
982.2	1.0e-07
982.4	1.0e-07
982.6	1.0e-07
982.8	1.0e-07
983.0	1.0e-07
983.2	1.0e-07
983.4	1.0e-07
983.6	1.0e-07
983.8	1.0e-07
984.0	1.0e-07
984.2	1.0e-07
984.4	1.0e-07
984.6	1.0e-07
984.8	1.0e-07
985.0	1.0e-07
985.2	1.0e-07
985.4	1.0731e-07
985.6	1.2622e-07
985.8	1.4846e-07
986.0	1.7461e-07
986.2	2.0538e-07
986.4	2.4156e-07
986.6	2.8412e-07
986.8	3.3418e-07
987.0	3.9305e-07
987.2	4.623e-07
987.4	5.4375e-07
987.6	6.3955e-07
987.8	7.5223e-07
988.0	8.8476e-07
988.2	1.0406e-06
988.4	1.224e-06
988.6	1.4396e-06
988.8	1.6933e-06
989.0	1.8594e-06
989.2	1.9189e-06
989.4	1.9803e-06
989.6	2.0436e-06
989.8	2.109e-06
990.0	2.1765e-06
990.2	2.2461e-06
990.4	2.3179e-06
990.6	2.3921e-06
990.8	2.4686e-06
991.0	2.5476e-06
991.2	2.629e-06
991.4	2.7131e-06
991.6	2.7999e-06
991.8	2.8895e-06
992.0	2.9819e-06
992.2	3.0773e-06
992.4	3.1757e-06
992.6	3.2725e-06
992.8	3.3693e-06
993.0	3.4689e-06
993.2	3.5715e-06
993.4	3.6771e-06
993.6	3.7858e-06
993.8	3.8977e-06
994.0	4.0129e-06
994.2	4.1316e-06
994.4	4.2537e-06
994.6	4.3795e-06
994.8	4.509e-06
995.0	4.6423e-06
995.2	4.7796e-06
995.4	4.9209e-06
995.6	5.0664e-06
995.8	5.2161e-06
996.0	5.3704e-06
996.2	5.3664e-06
996.4	5.3035e-06
996.6	5.2414e-06
996.8	5.18e-06
997.0	5.1193e-06
997.2	5.0593e-06
997.4	5.0e-06
997.6	4.9414e-06
997.8	4.8835e-06
998.0	4.8263e-06
998.2	4.7697e-06
998.4	4.7138e-06
998.6	4.6586e-06
998.8	4.604e-06
999.0	4.5501e-06
999.2	4.4967e-06
999.4	4.4441e-06
999.6	4.392e-06
999.8	4.4874e-06
1000.0	4.6119e-06
1000.2	4.6878e-06
1000.4	4.7649e-06
1000.6	4.8432e-06
1000.8	4.9229e-06
1001.0	5.0039e-06
1001.2	5.0406e-06
1001.4	5.0643e-06
1001.6	5.0882e-06
1001.8	5.1122e-06
1002.0	5.1363e-06
1002.2	5.1604e-06
1002.4	5.1848e-06
1002.6	5.2092e-06
1002.8	5.2337e-06
1003.0	5.2584e-06
1003.2	5.2832e-06
1003.4	5.3081e-06
1003.6	5.3331e-06
1003.8	5.3582e-06
1004.0	5.3834e-06
1004.2	5.4088e-06
1004.4	5.4343e-06
1004.6	5.4599e-06
1004.8	5.2874e-06
1005.0	5.0923e-06
1005.2	4.9043e-06
1005.4	4.7234e-06
1005.6	4.5491e-06
1005.8	4.3812e-06
1006.0	4.2195e-06
1006.2	4.0638e-06
1006.4	3.9138e-06
1006.6	3.7694e-06
1006.8	3.6303e-06
1007.0	3.4963e-06
1007.2	3.3673e-06
1007.4	3.243e-06
1007.6	3.1233e-06
1007.8	3.0081e-06
1008.0	2.8971e-06
1008.2	2.7902e-06
1008.4	2.7875e-06
1008.6	2.788e-06
1008.8	2.7886e-06
1009.0	2.7891e-06
1009.2	2.7896e-06
1009.4	2.7901e-06
1009.6	2.7907e-06
1009.8	2.7912e-06
1010.0	2.7917e-06
1010.2	2.7922e-06
1010.4	2.7927e-06
1010.6	2.7933e-06
1010.8	2.7938e-06
1011.0	2.7943e-06
1011.2	2.7948e-06
1011.4	2.7954e-06
1011.6	2.7959e-06
1011.8	2.8041e-06
1012.0	2.9023e-06
1012.2	3.0039e-06
1012.4	3.1091e-06
1012.6	3.218e-06
1012.8	3.3307e-06
1013.0	3.4474e-06
1013.2	3.5681e-06
1013.4	3.6931e-06
1013.6	3.8225e-06
1013.8	3.9563e-06
1014.0	4.0949e-06
1014.2	4.2383e-06
1014.4	4.3868e-06
1014.6	4.5404e-06
1014.8	4.6994e-06
1015.0	4.864e-06
1015.2	5.0344e-06
1015.4	5.1824e-06
1015.6	5.2199e-06
1015.8	5.2577e-06
1016.0	5.2958e-06
1016.2	5.3342e-06
1016.4	5.3728e-06
1016.6	5.4117e-06
1016.8	5.4509e-06
1017.0	5.4904e-06
1017.2	5.5302e-06
1017.4	5.5702e-06
1017.6	5.6106e-06
1017.8	5.6512e-06
1018.0	5.6921e-06
1018.2	5.7334e-06
1018.4	5.7749e-06
1018.6	5.8167e-06
1018.8	5.8588e-06
1019.0	5.8369e-06
1019.2	5.684e-06
1019.4	5.5352e-06
1019.6	5.3902e-06
1019.8	5.2491e-06
1020.0	5.1116e-06
1020.2	4.9777e-06
1020.4	4.8474e-06
1020.6	4.7204e-06
1020.8	4.5968e-06
1021.0	4.4764e-06
1021.2	4.3592e-06
1021.4	4.245e-06
1021.6	4.1338e-06
1021.8	4.0256e-06
1022.0	3.9201e-06
1022.2	3.8175e-06
1022.4	3.7175e-06
1022.6	3.6585e-06
1022.8	3.6445e-06
1023.0	3.6305e-06
1023.2	3.6165e-06
1023.4	3.6027e-06
1023.6	3.5888e-06
1023.8	3.575e-06
1024.0	3.5613e-06
1024.2	3.5476e-06
1024.4	3.534e-06
1024.6	3.5204e-06
1024.8	3.5069e-06
1025.0	3.4934e-06
1025.2	3.4703e-06
1025.4	3.4474e-06
1025.6	3.4246e-06
1025.8	3.4019e-06
1026.0	3.3795e-06
1026.2	3.4009e-06
1026.4	3.4748e-06
1026.6	3.5504e-06
1026.8	3.6276e-06
1027.0	3.7064e-06
1027.2	3.787e-06
1027.4	3.8694e-06
1027.6	3.9535e-06
1027.8	4.0395e-06
1028.0	4.1273e-06
1028.2	4.217e-06
1028.4	4.3087e-06
1028.6	4.4024e-06
1028.8	4.4981e-06
1029.0	4.5959e-06
1029.2	4.6959e-06
1029.4	4.798e-06
1029.6	4.9023e-06
1029.8	4.9957e-06
1030.0	5.0815e-06
1030.2	5.1686e-06
1030.4	5.2573e-06
1030.6	5.3475e-06
1030.8	5.4393e-06
1031.0	5.5326e-06
1031.2	5.6275e-06
1031.4	5.7241e-06
1031.6	5.8223e-06
1031.8	5.9222e-06
1032.0	6.0238e-06
1032.2	6.1272e-06
1032.4	6.2323e-06
1032.6	6.3392e-06
1032.8	6.448e-06
1033.0	6.5586e-06
1033.2	6.6712e-06
1033.4	6.6488e-06
1033.6	6.5743e-06
1033.8	6.5006e-06
1034.0	6.4277e-06
1034.2	6.3557e-06
1034.4	6.2844e-06
1034.6	6.214e-06
1034.8	6.1443e-06
1035.0	6.0755e-06
1035.2	6.0074e-06
1035.4	5.94e-06
1035.6	5.8734e-06
1035.8	5.8076e-06
1036.0	5.7425e-06
1036.2	5.6781e-06
1036.4	5.6145e-06
1036.6	5.5515e-06
1036.8	5.4893e-06
1037.0	5.4285e-06
1037.2	5.3684e-06
1037.4	5.309e-06
1037.6	5.2503e-06
1037.8	5.1922e-06
1038.0	5.1348e-06
1038.2	5.078e-06
1038.4	5.0218e-06
1038.6	4.9663e-06
1038.8	4.9113e-06
1039.0	4.857e-06
1039.2	4.8033e-06
1039.4	4.7501e-06
1039.6	4.6976e-06
1039.8	4.6456e-06
1040.0	4.5942e-06
1040.2	4.5434e-06
1040.4	4.4939e-06
1040.6	4.496e-06
1040.8	4.4982e-06
1041.0	4.5003e-06
1041.2	4.5024e-06
1041.4	4.5045e-06
1041.6	4.5067e-06
1041.8	4.5088e-06
1042.0	4.5109e-06
1042.2	4.5131e-06
1042.4	4.5152e-06
1042.6	4.5173e-06
1042.8	4.5194e-06
1043.0	4.5216e-06
1043.2	4.5237e-06
1043.4	4.5259e-06
1043.6	4.528e-06
1043.8	4.5301e-06
1044.0	4.5467e-06
1044.2	4.6322e-06
1044.4	4.7193e-06
1044.6	4.8081e-06
1044.8	4.8985e-06
1045.0	4.9906e-06
1045.2	5.0609e-06
1045.4	5.1321e-06
1045.6	5.2043e-06
1045.8	5.2775e-06
1046.0	5.3518e-06
1046.2	5.4186e-06
1046.4	5.4517e-06
1046.6	5.4851e-06
1046.8	5.5186e-06
1047.0	5.5524e-06
1047.2	5.5864e-06
1047.4	5.6206e-06
1047.6	5.6549e-06
1047.8	5.6895e-06
1048.0	5.7243e-06
1048.2	5.7594e-06
1048.4	5.7946e-06
1048.6	5.8301e-06
1048.8	5.8657e-06
1049.0	5.9016e-06
1049.2	5.9377e-06
1049.4	5.974e-06
1049.6	6.0106e-06
1049.8	6.038e-06
1050.0	6.0481e-06
1050.2	6.0583e-06
1050.4	6.0684e-06
1050.6	6.0786e-06
1050.8	6.0888e-06
1051.0	6.099e-06
1051.2	6.1093e-06
1051.4	6.1195e-06
1051.6	6.1298e-06
1051.8	6.1401e-06
1052.0	6.1504e-06
1052.2	6.1607e-06
1052.4	6.171e-06
1052.6	6.1814e-06
1052.8	6.1917e-06
1053.0	6.2021e-06
1053.2	6.2125e-06
1053.4	6.2031e-06
1053.6	6.1746e-06
1053.8	6.1463e-06
1054.0	6.1182e-06
1054.2	6.0901e-06
1054.4	6.0622e-06
1054.6	6.0344e-06
1054.8	6.0068e-06
1055.0	5.9793e-06
1055.2	5.9518e-06
1055.4	5.9246e-06
1055.6	5.8974e-06
1055.8	5.8704e-06
1056.0	5.8435e-06
1056.2	5.8167e-06
1056.4	5.79e-06
1056.6	5.7635e-06
1056.8	5.7371e-06
1057.0	5.7458e-06
1057.2	5.7711e-06
1057.4	5.7964e-06
1057.6	5.8219e-06
1057.8	5.8475e-06
1058.0	5.8733e-06
1058.2	5.8991e-06
1058.4	5.925e-06
1058.6	5.9511e-06
1058.8	5.9773e-06
1059.0	6.0036e-06
1059.2	6.03e-06
1059.4	6.0565e-06
1059.6	6.0831e-06
1059.8	6.1099e-06
1060.0	6.1368e-06
1060.2	6.1638e-06
1060.4	6.1909e-06
1060.6	6.2224e-06
1060.8	6.2548e-06
1061.0	6.2874e-06
1061.2	6.3202e-06
1061.4	6.3531e-06
1061.6	6.3862e-06
1061.8	6.4194e-06
1062.0	6.4529e-06
1062.2	6.4865e-06
1062.4	6.5202e-06
1062.6	6.5542e-06
1062.8	6.5883e-06
1063.0	6.6227e-06
1063.2	6.6571e-06
1063.4	6.6918e-06
1063.6	6.7267e-06
1063.8	6.7617e-06
1064.0	6.7968e-06
1064.2	6.8296e-06
1064.4	6.8625e-06
1064.6	6.8956e-06
1064.8	6.9289e-06
1065.0	6.9623e-06
1065.2	6.935e-06
1065.4	6.9077e-06
1065.6	6.8806e-06
1065.8	6.8535e-06
1066.0	6.8266e-06
1066.2	6.7998e-06
1066.4	6.7982e-06
1066.6	6.7971e-06
1066.8	6.796e-06
1067.0	6.7949e-06
1067.2	6.7938e-06
1067.4	6.7927e-06
1067.6	6.7916e-06
1067.8	6.7905e-06
1068.0	6.7894e-06
1068.2	6.7884e-06
1068.4	6.7873e-06
1068.6	6.7862e-06
1068.8	6.7851e-06
1069.0	6.784e-06
1069.2	6.7829e-06
1069.4	6.7818e-06
1069.6	6.7807e-06
1069.8	6.7803e-06
1070.0	6.7837e-06
1070.2	6.7871e-06
1070.4	6.7904e-06
1070.6	6.7938e-06
1070.8	6.7972e-06
1071.0	6.8006e-06
1071.2	6.804e-06
1071.4	6.8073e-06
1071.6	6.8107e-06
1071.8	6.8141e-06
1072.0	6.8175e-06
1072.2	6.8209e-06
1072.4	6.8243e-06
1072.6	6.8277e-06
1072.8	6.8311e-06
1073.0	6.8345e-06
1073.2	6.8379e-06
1073.4	6.8565e-06
1073.6	6.9044e-06
1073.8	6.9527e-06
1074.0	7.0012e-06
1074.2	7.0502e-06
1074.4	7.0994e-06
1074.6	7.149e-06
1074.8	7.199e-06
1075.0	7.2493e-06
1075.2	7.2999e-06
1075.4	7.3509e-06
1075.6	7.4023e-06
1075.8	7.454e-06
1076.0	7.5061e-06
1076.2	7.5585e-06
1076.4	7.6113e-06
1076.6	7.6076e-06
1076.8	7.5824e-06
1077.0	7.5573e-06
1077.2	7.5323e-06
1077.4	7.5074e-06
1077.6	7.4825e-06
1077.8	7.4577e-06
1078.0	7.4331e-06
1078.2	7.4084e-06
1078.4	7.3839e-06
1078.6	7.3595e-06
1078.8	7.3351e-06
1079.0	7.3108e-06
1079.2	7.2866e-06
1079.4	7.2625e-06
1079.6	7.2385e-06
1079.8	7.2145e-06
1080.0	7.2396e-06
1080.2	7.2804e-06
1080.4	7.3214e-06
1080.6	7.3626e-06
1080.8	7.4041e-06
1081.0	7.4458e-06
1081.2	7.4877e-06
1081.4	7.5299e-06
1081.6	7.5723e-06
1081.8	7.615e-06
1082.0	7.6578e-06
1082.2	7.701e-06
1082.4	7.7443e-06
1082.6	7.788e-06
1082.8	7.8318e-06
1083.0	7.8759e-06
1083.2	7.9203e-06
1083.4	7.9649e-06
1083.6	8.0097e-06
1083.8	8.0549e-06
1084.0	8.1002e-06
1084.2	8.1458e-06
1084.4	8.1917e-06
1084.6	8.2379e-06
1084.8	8.2481e-06
1085.0	8.2251e-06
1085.2	8.2021e-06
1085.4	8.1792e-06
1085.6	8.1564e-06
1085.8	8.1336e-06
1086.0	8.1109e-06
1086.2	8.0883e-06
1086.4	8.0657e-06
1086.6	8.0432e-06
1086.8	8.0207e-06
1087.0	7.9983e-06
1087.2	7.976e-06
1087.4	7.9537e-06
1087.6	7.9315e-06
1087.8	7.9094e-06
1088.0	7.8873e-06
1088.2	7.8653e-06
1088.4	7.8433e-06
1088.6	7.8214e-06
1088.8	7.7996e-06
1089.0	7.7778e-06
1089.2	7.7561e-06
1089.4	7.7345e-06
1089.6	7.7195e-06
1089.8	7.7211e-06
1090.0	7.7228e-06
1090.2	7.7244e-06
1090.4	7.726e-06
1090.6	7.7277e-06
1090.8	7.7293e-06
1091.0	7.731e-06
1091.2	7.7326e-06
1091.4	7.7343e-06
1091.6	7.7359e-06
1091.8	7.7375e-06
1092.0	7.7392e-06
1092.2	7.7408e-06
1092.4	7.7425e-06
1092.6	7.7441e-06
1092.8	7.7458e-06
1093.0	7.7474e-06
1093.2	7.749e-06
1093.4	7.7507e-06
1093.6	7.7523e-06
1093.8	7.754e-06
1094.0	7.7556e-06
1094.2	7.7573e-06
1094.4	7.7605e-06
1094.6	7.8026e-06
1094.8	7.8449e-06
1095.0	7.8875e-06
1095.2	7.9302e-06
1095.4	7.9732e-06
1095.6	8.0165e-06
1095.8	8.0599e-06
1096.0	8.1036e-06
1096.2	8.1476e-06
1096.4	8.1917e-06
1096.6	8.2361e-06
1096.8	8.2808e-06
1097.0	8.3257e-06
1097.2	8.3708e-06
1097.4	8.4162e-06
1097.6	8.4619e-06
1097.8	8.5077e-06
1098.0	8.5539e-06
1098.2	8.6003e-06
1098.4	8.6469e-06
1098.6	8.6938e-06
1098.8	8.7409e-06
1099.0	8.7883e-06
1099.2	8.8359e-06
1099.4	8.8839e-06
1099.6	8.932e-06
1099.8	8.9805e-06
1100.0	9.0291e-06
1100.2	9.0781e-06
1100.4	9.1273e-06
1100.6	9.0719e-06
1100.8	8.9178e-06
1101.0	8.7663e-06
1101.2	8.6174e-06
1101.4	8.471e-06
1101.6	8.3271e-06
1101.8	8.1856e-06
1102.0	8.0466e-06
1102.2	7.9099e-06
1102.4	7.7755e-06
1102.6	7.6434e-06
1102.8	7.5136e-06
1103.0	7.3859e-06
1103.2	7.2605e-06
1103.4	7.1371e-06
1103.6	7.0159e-06
1103.8	6.8967e-06
1104.0	6.8469e-06
1104.2	6.8462e-06
1104.4	6.8455e-06
1104.6	6.8449e-06
1104.8	6.8442e-06
1105.0	6.8435e-06
1105.2	6.8429e-06
1105.4	6.8422e-06
1105.6	6.8415e-06
1105.8	6.8409e-06
1106.0	6.8402e-06
1106.2	6.8395e-06
1106.4	6.8389e-06
1106.6	6.8382e-06
1106.8	6.8375e-06
1107.0	6.8369e-06
1107.2	6.8362e-06
1107.4	6.8356e-06
1107.6	6.8349e-06
1107.8	6.8342e-06
1108.0	6.8336e-06
1108.2	6.8329e-06
1108.4	6.8322e-06
1108.6	6.8316e-06
1108.8	6.8309e-06
1109.0	6.8302e-06
