Typical Measured Spectrum of Semrock FF01-517/20 Optical Filter	
For wavelengths between 320 and 1120 nm, values near or below 3e-7 (Optical Density 6.5) are measurement noise limited.
For wavelengths < 320 nm and > 1120 nm, values near or below 3e-6 (Optical Density 5.5) are measurement noise limited. 
Data format:  Wavelength (nm) <tab> Transmission (0 to 1)
300.0	1.936e-07
300.2	1.9154e-07
300.4	1.895e-07
300.6	1.8748e-07
300.8	1.8549e-07
301.0	1.8351e-07
301.2	1.8156e-07
301.4	1.7963e-07
301.6	1.7771e-07
301.8	1.8155e-07
302.0	1.914e-07
302.2	2.0178e-07
302.4	2.1272e-07
302.6	2.2425e-07
302.8	2.3641e-07
303.0	2.4923e-07
303.2	2.6274e-07
303.4	2.7699e-07
303.6	2.9201e-07
303.8	3.0784e-07
304.0	3.2453e-07
304.2	3.4213e-07
304.4	3.6068e-07
304.6	3.8024e-07
304.8	4.0086e-07
305.0	4.2259e-07
305.2	4.6313e-07
305.4	5.0756e-07
305.6	5.351e-07
305.8	4.9551e-07
306.0	4.5885e-07
306.2	4.249e-07
306.4	3.9347e-07
306.6	3.6436e-07
306.8	3.374e-07
307.0	3.1244e-07
307.2	2.8932e-07
307.4	2.6792e-07
307.6	2.481e-07
307.8	2.2974e-07
308.0	2.1274e-07
308.2	1.97e-07
308.4	1.8243e-07
308.6	1.6893e-07
308.8	1.5643e-07
309.0	1.4486e-07
309.2	1.3414e-07
309.4	1.3961e-07
309.6	1.5897e-07
309.8	1.8103e-07
310.0	2.0613e-07
310.2	2.3473e-07
310.4	2.6728e-07
310.6	3.0436e-07
310.8	3.4657e-07
311.0	3.9464e-07
311.2	4.4938e-07
311.4	5.1172e-07
311.6	5.8269e-07
311.8	6.6352e-07
312.0	7.5555e-07
312.2	8.6035e-07
312.4	9.7968e-07
312.6	1.1156e-06
312.8	1.2703e-06
313.0	1.4465e-06
313.2	1.2917e-06
313.4	1.1261e-06
313.6	9.8174e-07
313.8	8.5587e-07
314.0	7.4614e-07
314.2	6.5048e-07
314.4	5.6708e-07
314.6	4.9438e-07
314.8	4.31e-07
315.0	3.7574e-07
315.2	3.2757e-07
315.4	2.8557e-07
315.6	2.4896e-07
315.8	2.1704e-07
316.0	1.8921e-07
316.2	1.6495e-07
316.4	1.4381e-07
316.6	1.2537e-07
316.8	1.1628e-07
317.0	1.2867e-07
317.2	1.4237e-07
317.4	1.5753e-07
317.6	1.7431e-07
317.8	1.9287e-07
318.0	2.1341e-07
318.2	2.3614e-07
318.4	2.6128e-07
318.6	2.8911e-07
318.8	3.1989e-07
319.0	3.5396e-07
319.2	3.9165e-07
319.4	4.3336e-07
319.6	4.7951e-07
319.8	5.3058e-07
320.0	5.8708e-07
320.2	6.496e-07
320.4	7.1878e-07
320.6	7.3172e-07
320.8	7.078e-07
321.0	6.8466e-07
321.2	6.6228e-07
321.4	6.4062e-07
321.6	6.1968e-07
321.8	5.9942e-07
322.0	5.7982e-07
322.2	5.6087e-07
322.4	5.4253e-07
322.6	5.2479e-07
322.8	5.0764e-07
323.0	4.9104e-07
323.2	4.7499e-07
323.4	4.5946e-07
323.6	4.4444e-07
323.8	4.2991e-07
324.0	4.1585e-07
324.2	4.0226e-07
324.4	3.6925e-07
324.6	3.3867e-07
324.8	3.1063e-07
325.0	2.8491e-07
325.2	2.6132e-07
325.4	2.3968e-07
325.6	2.1984e-07
325.8	2.0164e-07
326.0	1.8494e-07
326.2	1.6963e-07
326.4	1.5558e-07
326.6	1.427e-07
326.8	1.3089e-07
327.0	1.2005e-07
327.2	1.1011e-07
327.4	1.0099e-07
327.6	9.2631e-08
327.8	8.4961e-08
328.0	8.1153e-08
328.2	8.3313e-08
328.4	8.553e-08
328.6	8.7807e-08
328.8	9.0144e-08
329.0	9.2543e-08
329.2	9.5007e-08
329.4	9.7535e-08
329.6	1.0013e-07
329.8	1.028e-07
330.0	1.0553e-07
330.2	1.0834e-07
330.4	1.1123e-07
330.6	1.1419e-07
330.8	1.1722e-07
331.0	1.2035e-07
331.2	1.2355e-07
331.4	1.2684e-07
331.6	1.3021e-07
331.8	1.3711e-07
332.0	1.4567e-07
332.2	1.5476e-07
332.4	1.6442e-07
332.6	1.7468e-07
332.8	1.8559e-07
333.0	1.9717e-07
333.2	2.0947e-07
333.4	2.2255e-07
333.6	2.3644e-07
333.8	2.512e-07
334.0	2.6687e-07
334.2	2.8353e-07
334.4	3.0123e-07
334.6	3.2003e-07
334.8	3.4e-07
335.0	3.6122e-07
335.2	4.3784e-07
335.4	5.3071e-07
335.6	6.062e-07
335.8	5.8975e-07
336.0	5.7375e-07
336.2	5.5819e-07
336.4	5.4304e-07
336.6	5.2831e-07
336.8	5.1397e-07
337.0	5.0003e-07
337.2	4.8646e-07
337.4	4.7326e-07
337.6	4.6042e-07
337.8	4.4793e-07
338.0	4.3578e-07
338.2	4.2395e-07
338.4	4.1245e-07
338.6	4.0126e-07
338.8	3.9037e-07
339.0	3.7978e-07
339.2	3.6948e-07
339.4	3.3912e-07
339.6	3.0101e-07
339.8	2.6719e-07
340.0	2.3716e-07
340.2	2.1051e-07
340.4	1.8685e-07
340.6	1.6586e-07
340.8	1.4722e-07
341.0	1.3067e-07
341.2	1.1599e-07
341.4	1.0296e-07
341.6	9.1386e-08
341.8	8.1117e-08
342.0	7.2001e-08
342.2	6.391e-08
342.4	5.6728e-08
342.6	5.0353e-08
342.8	4.4695e-08
343.0	3.9719e-08
343.2	3.9605e-08
343.4	3.9492e-08
343.6	3.9379e-08
343.8	3.9266e-08
344.0	3.9154e-08
344.2	3.9042e-08
344.4	3.893e-08
344.6	3.8819e-08
344.8	3.8708e-08
345.0	3.8597e-08
345.2	3.8487e-08
345.4	3.8377e-08
345.6	3.8267e-08
345.8	3.8158e-08
346.0	3.8049e-08
346.2	3.794e-08
346.4	3.7831e-08
346.6	3.7723e-08
346.8	3.7695e-08
347.0	3.779e-08
347.2	3.7886e-08
347.4	3.7982e-08
347.6	3.8079e-08
347.8	3.8175e-08
348.0	3.8272e-08
348.2	3.8369e-08
348.4	3.8467e-08
348.6	3.8564e-08
348.8	3.8662e-08
349.0	3.876e-08
349.2	3.8858e-08
349.4	3.8957e-08
349.6	3.9056e-08
349.8	3.9155e-08
350.0	3.9254e-08
350.2	3.9354e-08
350.4	3.9454e-08
350.6	3.9528e-08
350.8	3.9596e-08
351.0	3.9664e-08
351.2	3.9732e-08
351.4	3.98e-08
351.6	3.9868e-08
351.8	3.9937e-08
352.0	4.0005e-08
352.2	4.0074e-08
352.4	4.0142e-08
352.6	4.0211e-08
352.8	4.028e-08
353.0	4.0349e-08
353.2	4.0418e-08
353.4	4.0488e-08
353.6	4.0557e-08
353.8	4.0627e-08
354.0	4.0696e-08
354.2	4.1302e-08
354.4	4.4581e-08
354.6	4.812e-08
354.8	5.1941e-08
355.0	5.6064e-08
355.2	6.0515e-08
355.4	6.5319e-08
355.6	7.0505e-08
355.8	7.6102e-08
356.0	8.2144e-08
356.2	8.8665e-08
356.4	9.5704e-08
356.6	1.033e-07
356.8	1.115e-07
357.0	1.2035e-07
357.2	1.2991e-07
357.4	1.4022e-07
357.6	1.5136e-07
357.8	1.6337e-07
358.0	1.735e-07
358.2	1.8211e-07
358.4	1.9115e-07
358.6	2.0063e-07
358.8	2.1059e-07
359.0	2.2103e-07
359.2	2.32e-07
359.4	2.4351e-07
359.6	2.5559e-07
359.8	2.6828e-07
360.0	2.8159e-07
360.2	2.9556e-07
360.4	3.1022e-07
360.6	3.2561e-07
360.8	3.4177e-07
361.0	3.5873e-07
361.2	3.7652e-07
361.4	3.9521e-07
361.6	4.1481e-07
361.8	3.7807e-07
362.0	3.4434e-07
362.2	3.1362e-07
362.4	2.8564e-07
362.6	2.6016e-07
362.8	2.3695e-07
363.0	2.1581e-07
363.2	1.9656e-07
363.4	1.7902e-07
363.6	1.6305e-07
363.8	1.485e-07
364.0	1.3525e-07
364.2	1.2319e-07
364.4	1.122e-07
364.6	1.0219e-07
364.8	9.307e-08
365.0	8.4767e-08
365.2	8.276e-08
365.4	8.0801e-08
365.6	7.8889e-08
365.8	7.7021e-08
366.0	7.5198e-08
366.2	7.3418e-08
366.4	7.168e-08
366.6	6.9983e-08
366.8	6.8327e-08
367.0	6.97e-08
367.2	7.6736e-08
367.4	8.4483e-08
367.6	9.3012e-08
367.8	1.024e-07
368.0	1.1274e-07
368.2	1.2412e-07
368.4	1.3665e-07
368.6	1.5045e-07
368.8	1.6564e-07
369.0	1.8236e-07
369.2	2.0077e-07
369.4	2.2104e-07
369.6	2.4336e-07
369.8	2.6793e-07
370.0	2.9497e-07
370.2	3.2475e-07
370.4	3.5754e-07
370.6	3.9364e-07
370.8	4.1298e-07
371.0	4.2619e-07
371.2	4.3983e-07
371.4	4.5389e-07
371.6	4.6841e-07
371.8	4.8339e-07
372.0	4.9886e-07
372.2	5.1481e-07
372.4	5.3128e-07
372.6	5.4827e-07
372.8	5.6581e-07
373.0	5.8391e-07
373.2	6.0258e-07
373.4	6.2186e-07
373.6	6.4175e-07
373.8	6.6227e-07
374.0	6.8346e-07
374.2	7.0532e-07
374.4	7.1274e-07
374.6	6.2578e-07
374.8	5.4943e-07
375.0	4.824e-07
375.2	4.2354e-07
375.4	3.7187e-07
375.6	3.265e-07
375.8	2.8666e-07
376.0	2.5169e-07
376.2	2.2098e-07
376.4	1.9402e-07
376.6	1.7035e-07
376.8	1.4956e-07
377.0	1.3132e-07
377.2	1.1529e-07
377.4	1.0123e-07
377.6	8.8877e-08
377.8	7.8034e-08
378.0	6.8513e-08
378.2	6.862e-08
378.4	7.7423e-08
378.6	8.7355e-08
378.8	9.8562e-08
379.0	1.1121e-07
379.2	1.2547e-07
379.4	1.4157e-07
379.6	1.5973e-07
379.8	1.8022e-07
380.0	2.0334e-07
380.2	2.2943e-07
380.4	2.5886e-07
380.6	2.9207e-07
380.8	3.2953e-07
381.0	3.7181e-07
381.2	4.1951e-07
381.4	4.7332e-07
381.6	5.3405e-07
381.8	6.0256e-07
382.0	5.4027e-07
382.2	4.7547e-07
382.4	4.1845e-07
382.6	3.6826e-07
382.8	3.241e-07
383.0	2.8523e-07
383.2	2.5102e-07
383.4	2.2092e-07
383.6	1.9442e-07
383.8	1.711e-07
384.0	1.5058e-07
384.2	1.3252e-07
384.4	1.1663e-07
384.6	1.0264e-07
384.8	9.0333e-08
385.0	7.9499e-08
385.2	6.9965e-08
385.4	6.1574e-08
385.6	5.7602e-08
385.8	6.0829e-08
386.0	6.4238e-08
386.2	6.7837e-08
386.4	7.1639e-08
386.6	7.5653e-08
386.8	7.9892e-08
387.0	8.4369e-08
387.2	8.9097e-08
387.4	9.4089e-08
387.6	9.9362e-08
387.8	1.0493e-07
388.0	1.1081e-07
388.2	1.1702e-07
388.4	1.2358e-07
388.6	1.305e-07
388.8	1.3781e-07
389.0	1.4554e-07
389.2	1.5369e-07
389.4	1.3659e-07
389.6	1.1462e-07
389.8	9.618e-08
390.0	8.0706e-08
390.2	6.7722e-08
390.4	5.6827e-08
390.6	4.7685e-08
390.8	4.0013e-08
391.0	3.3576e-08
391.2	2.8174e-08
391.4	2.3642e-08
391.6	1.9838e-08
391.8	1.6647e-08
392.0	1.3968e-08
392.2	1.3822e-08
392.4	1.3677e-08
392.6	1.3534e-08
392.8	1.3392e-08
393.0	1.4145e-08
393.2	1.5848e-08
393.4	1.7756e-08
393.6	1.9893e-08
393.8	2.2288e-08
394.0	2.4971e-08
394.2	2.7977e-08
394.4	3.1345e-08
394.6	3.5119e-08
394.8	3.9346e-08
395.0	4.4083e-08
395.2	4.939e-08
395.4	5.5336e-08
395.6	6.1997e-08
395.8	6.9461e-08
396.0	7.7823e-08
396.2	8.7192e-08
396.4	9.7688e-08
396.6	1.0945e-07
396.8	1.0906e-07
397.0	1.0807e-07
397.2	1.071e-07
397.4	1.0613e-07
397.6	1.0517e-07
397.8	1.0422e-07
398.0	1.0328e-07
398.2	1.0235e-07
398.4	1.0142e-07
398.6	1.0051e-07
398.8	9.9598e-08
399.0	9.8698e-08
399.2	9.7806e-08
399.4	9.6922e-08
399.6	9.6047e-08
399.8	9.5179e-08
400.0	9.4319e-08
400.2	9.3467e-08
400.4	9.3137e-08
400.6	9.3618e-08
400.8	9.4102e-08
401.0	9.4587e-08
401.2	9.5076e-08
401.4	9.5567e-08
401.6	9.606e-08
401.8	9.6556e-08
402.0	9.7054e-08
402.2	9.7555e-08
402.4	9.8059e-08
402.6	9.8565e-08
402.8	9.9074e-08
403.0	9.9586e-08
403.2	1.001e-07
403.4	1.0062e-07
403.6	1.0114e-07
403.8	1.0166e-07
404.0	1.0218e-07
404.2	9.0428e-08
404.4	7.8107e-08
404.6	6.7465e-08
404.8	5.8273e-08
405.0	5.0333e-08
405.2	4.3475e-08
405.4	3.7552e-08
405.6	3.2436e-08
405.8	2.8016e-08
406.0	2.4199e-08
406.2	2.0902e-08
406.4	1.8054e-08
406.6	1.5594e-08
406.8	1.3469e-08
407.0	1.1634e-08
407.2	1.0049e-08
407.4	8.6799e-09
407.6	7.4973e-09
407.8	6.7519e-09
408.0	6.703e-09
408.2	6.6544e-09
408.4	6.6061e-09
408.6	6.5582e-09
408.8	6.5107e-09
409.0	6.4634e-09
409.2	6.4166e-09
409.4	6.3701e-09
409.6	6.3239e-09
409.8	6.278e-09
410.0	6.2325e-09
410.2	6.1873e-09
410.4	6.1424e-09
410.6	6.0979e-09
410.8	6.0537e-09
411.0	6.0098e-09
411.2	5.9662e-09
411.4	5.9229e-09
411.6	5.8858e-09
411.8	5.8507e-09
412.0	5.8157e-09
412.2	5.781e-09
412.4	5.7464e-09
412.6	5.7121e-09
412.8	5.678e-09
413.0	5.644e-09
413.2	5.6103e-09
413.4	5.5768e-09
413.6	5.5435e-09
413.8	5.5104e-09
414.0	5.4775e-09
414.2	5.4447e-09
414.4	5.4122e-09
414.6	5.3799e-09
414.8	5.3477e-09
415.0	5.3158e-09
415.2	5.2851e-09
415.4	5.2578e-09
415.6	5.2306e-09
415.8	5.2035e-09
416.0	5.1766e-09
416.2	5.1499e-09
416.4	5.1232e-09
416.6	5.0967e-09
416.8	5.0704e-09
417.0	5.0441e-09
417.2	5.0181e-09
417.4	4.9921e-09
417.6	4.9663e-09
417.8	4.9406e-09
418.0	4.9151e-09
418.2	4.8897e-09
418.4	4.8644e-09
418.6	4.8392e-09
418.8	4.8142e-09
419.0	4.7912e-09
419.2	4.7691e-09
419.4	4.747e-09
419.6	4.7251e-09
419.8	4.7032e-09
420.0	4.6815e-09
420.2	4.6598e-09
420.4	4.6382e-09
420.6	4.6168e-09
420.8	4.5954e-09
421.0	4.5742e-09
421.2	4.553e-09
421.4	4.532e-09
421.6	4.511e-09
421.8	4.4901e-09
422.0	4.4694e-09
422.2	4.4487e-09
422.4	4.4281e-09
422.6	4.5348e-09
422.8	5.0819e-09
423.0	5.6949e-09
423.2	6.382e-09
423.4	7.1518e-09
423.6	8.0146e-09
423.8	8.9815e-09
424.0	1.0065e-08
424.2	1.1279e-08
424.4	1.264e-08
424.6	1.4165e-08
424.8	1.5873e-08
425.0	1.7788e-08
425.2	1.9934e-08
425.4	2.2339e-08
425.6	2.5034e-08
425.8	2.8054e-08
426.0	3.1438e-08
426.2	3.523e-08
426.4	3.4743e-08
426.6	3.2832e-08
426.8	3.1027e-08
427.0	2.9321e-08
427.2	2.5272e-08
427.4	2.1782e-08
427.6	1.8774e-08
427.8	1.6181e-08
428.0	1.3947e-08
428.2	1.2021e-08
428.4	1.0361e-08
428.6	8.9298e-09
428.8	7.6966e-09
429.0	6.6337e-09
429.2	5.7176e-09
429.4	4.928e-09
429.6	4.2474e-09
429.8	3.6609e-09
430.0	3.1553e-09
430.2	2.7617e-09
430.4	2.7556e-09
430.6	2.7494e-09
430.8	2.7433e-09
431.0	2.7373e-09
431.2	2.7312e-09
431.4	2.7251e-09
431.6	2.7191e-09
431.8	2.713e-09
432.0	2.707e-09
432.2	2.701e-09
432.4	2.695e-09
432.6	2.689e-09
432.8	2.6831e-09
433.0	2.6771e-09
433.2	2.6712e-09
433.4	2.6653e-09
433.6	2.6593e-09
433.8	2.6534e-09
434.0	2.6477e-09
434.2	2.6421e-09
434.4	2.6366e-09
434.6	2.631e-09
434.8	2.6255e-09
435.0	2.6199e-09
435.2	2.6144e-09
435.4	2.6089e-09
435.6	2.6034e-09
435.8	2.5979e-09
436.0	2.5924e-09
436.2	2.587e-09
436.4	2.5815e-09
436.6	2.5761e-09
436.8	2.5706e-09
437.0	2.5652e-09
437.2	2.5598e-09
437.4	2.5544e-09
437.6	2.5493e-09
437.8	2.5513e-09
438.0	2.5533e-09
438.2	2.5553e-09
438.4	2.5573e-09
438.6	2.5593e-09
438.8	2.5613e-09
439.0	2.5633e-09
439.2	2.5653e-09
439.4	2.5673e-09
439.6	2.5693e-09
439.8	2.5713e-09
440.0	2.5733e-09
440.2	2.5753e-09
440.4	2.5774e-09
440.6	2.5794e-09
440.8	2.5814e-09
441.0	2.5834e-09
441.2	2.5854e-09
441.4	2.5816e-09
441.6	2.5723e-09
441.8	2.5631e-09
442.0	2.5538e-09
442.2	2.5447e-09
442.4	2.5355e-09
442.6	2.5264e-09
442.8	2.5174e-09
443.0	2.5083e-09
443.2	2.4993e-09
443.4	2.4903e-09
443.6	2.4814e-09
443.8	2.4725e-09
444.0	2.4636e-09
444.2	2.4547e-09
444.4	2.4459e-09
444.6	2.4371e-09
444.8	2.4284e-09
445.0	2.4197e-09
445.2	2.4126e-09
445.4	2.4056e-09
445.6	2.3985e-09
445.8	2.3915e-09
446.0	2.3845e-09
446.2	2.3776e-09
446.4	2.3706e-09
446.6	2.3637e-09
446.8	2.3568e-09
447.0	2.3499e-09
447.2	2.343e-09
447.4	2.3362e-09
447.6	2.3294e-09
447.8	2.3226e-09
448.0	2.3158e-09
448.2	2.309e-09
448.4	2.3023e-09
448.6	2.2956e-09
448.8	2.4326e-09
449.0	2.73e-09
449.2	3.0637e-09
449.4	3.4383e-09
449.6	3.8587e-09
449.8	4.3304e-09
450.0	4.8598e-09
450.2	5.454e-09
450.4	6.1208e-09
450.6	6.8691e-09
450.8	7.7089e-09
451.0	8.6514e-09
451.2	9.7091e-09
451.4	1.0896e-08
451.6	1.2228e-08
451.8	1.3723e-08
452.0	1.5401e-08
452.2	1.7284e-08
452.4	1.9324e-08
452.6	1.8655e-08
452.8	1.8009e-08
453.0	1.7386e-08
453.2	1.6784e-08
453.4	1.6203e-08
453.6	1.5643e-08
453.8	1.5101e-08
454.0	1.4578e-08
454.2	1.4074e-08
454.4	1.3587e-08
454.6	1.3116e-08
454.8	1.2662e-08
455.0	1.2224e-08
455.2	1.1801e-08
455.4	1.1393e-08
455.6	1.0998e-08
455.8	1.0618e-08
456.0	1.025e-08
456.2	9.6135e-09
456.4	8.8058e-09
456.6	8.066e-09
456.8	7.3883e-09
457.0	6.7676e-09
457.2	6.199e-09
457.4	5.6782e-09
457.6	5.2012e-09
457.8	4.7642e-09
458.0	4.3639e-09
458.2	3.9973e-09
458.4	3.6615e-09
458.6	3.3539e-09
458.8	3.0721e-09
459.0	2.814e-09
459.2	2.5776e-09
459.4	2.361e-09
459.6	2.1627e-09
459.8	2.0051e-09
460.0	2.1182e-09
460.2	2.2377e-09
460.4	2.3639e-09
460.6	2.4972e-09
460.8	2.6381e-09
461.0	2.7869e-09
461.2	2.9441e-09
461.4	3.1101e-09
461.6	3.2855e-09
461.8	3.4708e-09
462.0	3.6666e-09
462.2	3.8734e-09
462.4	4.0919e-09
462.6	4.3227e-09
462.8	4.5665e-09
463.0	4.8241e-09
463.2	5.0961e-09
463.4	5.3836e-09
463.6	5.2934e-09
463.8	4.9855e-09
464.0	4.6954e-09
464.2	4.4223e-09
464.4	4.165e-09
464.6	3.9227e-09
464.8	3.6945e-09
465.0	3.4796e-09
465.2	3.2771e-09
465.4	3.0865e-09
465.6	2.9069e-09
465.8	2.7378e-09
466.0	2.5785e-09
466.2	2.4285e-09
466.4	2.2872e-09
466.6	2.1542e-09
466.8	2.0288e-09
467.0	1.9108e-09
467.2	2.8827e-09
467.4	3.7192e-08
467.6	4.7986e-07
467.8	6.1912e-06
468.0	7.9879e-05
468.2	8.5315e-05
468.4	9.0721e-05
468.6	9.6469e-05
468.8	1.0218e-04
469.0	1.082e-04
469.2	1.1321e-04
469.4	1.1818e-04
469.6	1.2423e-04
469.8	1.3091e-04
470.0	1.3754e-04
470.2	1.4426e-04
470.4	1.5071e-04
470.6	1.5691e-04
470.8	1.6315e-04
471.0	1.6934e-04
471.2	1.7546e-04
471.4	1.8115e-04
471.6	1.8719e-04
471.8	1.9403e-04
472.0	2.0085e-04
472.2	2.0602e-04
472.4	2.1134e-04
472.6	2.1742e-04
472.8	2.2368e-04
473.0	2.3111e-04
473.2	2.3885e-04
473.4	2.4493e-04
473.6	2.5076e-04
473.8	2.5698e-04
474.0	2.6345e-04
474.2	2.7224e-04
474.4	2.8265e-04
474.6	2.8976e-04
474.8	2.9375e-04
475.0	2.9897e-04
475.2	3.0588e-04
475.4	3.1262e-04
475.6	3.1881e-04
475.8	3.2503e-04
476.0	3.3107e-04
476.2	3.3745e-04
476.4	3.4548e-04
476.6	3.5359e-04
476.8	3.5869e-04
477.0	3.6386e-04
477.2	3.6873e-04
477.4	3.7363e-04
477.6	3.7572e-04
477.8	3.7726e-04
478.0	3.7693e-04
478.2	3.7593e-04
478.4	3.7807e-04
478.6	3.8201e-04
478.8	3.8421e-04
479.0	3.849e-04
479.2	3.8625e-04
479.4	3.8844e-04
479.6	3.9013e-04
479.8	3.9081e-04
480.0	3.9136e-04
480.2	3.9147e-04
480.4	3.9177e-04
480.6	3.9312e-04
480.8	3.9451e-04
481.0	3.9651e-04
481.2	3.9852e-04
481.4	4.0136e-04
481.6	4.0426e-04
481.8	4.0521e-04
482.0	4.0583e-04
482.2	4.0951e-04
482.4	4.1423e-04
482.6	4.1749e-04
482.8	4.1999e-04
483.0	4.2044e-04
483.2	4.1929e-04
483.4	4.1969e-04
483.6	4.2187e-04
483.8	4.239e-04
484.0	4.2569e-04
484.2	4.2727e-04
484.4	4.2832e-04
484.6	4.2892e-04
484.8	4.2743e-04
485.0	4.2599e-04
485.2	4.2506e-04
485.4	4.2413e-04
485.6	4.2788e-04
485.8	4.3174e-04
486.0	4.3119e-04
486.2	4.3008e-04
486.4	4.3178e-04
486.6	4.3424e-04
486.8	4.3639e-04
487.0	4.3843e-04
487.2	4.4019e-04
487.4	4.4179e-04
487.6	4.4256e-04
487.8	4.4252e-04
488.0	4.4277e-04
488.2	4.4343e-04
488.4	4.4422e-04
488.6	4.4528e-04
488.8	4.4598e-04
489.0	4.453e-04
489.2	4.4474e-04
489.4	4.4508e-04
489.6	4.4545e-04
489.8	4.4702e-04
490.0	4.4859e-04
490.2	4.4523e-04
490.4	4.4154e-04
490.6	4.4535e-04
490.8	4.5065e-04
491.0	4.5131e-04
491.2	4.5037e-04
491.4	4.4856e-04
491.6	4.4628e-04
491.8	5.0442e-05
492.0	9.9673e-07
492.2	1.513e-07
492.4	1.5668e-07
492.6	1.6225e-07
492.8	6.4946e-08
493.0	2.5873e-08
493.2	3.9982e-08
493.4	4.7887e-08
493.6	4.7173e-08
493.8	7.884e-08
494.0	8.5139e-08
494.2	1.3227e-07
494.4	2.2824e-07
494.6	1.4024e-07
494.8	4.5904e-08
495.0	1.6831e-07
495.2	4.5631e-08
495.4	4.5486e-08
495.6	4.5389e-08
495.8	8.5532e-08
496.0	9.0446e-08
496.2	1.01e-07
496.4	1.128e-07
496.6	1.4199e-07
496.8	2.0349e-07
497.0	2.9163e-07
497.2	1.4522e-07
497.4	1.0807e-07
497.6	1.1883e-07
497.8	1.3052e-07
498.0	1.2996e-07
498.2	1.2939e-07
498.4	1.6502e-07
498.6	2.7137e-07
498.8	3.1524e-07
499.0	3.662e-07
499.2	4.6811e-07
499.4	6.5977e-07
499.6	9.299e-07
499.8	9.7811e-07
500.0	1.4976e-06
500.2	2.017e-06
500.4	2.8566e-06
500.6	4.2731e-06
500.8	6.0682e-06
501.0	9.5237e-06
501.2	1.59e-05
501.4	2.4505e-05
501.6	3.7766e-05
501.8	5.9419e-05
502.0	9.5479e-05
502.2	1.5342e-04
502.4	2.5692e-04
502.6	4.1369e-04
502.8	7.088e-04
503.0	0.00123
503.2	0.00217
503.4	0.00404
503.6	0.00779
503.8	0.01344
504.0	0.02684
504.2	0.05633
504.4	0.1216
504.6	0.2587
504.8	0.48911
505.0	0.74644
505.2	0.90035
505.4	0.94787
505.6	0.9521
505.8	0.95259
506.0	0.95657
506.2	0.96277
506.4	0.96861
506.6	0.9717
506.8	0.97265
507.0	0.97269
507.2	0.97303
507.4	0.97326
507.6	0.97499
507.8	0.97384
508.0	0.97269
508.2	0.97457
508.4	0.9762
508.6	0.97634
508.8	0.97625
509.0	0.97641
509.2	0.97537
509.4	0.97478
509.6	0.9748
509.8	0.97508
510.0	0.97529
510.2	0.97693
510.4	0.97841
510.6	0.98021
510.8	0.98083
511.0	0.98189
511.2	0.98162
511.4	0.98187
511.6	0.98093
511.8	0.97933
512.0	0.97758
512.2	0.97593
512.4	0.97477
512.6	0.97421
512.8	0.97422
513.0	0.97423
513.2	0.97518
513.4	0.97617
513.6	0.9773
513.8	0.9782
514.0	0.97945
514.2	0.97985
514.4	0.98048
514.6	0.98048
514.8	0.98112
515.0	0.9812
515.2	0.98103
515.4	0.98133
515.6	0.98118
515.8	0.98038
516.0	0.97969
516.2	0.978
516.4	0.97658
516.6	0.97445
516.8	0.97231
517.0	0.96984
517.2	0.969
517.4	0.96708
517.6	0.96693
517.8	0.9675
518.0	0.96953
518.2	0.97167
518.4	0.97438
518.6	0.97754
518.8	0.98031
519.0	0.98224
519.2	0.9833
519.4	0.98281
519.6	0.98191
519.8	0.98073
520.0	0.97866
520.2	0.97746
520.4	0.97732
520.6	0.97684
520.8	0.97769
521.0	0.97844
521.2	0.9793
521.4	0.9802
521.6	0.98024
521.8	0.98015
522.0	0.97984
522.2	0.9797
522.4	0.97932
522.6	0.98001
522.8	0.98049
523.0	0.9815
523.2	0.982
523.4	0.98176
523.6	0.98
523.8	0.97668
524.0	0.97102
524.2	0.96501
524.4	0.95917
524.6	0.95348
524.8	0.95069
525.0	0.94967
525.2	0.95053
525.4	0.95356
525.6	0.9565
525.8	0.95906
526.0	0.96037
526.2	0.95477
526.4	0.94919
526.6	0.94365
526.8	0.93814
527.0	0.93266
527.2	0.92721
527.4	0.91816
527.6	0.90375
527.8	0.88344
528.0	0.85591
528.2	0.82127
528.4	0.78555
528.6	0.7591
528.8	0.71063
529.0	0.52732
529.2	0.24105
529.4	0.07827
529.6	0.02463
529.8	0.0093
530.0	0.00277
530.2	0.00109
530.4	4.666e-04
530.6	2.1799e-04
530.8	1.1111e-04
531.0	6.308e-05
531.2	3.6845e-05
531.4	1.376e-05
531.6	7.3679e-06
531.8	3.9506e-06
532.0	2.4375e-06
532.2	1.504e-06
532.4	9.5231e-07
532.6	6.1884e-07
532.8	4.5277e-07
533.0	3.3147e-07
533.2	2.6131e-07
533.4	2.232e-07
533.6	1.9065e-07
533.8	1.6094e-07
534.0	1.4448e-07
534.2	1.3765e-07
534.4	1.3115e-07
534.6	8.254e-08
534.8	5.1948e-08
535.0	6.7958e-08
535.2	1.9334e-07
535.4	1.9934e-07
535.6	2.0237e-07
535.8	5.8603e-08
536.0	9.2567e-08
536.2	1.5088e-07
536.4	1.2963e-07
536.6	1.2937e-07
536.8	1.291e-07
537.0	2.203e-07
537.2	3.833e-07
537.4	6.6691e-07
537.6	1.1604e-06
537.8	2.0189e-06
538.0	3.5127e-06
538.2	6.1118e-06
538.4	7.4353e-06
538.6	4.5162e-06
538.8	2.7431e-06
539.0	1.6662e-06
539.2	1.012e-06
539.4	6.147e-07
539.6	3.7337e-07
539.8	2.2678e-07
540.0	1.3775e-07
540.2	8.3668e-08
540.4	5.082e-08
540.6	3.0868e-08
540.8	1.8749e-08
541.0	1.1388e-08
541.2	6.9171e-09
541.4	4.2015e-09
541.6	2.552e-09
541.8	1.5501e-09
542.0	1.3525e-09
542.2	1.3315e-09
542.4	1.3109e-09
542.6	1.2906e-09
542.8	1.2706e-09
543.0	1.2509e-09
543.2	1.2315e-09
543.4	1.2125e-09
543.6	1.1937e-09
543.8	1.1752e-09
544.0	1.157e-09
544.2	1.139e-09
544.4	1.1214e-09
544.6	1.104e-09
544.8	1.0869e-09
545.0	1.0701e-09
545.2	1.0535e-09
545.4	1.0372e-09
545.6	1.0211e-09
545.8	1.0053e-09
546.0	9.8973e-10
546.2	9.7439e-10
546.4	9.593e-10
546.6	9.4444e-10
546.8	9.2797e-10
547.0	9.0627e-10
547.2	8.8507e-10
547.4	8.6437e-10
547.6	8.4416e-10
547.8	8.2441e-10
548.0	8.0513e-10
548.2	7.863e-10
548.4	7.6791e-10
548.6	7.4995e-10
548.8	7.3241e-10
549.0	7.1528e-10
549.2	6.9855e-10
549.4	6.8221e-10
549.6	6.6625e-10
549.8	6.5067e-10
550.0	6.3545e-10
550.2	6.2059e-10
550.4	6.0608e-10
550.6	5.919e-10
550.8	5.7806e-10
551.0	5.6454e-10
551.2	5.5133e-10
551.4	5.3844e-10
551.6	5.2584e-10
551.8	5.5257e-10
552.0	5.9578e-10
552.2	6.4237e-10
552.4	6.9261e-10
552.6	7.4677e-10
552.8	8.0517e-10
553.0	8.6814e-10
553.2	9.3603e-10
553.4	1.0092e-09
553.6	1.0882e-09
553.8	1.1733e-09
554.0	1.265e-09
554.2	1.3639e-09
554.4	1.4706e-09
554.6	1.5856e-09
554.8	1.7096e-09
555.0	1.8433e-09
555.2	1.9875e-09
555.4	2.1429e-09
555.6	2.3105e-09
555.8	2.4912e-09
556.0	2.686e-09
556.2	2.896e-09
556.4	3.1225e-09
556.6	3.2464e-09
556.8	3.0078e-09
557.0	2.7868e-09
557.2	2.582e-09
557.4	2.3923e-09
557.6	2.2165e-09
557.8	2.0536e-09
558.0	1.9027e-09
558.2	1.7629e-09
558.4	1.6334e-09
558.6	1.5133e-09
558.8	1.4021e-09
559.0	1.2991e-09
559.2	1.2036e-09
559.4	1.1152e-09
559.6	1.0332e-09
559.8	9.5731e-10
560.0	8.8696e-10
560.2	8.2178e-10
560.4	7.6139e-10
560.6	7.0544e-10
560.8	6.5361e-10
561.0	6.0558e-10
561.2	5.6108e-10
561.4	5.1985e-10
561.6	5.0915e-10
561.8	5.0875e-10
562.0	5.0836e-10
562.2	5.0796e-10
562.4	5.0757e-10
562.6	5.0718e-10
562.8	5.0678e-10
563.0	5.0639e-10
563.2	5.06e-10
563.4	5.0561e-10
563.6	5.0521e-10
563.8	5.0482e-10
564.0	5.0443e-10
564.2	5.0404e-10
564.4	5.0365e-10
564.6	5.0326e-10
564.8	5.0287e-10
565.0	5.0248e-10
565.2	5.0209e-10
565.4	5.017e-10
565.6	5.0131e-10
565.8	5.0092e-10
566.0	5.0053e-10
566.2	5.0015e-10
566.4	4.9979e-10
566.6	4.9954e-10
566.8	4.9928e-10
567.0	4.9903e-10
567.2	4.9877e-10
567.4	4.9852e-10
567.6	4.9827e-10
567.8	4.9802e-10
568.0	4.9776e-10
568.2	4.9751e-10
568.4	4.9726e-10
568.6	4.97e-10
568.8	4.9675e-10
569.0	4.965e-10
569.2	4.9625e-10
569.4	4.96e-10
569.6	4.9574e-10
569.8	4.9549e-10
570.0	4.9524e-10
570.2	4.9499e-10
570.4	4.9474e-10
570.6	4.9449e-10
570.8	4.9424e-10
571.0	4.9399e-10
571.2	4.9373e-10
571.4	5.4322e-10
571.6	6.1817e-10
571.8	7.0347e-10
572.0	8.0053e-10
572.2	9.1098e-10
572.4	1.0367e-09
572.6	1.1797e-09
572.8	1.3425e-09
573.0	1.5277e-09
573.2	1.7385e-09
573.4	1.9784e-09
573.6	2.2514e-09
573.8	2.562e-09
574.0	2.9155e-09
574.2	3.3178e-09
574.4	3.7756e-09
574.6	4.2965e-09
574.8	4.8893e-09
575.0	5.564e-09
575.2	6.3317e-09
575.4	7.2053e-09
575.6	8.1995e-09
575.8	9.3308e-09
576.0	1.0618e-08
576.2	1.137e-08
576.4	9.9881e-09
576.6	8.774e-09
576.8	7.7075e-09
577.0	6.7707e-09
577.2	5.9477e-09
577.4	5.2247e-09
577.6	4.5896e-09
577.8	4.0318e-09
578.0	3.5417e-09
578.2	3.1112e-09
578.4	2.733e-09
578.6	2.4008e-09
578.8	2.109e-09
579.0	1.8526e-09
579.2	1.6274e-09
579.4	1.4296e-09
579.6	1.2558e-09
579.8	1.1032e-09
580.0	9.691e-10
580.2	8.513e-10
580.4	7.4782e-10
580.6	6.5692e-10
580.8	5.7707e-10
581.0	5.0693e-10
581.2	5.4111e-10
581.4	6.2075e-10
581.6	7.1212e-10
581.8	8.1693e-10
582.0	9.3717e-10
582.2	1.0751e-09
582.4	1.2334e-09
582.6	1.4149e-09
582.8	1.6231e-09
583.0	1.8621e-09
583.2	2.1361e-09
583.4	2.4505e-09
583.6	2.8112e-09
583.8	3.225e-09
584.0	3.6997e-09
584.2	4.2442e-09
584.4	4.8689e-09
584.6	5.5856e-09
584.8	6.4077e-09
585.0	7.3508e-09
585.2	8.4328e-09
585.4	9.674e-09
585.6	1.1098e-08
585.8	1.2731e-08
586.0	1.4122e-08
586.2	1.4039e-08
586.4	1.3956e-08
586.6	1.3874e-08
586.8	1.3792e-08
587.0	1.3711e-08
587.2	1.363e-08
587.4	1.355e-08
587.6	1.347e-08
587.8	1.3391e-08
588.0	1.3312e-08
588.2	1.3234e-08
588.4	1.3156e-08
588.6	1.3078e-08
588.8	1.3001e-08
589.0	1.2925e-08
589.2	1.2849e-08
589.4	1.2773e-08
589.6	1.2698e-08
589.8	1.2623e-08
590.0	1.2549e-08
590.2	1.2475e-08
590.4	1.2401e-08
590.6	1.2328e-08
590.8	1.2256e-08
591.0	1.2679e-08
591.2	1.3302e-08
591.4	1.3956e-08
591.6	1.4642e-08
591.8	1.5362e-08
592.0	1.6118e-08
592.2	1.691e-08
592.4	1.7741e-08
592.6	1.8613e-08
592.8	1.9528e-08
593.0	2.0488e-08
593.2	2.1496e-08
593.4	2.2552e-08
593.6	2.3661e-08
593.8	2.4824e-08
594.0	2.6045e-08
594.2	2.7325e-08
594.4	2.8668e-08
594.6	3.0077e-08
594.8	3.1556e-08
595.0	3.3107e-08
595.2	3.4735e-08
595.4	3.6443e-08
595.6	3.8234e-08
595.8	3.9437e-08
596.0	3.86e-08
596.2	3.778e-08
596.4	3.6978e-08
596.6	3.6193e-08
596.8	3.5424e-08
597.0	3.4672e-08
597.2	3.3936e-08
597.4	3.3216e-08
597.6	3.251e-08
597.8	3.182e-08
598.0	3.1145e-08
598.2	3.0483e-08
598.4	2.9836e-08
598.6	2.9203e-08
598.8	2.8583e-08
599.0	2.7976e-08
599.2	2.7382e-08
599.4	2.6801e-08
599.6	2.6232e-08
599.8	2.5675e-08
600.0	2.513e-08
600.2	2.4596e-08
600.4	2.4074e-08
600.6	2.3563e-08
600.8	2.3789e-08
601.0	2.4266e-08
601.2	2.4753e-08
601.4	2.525e-08
601.6	2.5757e-08
601.8	2.6273e-08
602.0	2.6801e-08
602.2	2.7339e-08
602.4	2.7887e-08
602.6	2.8447e-08
602.8	2.9018e-08
603.0	2.96e-08
603.2	3.0194e-08
603.4	3.08e-08
603.6	3.1418e-08
603.8	3.2049e-08
604.0	3.2692e-08
604.2	3.3348e-08
604.4	3.4018e-08
604.6	3.47e-08
604.8	3.5397e-08
605.0	3.6107e-08
605.2	3.6832e-08
605.4	3.7571e-08
605.6	3.8298e-08
605.8	3.8953e-08
606.0	3.9619e-08
606.2	4.0297e-08
606.4	4.0986e-08
606.6	4.1686e-08
606.8	4.2399e-08
607.0	4.3124e-08
607.2	4.3862e-08
607.4	4.4612e-08
607.6	4.5374e-08
607.8	4.615e-08
608.0	4.6939e-08
608.2	4.7742e-08
608.4	4.8558e-08
608.6	4.9389e-08
608.8	5.0233e-08
609.0	5.1092e-08
609.2	5.1966e-08
609.4	5.2854e-08
609.6	5.3758e-08
609.8	5.4677e-08
610.0	5.5612e-08
610.2	5.6563e-08
610.4	5.753e-08
610.6	5.681e-08
610.8	5.5488e-08
611.0	5.4197e-08
611.2	5.2936e-08
611.4	5.1705e-08
611.6	5.0502e-08
611.8	4.9327e-08
612.0	4.818e-08
612.2	4.7059e-08
612.4	4.5964e-08
612.6	4.4895e-08
612.8	4.3851e-08
613.0	4.283e-08
613.2	4.1834e-08
613.4	4.0861e-08
613.6	3.991e-08
613.8	3.8982e-08
614.0	3.8075e-08
614.2	3.7189e-08
614.4	3.6324e-08
614.6	3.5479e-08
614.8	3.4654e-08
615.0	3.3848e-08
615.2	3.306e-08
615.4	3.2474e-08
615.6	3.2504e-08
615.8	3.2535e-08
616.0	3.2565e-08
616.2	3.2596e-08
616.4	3.2627e-08
616.6	3.2657e-08
616.8	3.2688e-08
617.0	3.2719e-08
617.2	3.275e-08
617.4	3.278e-08
617.6	3.2811e-08
617.8	3.2842e-08
618.0	3.2873e-08
618.2	3.2904e-08
618.4	3.2935e-08
618.6	3.2966e-08
618.8	3.2997e-08
619.0	3.3028e-08
619.2	3.3059e-08
619.4	3.309e-08
619.6	3.3121e-08
619.8	3.3152e-08
620.0	3.3183e-08
620.2	3.3215e-08
620.4	3.295e-08
620.6	3.258e-08
620.8	3.2214e-08
621.0	3.1853e-08
621.2	3.1495e-08
621.4	3.1141e-08
621.6	3.0792e-08
621.8	3.0446e-08
622.0	3.0104e-08
622.2	2.9766e-08
622.4	2.9432e-08
622.6	2.9101e-08
622.8	2.8774e-08
623.0	2.8451e-08
623.2	2.8132e-08
623.4	2.7816e-08
623.6	2.7503e-08
623.8	2.7194e-08
624.0	2.6889e-08
624.2	2.6587e-08
624.4	2.6288e-08
624.6	2.5993e-08
624.8	2.5701e-08
625.0	2.5413e-08
625.2	2.4256e-08
625.4	2.0638e-08
625.6	1.7559e-08
625.8	1.494e-08
626.0	1.2712e-08
626.2	1.0816e-08
626.4	9.2026e-09
626.6	7.8299e-09
626.8	6.662e-09
627.0	5.6683e-09
627.2	4.8229e-09
627.4	4.1035e-09
627.6	3.4914e-09
627.8	2.9707e-09
628.0	2.5276e-09
628.2	2.1506e-09
628.4	1.8298e-09
628.6	1.5569e-09
628.8	1.3246e-09
629.0	1.1271e-09
629.2	9.5895e-10
629.4	8.1591e-10
629.6	6.9421e-10
629.8	5.9067e-10
630.0	5.0256e-10
630.2	5.0446e-10
630.4	5.3663e-10
630.6	5.7086e-10
630.8	6.0727e-10
631.0	6.46e-10
631.2	6.872e-10
631.4	7.3103e-10
631.6	7.7766e-10
631.8	8.2726e-10
632.0	8.8002e-10
632.2	9.3615e-10
632.4	9.9586e-10
632.6	1.0594e-09
632.8	1.1269e-09
633.0	1.1988e-09
633.2	1.2753e-09
633.4	1.3566e-09
633.6	1.4432e-09
633.8	1.5352e-09
634.0	1.6331e-09
634.2	1.7373e-09
634.4	1.8481e-09
634.6	1.966e-09
634.8	2.0914e-09
635.0	2.1572e-09
635.2	2.0284e-09
635.4	1.9073e-09
635.6	1.7934e-09
635.8	1.6863e-09
636.0	1.5856e-09
636.2	1.491e-09
636.4	1.402e-09
636.6	1.3183e-09
636.8	1.2396e-09
637.0	1.1655e-09
637.2	1.096e-09
637.4	1.0305e-09
637.6	9.69e-10
637.8	9.1114e-10
638.0	8.5674e-10
638.2	8.0559e-10
638.4	7.575e-10
638.6	7.1227e-10
638.8	6.6975e-10
639.0	6.2976e-10
639.2	5.9216e-10
639.4	5.5681e-10
639.6	5.2356e-10
639.8	4.923e-10
640.0	5.273e-10
640.2	5.8848e-10
640.4	6.5677e-10
640.6	7.3299e-10
640.8	8.1805e-10
641.0	9.1298e-10
641.2	1.0189e-09
641.4	1.1372e-09
641.6	1.2691e-09
641.8	1.4164e-09
642.0	1.5808e-09
642.2	1.7642e-09
642.4	1.9689e-09
642.6	2.1974e-09
642.8	2.4524e-09
643.0	2.737e-09
643.2	3.0546e-09
643.4	3.4091e-09
643.6	3.8047e-09
643.8	4.2462e-09
644.0	4.7389e-09
644.2	5.2888e-09
644.4	5.9026e-09
644.6	6.5875e-09
644.8	6.9799e-09
645.0	6.2454e-09
645.2	5.5881e-09
645.4	5.0e-09
645.6	4.4738e-09
645.8	4.003e-09
646.0	3.5817e-09
646.2	3.2048e-09
646.4	2.8675e-09
646.6	2.5658e-09
646.8	2.2957e-09
647.0	2.0541e-09
647.2	1.838e-09
647.4	1.6445e-09
647.6	1.4715e-09
647.8	1.3166e-09
648.0	1.1781e-09
648.2	1.0541e-09
648.4	9.4315e-10
648.6	8.4389e-10
648.8	7.5508e-10
649.0	6.7562e-10
649.2	6.0452e-10
649.4	5.409e-10
649.6	4.8397e-10
649.8	4.8827e-10
650.0	5.1675e-10
650.2	5.4689e-10
650.4	5.7878e-10
650.6	6.1254e-10
650.8	6.4827e-10
651.0	6.8608e-10
651.2	7.2609e-10
651.4	7.6844e-10
651.6	8.1326e-10
651.8	8.6069e-10
652.0	9.1089e-10
652.2	9.6402e-10
652.4	1.0202e-09
652.6	1.0798e-09
652.8	1.1427e-09
653.0	1.2094e-09
653.2	1.2799e-09
653.4	1.3546e-09
653.6	1.4336e-09
653.8	1.5172e-09
654.0	1.6057e-09
654.2	1.6993e-09
654.4	1.7984e-09
654.6	1.8545e-09
654.8	1.753e-09
655.0	1.6571e-09
655.2	1.5664e-09
655.4	1.4807e-09
655.6	1.3996e-09
655.8	1.323e-09
656.0	1.2506e-09
656.2	1.1822e-09
656.4	1.1175e-09
656.6	1.0563e-09
656.8	9.9854e-10
657.0	9.4389e-10
657.2	8.9223e-10
657.4	8.4341e-10
657.6	7.9725e-10
657.8	7.5362e-10
658.0	7.1238e-10
658.2	6.7339e-10
658.4	6.3654e-10
658.6	6.017e-10
658.8	5.6878e-10
659.0	5.3765e-10
659.2	5.0823e-10
659.4	4.8041e-10
659.6	5.177e-10
659.8	5.8279e-10
660.0	6.5607e-10
660.2	7.3856e-10
660.4	8.3141e-10
660.6	9.3595e-10
660.8	1.0536e-09
661.0	1.1861e-09
661.2	1.3352e-09
661.4	1.5031e-09
661.6	1.6921e-09
661.8	1.9048e-09
662.0	2.1443e-09
662.2	2.414e-09
662.4	2.7175e-09
662.6	3.0591e-09
662.8	3.4438e-09
663.0	3.8767e-09
663.2	4.3642e-09
663.4	4.9129e-09
663.6	5.5306e-09
663.8	6.2259e-09
664.0	7.0087e-09
664.2	7.8899e-09
664.4	8.4019e-09
664.6	7.4666e-09
664.8	6.6355e-09
665.0	5.8969e-09
665.2	5.2405e-09
665.4	4.6571e-09
665.6	4.1387e-09
665.8	3.678e-09
666.0	3.2686e-09
666.2	2.9048e-09
666.4	2.5814e-09
666.6	2.2941e-09
666.8	2.0387e-09
667.0	1.8118e-09
667.2	1.6101e-09
667.4	1.4309e-09
667.6	1.2716e-09
667.8	1.1301e-09
668.0	1.0043e-09
668.2	8.9247e-10
668.4	7.9313e-10
668.6	7.0484e-10
668.8	6.2638e-10
669.0	5.5666e-10
669.2	4.9469e-10
669.4	5.0234e-10
669.6	5.3656e-10
669.8	5.7312e-10
670.0	6.1217e-10
670.2	6.5388e-10
670.4	6.9843e-10
670.6	7.4602e-10
670.8	7.9685e-10
671.0	8.5114e-10
671.2	9.0913e-10
671.4	9.7107e-10
671.6	1.0372e-09
671.8	1.1079e-09
672.0	1.1834e-09
672.2	1.264e-09
672.4	1.3501e-09
672.6	1.4421e-09
672.8	1.5404e-09
673.0	1.6453e-09
673.2	1.7575e-09
673.4	1.8772e-09
673.6	2.0051e-09
673.8	2.1417e-09
674.0	2.2876e-09
674.2	2.4324e-09
674.4	2.5446e-09
674.6	2.6621e-09
674.8	2.785e-09
675.0	2.9136e-09
675.2	3.048e-09
675.4	3.1888e-09
675.6	3.336e-09
675.8	3.49e-09
676.0	3.6511e-09
676.2	3.8196e-09
676.4	3.9959e-09
676.6	4.1804e-09
676.8	4.3734e-09
677.0	4.5752e-09
677.2	4.7864e-09
677.4	5.0074e-09
677.6	5.2386e-09
677.8	5.4804e-09
678.0	5.7334e-09
678.2	5.998e-09
678.4	6.2749e-09
678.6	6.5646e-09
678.8	6.8676e-09
679.0	7.1846e-09
679.2	7.3141e-09
679.4	7.3654e-09
679.6	7.4171e-09
679.8	7.4691e-09
680.0	7.5215e-09
680.2	7.5743e-09
680.4	7.6275e-09
680.6	7.681e-09
680.8	7.7348e-09
681.0	7.7891e-09
681.2	7.8438e-09
681.4	7.8988e-09
681.6	7.9542e-09
681.8	8.01e-09
682.0	8.0662e-09
682.2	8.1228e-09
682.4	8.1798e-09
682.6	8.2372e-09
682.8	8.295e-09
683.0	8.3531e-09
683.2	8.4117e-09
683.4	8.4708e-09
683.6	8.5302e-09
683.8	8.59e-09
684.0	8.4031e-09
684.2	7.48e-09
684.4	6.6583e-09
684.6	5.9268e-09
684.8	5.2758e-09
685.0	4.6962e-09
685.2	4.1803e-09
685.4	3.7211e-09
685.6	3.3123e-09
685.8	2.9484e-09
686.0	2.6245e-09
686.2	2.3362e-09
686.4	2.0796e-09
686.6	1.8511e-09
686.8	1.6478e-09
687.0	1.4667e-09
687.2	1.3056e-09
687.4	1.1622e-09
687.6	1.0345e-09
687.8	9.2087e-10
688.0	8.1971e-10
688.2	7.2966e-10
688.4	6.4951e-10
688.6	5.7815e-10
688.8	5.1464e-10
689.0	5.1424e-10
689.2	5.3402e-10
689.4	5.5456e-10
689.6	5.7589e-10
689.8	5.9805e-10
690.0	6.2105e-10
690.2	6.4494e-10
690.4	6.6975e-10
690.6	6.9551e-10
690.8	7.2227e-10
691.0	7.5005e-10
691.2	7.7891e-10
691.4	8.0887e-10
691.6	8.3998e-10
691.8	8.7229e-10
692.0	9.0585e-10
692.2	9.4069e-10
692.4	9.7688e-10
692.6	1.0145e-09
692.8	1.0535e-09
693.0	1.094e-09
693.2	1.1361e-09
693.4	1.1798e-09
693.6	1.2252e-09
693.8	1.2503e-09
694.0	1.2054e-09
694.2	1.1622e-09
694.4	1.1205e-09
694.6	1.0803e-09
694.8	1.0415e-09
695.0	1.0042e-09
695.2	9.6814e-10
695.4	9.3341e-10
695.6	8.9992e-10
695.8	8.6764e-10
696.0	8.3651e-10
696.2	8.065e-10
696.4	7.7757e-10
696.6	7.4967e-10
696.8	7.2278e-10
697.0	6.9685e-10
697.2	6.7185e-10
697.4	6.4774e-10
697.6	6.2451e-10
697.8	6.021e-10
698.0	5.805e-10
698.2	5.5967e-10
698.4	5.396e-10
698.6	5.2024e-10
698.8	5.21e-10
699.0	5.2974e-10
699.2	5.3861e-10
699.4	5.4764e-10
699.6	5.5682e-10
699.8	5.6615e-10
700.0	5.7564e-10
700.2	5.8529e-10
700.4	5.951e-10
700.6	6.0508e-10
700.8	6.1522e-10
701.0	6.2553e-10
701.2	6.3601e-10
701.4	6.4667e-10
701.6	6.5751e-10
701.8	6.6853e-10
702.0	6.7974e-10
702.2	6.9113e-10
702.4	7.0272e-10
702.6	7.1449e-10
702.8	7.2647e-10
703.0	7.3865e-10
703.2	7.5103e-10
703.4	7.6361e-10
703.6	7.9452e-10
703.8	8.95e-10
704.0	1.0082e-09
704.2	1.1357e-09
704.4	1.2793e-09
704.6	1.4411e-09
704.8	1.6234e-09
705.0	1.8287e-09
705.2	2.0599e-09
705.4	2.3204e-09
705.6	2.6139e-09
705.8	2.9445e-09
706.0	3.3168e-09
706.2	3.7363e-09
706.4	4.2088e-09
706.6	4.7411e-09
706.8	5.3407e-09
707.0	6.0161e-09
707.2	6.777e-09
707.4	7.634e-09
707.6	8.5995e-09
707.8	9.687e-09
708.0	1.0912e-08
708.2	1.2292e-08
708.4	1.3847e-08
708.6	1.356e-08
708.8	1.2641e-08
709.0	1.1785e-08
709.2	1.0987e-08
709.4	1.0243e-08
709.6	9.5493e-09
709.8	8.9025e-09
710.0	8.2996e-09
710.2	7.7375e-09
710.4	7.2134e-09
710.6	6.7249e-09
710.8	6.2694e-09
711.0	5.8448e-09
711.2	5.449e-09
711.4	5.0799e-09
711.6	4.7359e-09
711.8	4.4151e-09
712.0	4.1161e-09
712.2	3.8373e-09
712.4	3.5774e-09
712.6	3.3351e-09
712.8	3.1093e-09
713.0	2.8987e-09
713.2	2.7024e-09
713.4	2.5226e-09
713.6	2.3643e-09
713.8	2.2159e-09
714.0	2.0769e-09
714.2	1.9465e-09
714.4	1.8244e-09
714.6	1.7099e-09
714.8	1.6026e-09
715.0	1.502e-09
715.2	1.4078e-09
715.4	1.3194e-09
715.6	1.2366e-09
715.8	1.159e-09
716.0	1.0863e-09
716.2	1.0181e-09
716.4	9.5422e-10
716.6	8.9433e-10
716.8	8.3821e-10
717.0	7.8561e-10
717.2	7.3631e-10
717.4	6.901e-10
717.6	6.4679e-10
717.8	6.062e-10
718.0	5.6816e-10
718.2	5.325e-10
718.4	5.6161e-10
718.6	6.1543e-10
718.8	6.7441e-10
719.0	7.3904e-10
719.2	8.0987e-10
719.4	8.8748e-10
719.6	9.7253e-10
719.8	1.0657e-09
720.0	1.1679e-09
720.2	1.2798e-09
720.4	1.4024e-09
720.6	1.5368e-09
720.8	1.6841e-09
721.0	1.8455e-09
721.2	2.0224e-09
721.4	2.2162e-09
721.6	2.4286e-09
721.8	2.6613e-09
722.0	2.9164e-09
722.2	3.1959e-09
722.4	3.5022e-09
722.6	3.8378e-09
722.8	4.2056e-09
723.0	4.6086e-09
723.2	4.9218e-09
723.4	4.8751e-09
723.6	4.8287e-09
723.8	4.7829e-09
724.0	4.7375e-09
724.2	4.6925e-09
724.4	4.6479e-09
724.6	4.6037e-09
724.8	4.56e-09
725.0	4.5167e-09
725.2	4.4738e-09
725.4	4.4313e-09
725.6	4.3892e-09
725.8	4.3475e-09
726.0	4.3062e-09
726.2	4.2653e-09
726.4	4.2248e-09
726.6	4.1847e-09
726.8	4.145e-09
727.0	4.1056e-09
727.2	4.0666e-09
727.4	4.028e-09
727.6	3.9897e-09
727.8	3.9518e-09
728.0	3.9143e-09
728.2	3.6807e-09
728.4	3.4031e-09
728.6	3.1465e-09
728.8	2.9092e-09
729.0	2.6898e-09
729.2	2.4869e-09
729.4	2.2994e-09
729.6	2.126e-09
729.8	1.9656e-09
730.0	1.8174e-09
730.2	1.6803e-09
730.4	1.5536e-09
730.6	1.4365e-09
730.8	1.3281e-09
731.0	1.228e-09
731.2	1.1354e-09
731.4	1.0497e-09
731.6	9.7057e-10
731.8	8.9737e-10
732.0	8.297e-10
732.2	7.6713e-10
732.4	7.0928e-10
732.6	6.5579e-10
732.8	6.0633e-10
733.0	5.7163e-10
733.2	5.7225e-10
733.4	5.7286e-10
733.6	5.7348e-10
733.8	5.741e-10
734.0	5.7472e-10
734.2	5.7534e-10
734.4	5.7597e-10
734.6	5.7659e-10
734.8	5.7721e-10
735.0	5.7784e-10
735.2	5.7846e-10
735.4	5.7909e-10
735.6	5.7971e-10
735.8	5.8034e-10
736.0	5.8096e-10
736.2	5.8159e-10
736.4	5.8222e-10
736.6	5.8285e-10
736.8	5.8348e-10
737.0	5.8411e-10
737.2	5.8474e-10
737.4	5.8537e-10
737.6	5.8601e-10
737.8	5.8664e-10
738.0	6.8839e-10
738.2	8.5417e-10
738.4	1.0599e-09
738.6	1.3151e-09
738.8	1.6318e-09
739.0	2.0248e-09
739.2	2.5124e-09
739.4	3.1174e-09
739.6	3.8682e-09
739.8	4.7997e-09
740.0	5.9556e-09
740.2	7.3898e-09
740.4	9.1694e-09
740.6	1.1378e-08
740.8	1.4117e-08
741.0	1.7517e-08
741.2	2.1736e-08
741.4	2.697e-08
741.6	3.3465e-08
741.8	4.1524e-08
742.0	5.1524e-08
742.2	6.3932e-08
742.4	7.9328e-08
742.6	9.8431e-08
742.8	1.1622e-07
743.0	1.1673e-07
743.2	1.1725e-07
743.4	1.1777e-07
743.6	1.183e-07
743.8	1.1882e-07
744.0	1.1935e-07
744.2	1.1988e-07
744.4	1.2041e-07
744.6	1.2095e-07
744.8	1.2149e-07
745.0	1.2203e-07
745.2	1.2257e-07
745.4	1.2311e-07
745.6	1.2366e-07
745.8	1.2421e-07
746.0	1.2476e-07
746.2	1.2532e-07
746.4	1.2587e-07
746.6	1.2643e-07
746.8	1.27e-07
747.0	1.2756e-07
747.2	1.2813e-07
747.4	1.287e-07
747.6	1.2927e-07
747.8	1.2148e-07
748.0	1.1139e-07
748.2	1.0214e-07
748.4	9.3651e-08
748.6	8.5871e-08
748.8	7.8737e-08
749.0	7.2196e-08
749.2	6.6198e-08
749.4	6.0698e-08
749.6	5.5656e-08
749.8	5.1032e-08
750.0	4.6792e-08
750.2	4.2905e-08
750.4	3.9341e-08
750.6	3.6072e-08
750.8	3.3075e-08
751.0	3.0328e-08
751.2	2.7808e-08
751.4	2.4826e-08
751.6	2.0368e-08
751.8	1.6711e-08
752.0	1.371e-08
752.2	1.1248e-08
752.4	9.2282e-09
752.6	7.5711e-09
752.8	6.2115e-09
753.0	5.0961e-09
753.2	4.181e-09
753.4	3.4302e-09
753.6	2.8142e-09
753.8	2.3089e-09
754.0	1.8943e-09
754.2	1.5541e-09
754.4	1.275e-09
754.6	1.0461e-09
754.8	8.5824e-10
755.0	7.0412e-10
755.2	7.3537e-10
755.4	8.3057e-10
755.6	9.3809e-10
755.8	1.0595e-09
756.0	1.1967e-09
756.2	1.3516e-09
756.4	1.5266e-09
756.6	1.7242e-09
756.8	1.9474e-09
757.0	2.1996e-09
757.2	2.4843e-09
757.4	2.8059e-09
757.6	3.1692e-09
757.8	3.5795e-09
758.0	4.0428e-09
758.2	4.5662e-09
758.4	5.1574e-09
758.6	5.5959e-09
758.8	5.7309e-09
759.0	5.8692e-09
759.2	6.0108e-09
759.4	6.1559e-09
759.6	6.3044e-09
759.8	6.4566e-09
760.0	6.6124e-09
760.2	6.772e-09
760.4	6.9354e-09
760.6	7.1028e-09
760.8	7.2602e-09
761.0	7.2697e-09
761.2	7.2792e-09
761.4	7.2888e-09
761.6	7.2983e-09
761.8	7.3079e-09
762.0	7.3174e-09
762.2	7.3291e-09
762.4	7.343e-09
762.6	7.357e-09
762.8	7.371e-09
763.0	7.385e-09
763.2	7.3991e-09
763.4	7.4131e-09
763.6	7.4288e-09
763.8	7.4447e-09
764.0	7.4607e-09
764.2	7.4767e-09
764.4	7.4928e-09
764.6	7.5088e-09
764.8	7.9382e-09
765.0	9.811e-09
765.2	1.2126e-08
765.4	1.4986e-08
765.6	1.8522e-08
765.8	2.2891e-08
766.0	2.8292e-08
766.2	4.0474e-08
766.4	6.2645e-08
766.6	9.6962e-08
766.8	1.5008e-07
767.0	2.3229e-07
767.2	3.5953e-07
767.4	5.5179e-07
767.6	7.0749e-07
767.8	9.0714e-07
768.0	1.1631e-06
768.2	1.4913e-06
768.4	1.9121e-06
768.6	2.4517e-06
768.8	2.9178e-06
769.0	3.1584e-06
769.2	3.4188e-06
769.4	3.7006e-06
769.6	4.0057e-06
769.8	4.336e-06
770.0	4.6935e-06
770.2	4.3022e-06
770.4	3.8162e-06
770.6	3.385e-06
770.8	3.0026e-06
771.0	2.6633e-06
771.2	2.3624e-06
771.4	2.0919e-06
771.6	1.842e-06
771.8	1.6219e-06
772.0	1.4282e-06
772.2	1.2575e-06
772.4	1.1073e-06
772.6	9.7501e-07
772.8	9.2123e-07
773.0	9.064e-07
773.2	8.9181e-07
773.4	8.7745e-07
773.6	8.6333e-07
773.8	8.4943e-07
774.0	8.3702e-07
774.2	8.6003e-07
774.4	8.8367e-07
774.6	9.0796e-07
774.8	9.3291e-07
775.0	9.5855e-07
775.2	9.849e-07
775.4	9.9918e-07
775.6	9.9738e-07
775.8	9.9559e-07
776.0	9.938e-07
776.2	9.9202e-07
776.4	9.9024e-07
776.6	9.8846e-07
776.8	1.0551e-06
777.0	1.1403e-06
777.2	1.2322e-06
777.4	1.3316e-06
777.6	1.4391e-06
777.8	1.5552e-06
778.0	1.6789e-06
778.2	1.8072e-06
778.4	1.9453e-06
778.6	2.0939e-06
778.8	2.2539e-06
779.0	2.4261e-06
779.2	2.6115e-06
779.4	2.9526e-06
779.6	3.4258e-06
779.8	3.9749e-06
780.0	4.612e-06
780.2	5.3512e-06
780.4	6.2089e-06
780.6	7.2255e-06
780.8	8.8086e-06
781.0	1.0739e-05
781.2	1.3091e-05
781.4	1.596e-05
781.6	1.9457e-05
781.8	2.3719e-05
782.0	2.9688e-05
782.2	3.828e-05
782.4	4.9359e-05
782.6	6.3643e-05
782.8	8.2061e-05
783.0	1.0581e-04
783.2	1.3643e-04
783.4	1.4421e-04
783.6	1.4836e-04
783.8	1.5263e-04
784.0	1.5702e-04
784.2	1.6154e-04
784.4	1.6619e-04
784.6	1.6485e-04
784.8	1.4989e-04
785.0	1.3628e-04
785.2	1.239e-04
785.4	1.1265e-04
785.6	1.0242e-04
785.8	9.3124e-05
786.0	8.9987e-05
786.2	8.9201e-05
786.4	8.8422e-05
786.6	8.765e-05
786.8	8.6884e-05
787.0	8.6126e-05
787.2	8.6228e-05
787.4	9.2872e-05
787.6	1.0003e-04
787.8	1.0774e-04
788.0	1.1604e-04
788.2	1.2498e-04
788.4	1.3461e-04
788.6	1.4952e-04
788.8	1.7058e-04
789.0	1.9461e-04
789.2	2.2203e-04
789.4	2.5331e-04
789.6	2.89e-04
789.8	3.2972e-04
790.0	3.443e-04
790.2	3.5803e-04
790.4	3.7231e-04
790.6	3.8715e-04
790.8	4.0259e-04
791.0	4.1865e-04
791.2	4.1148e-04
791.4	3.6819e-04
791.6	3.2945e-04
791.8	2.9478e-04
792.0	2.6377e-04
792.2	2.3601e-04
792.4	2.1118e-04
792.6	1.9148e-04
792.8	1.7422e-04
793.0	1.5851e-04
793.2	1.4422e-04
793.4	1.3122e-04
793.6	1.1939e-04
793.8	1.0987e-04
794.0	1.0538e-04
794.2	1.0107e-04
794.4	9.6938e-05
794.6	9.2975e-05
794.8	8.9175e-05
795.0	8.553e-05
795.2	8.4703e-05
795.4	8.3884e-05
795.6	8.3073e-05
795.8	8.2269e-05
796.0	8.3628e-05
796.2	8.5177e-05
796.4	8.6754e-05
796.6	8.836e-05
796.8	9.1024e-05
797.0	9.5314e-05
797.2	9.9806e-05
797.4	1.0451e-04
797.6	1.0944e-04
797.8	1.1762e-04
798.0	1.2682e-04
798.2	1.3674e-04
798.4	1.4744e-04
798.6	1.5998e-04
798.8	1.7549e-04
799.0	1.925e-04
799.2	2.1115e-04
799.4	2.3162e-04
799.6	2.4796e-04
799.8	2.6431e-04
800.0	2.8175e-04
800.2	3.0033e-04
800.4	3.0917e-04
800.6	2.9649e-04
800.8	2.8433e-04
801.0	2.7267e-04
801.2	2.6149e-04
801.4	2.3478e-04
801.6	2.0766e-04
801.8	1.8367e-04
802.0	1.6245e-04
802.2	1.4441e-04
802.4	1.2993e-04
802.6	1.169e-04
802.8	1.0517e-04
803.0	9.4626e-05
803.2	8.3509e-05
803.4	7.4004e-05
803.6	6.7275e-05
803.8	6.1158e-05
804.0	5.5596e-05
804.2	5.0541e-05
804.4	4.5945e-05
804.6	4.1767e-05
804.8	3.8652e-05
805.0	3.6316e-05
805.2	3.4121e-05
805.4	3.2059e-05
805.6	3.0121e-05
805.8	2.8301e-05
806.0	2.659e-05
806.2	2.5799e-05
806.4	2.5087e-05
806.6	2.4394e-05
806.8	2.3721e-05
807.0	2.3067e-05
807.2	2.243e-05
807.4	2.1962e-05
807.6	2.18e-05
807.8	2.1639e-05
808.0	2.1479e-05
808.2	2.1321e-05
808.4	2.1163e-05
808.6	2.1007e-05
808.8	2.1277e-05
809.0	2.1705e-05
809.2	2.214e-05
809.4	2.2585e-05
809.6	2.3038e-05
809.8	2.3501e-05
810.0	2.4074e-05
810.2	2.5308e-05
810.4	2.6605e-05
810.6	2.7969e-05
810.8	2.9403e-05
811.0	3.091e-05
811.2	3.2494e-05
811.4	3.4909e-05
811.6	3.8188e-05
811.8	4.1775e-05
812.0	4.57e-05
812.2	4.9993e-05
812.4	5.4689e-05
812.6	5.9826e-05
812.8	6.6596e-05
813.0	7.4199e-05
813.2	8.267e-05
813.4	9.2109e-05
813.6	1.0263e-04
813.8	1.1434e-04
814.0	1.2398e-04
814.2	1.2793e-04
814.4	1.3202e-04
814.6	1.3623e-04
814.8	1.4058e-04
815.0	1.4507e-04
815.2	1.497e-04
815.4	1.4125e-04
815.6	1.2967e-04
815.8	1.1904e-04
816.0	1.0928e-04
816.2	1.0032e-04
816.4	9.2094e-05
816.6	8.4404e-05
816.8	7.6757e-05
817.0	6.9803e-05
817.2	6.3478e-05
817.4	5.7727e-05
817.6	5.2497e-05
817.8	4.7741e-05
818.0	4.4318e-05
818.2	4.1747e-05
818.4	3.9324e-05
818.6	3.7042e-05
818.8	3.4893e-05
819.0	3.2868e-05
819.2	3.0961e-05
819.4	3.0026e-05
819.6	2.9124e-05
819.8	2.8249e-05
820.0	2.74e-05
820.2	2.6577e-05
820.4	2.5778e-05
820.6	2.5358e-05
820.8	2.5455e-05
821.0	2.5553e-05
821.2	2.565e-05
821.4	2.5748e-05
821.6	2.5847e-05
821.8	2.5946e-05
822.0	2.669e-05
822.2	2.7605e-05
822.4	2.855e-05
822.6	2.9528e-05
822.8	3.0539e-05
823.0	3.1585e-05
823.2	3.2927e-05
823.4	3.5198e-05
823.6	3.7625e-05
823.8	4.0219e-05
824.0	4.2992e-05
824.2	4.5957e-05
824.4	4.9125e-05
824.6	5.385e-05
824.8	5.9816e-05
825.0	6.6443e-05
825.2	7.3803e-05
825.4	8.198e-05
825.6	9.1062e-05
825.8	1.0137e-04
826.0	1.1606e-04
826.2	1.3289e-04
826.4	1.5216e-04
826.6	1.7422e-04
826.8	1.9948e-04
827.0	2.284e-04
827.2	2.5099e-04
827.4	2.6428e-04
827.6	2.7826e-04
827.8	2.9299e-04
828.0	3.085e-04
828.2	3.2483e-04
828.4	3.4202e-04
828.6	3.179e-04
828.8	2.9186e-04
829.0	2.6795e-04
829.2	2.46e-04
829.4	2.2585e-04
829.6	2.0735e-04
829.8	1.902e-04
830.0	1.7417e-04
830.2	1.595e-04
830.4	1.4605e-04
830.6	1.3375e-04
830.8	1.2247e-04
831.0	1.1215e-04
831.2	1.0618e-04
831.4	1.0162e-04
831.6	9.7261e-05
831.8	9.3085e-05
832.0	8.9088e-05
832.2	8.5263e-05
832.4	8.2182e-05
832.6	8.1807e-05
832.8	8.1433e-05
833.0	8.1062e-05
833.2	8.0692e-05
833.4	8.0323e-05
833.6	7.9957e-05
833.8	8.1158e-05
834.0	8.3432e-05
834.2	8.5769e-05
834.4	8.8172e-05
834.6	9.0642e-05
834.8	9.3182e-05
835.0	9.5887e-05
835.2	1.0188e-04
835.4	1.0824e-04
835.6	1.15e-04
835.8	1.2219e-04
836.0	1.2982e-04
836.2	1.3793e-04
836.4	1.4807e-04
836.6	1.6089e-04
836.8	1.7483e-04
837.0	1.8997e-04
837.2	2.0642e-04
837.4	2.243e-04
837.6	2.4372e-04
837.8	2.5911e-04
838.0	2.7474e-04
838.2	2.9131e-04
838.4	3.0887e-04
838.6	3.275e-04
838.8	3.4724e-04
839.0	3.5885e-04
839.2	3.5118e-04
839.4	3.4366e-04
839.6	3.3631e-04
839.8	3.2911e-04
840.0	3.2207e-04
840.2	3.1517e-04
840.4	2.9867e-04
840.6	2.8002e-04
840.8	2.6253e-04
841.0	2.4613e-04
841.2	2.3076e-04
841.4	2.1635e-04
841.6	2.0338e-04
841.8	1.9348e-04
842.0	1.8406e-04
842.2	1.751e-04
842.4	1.6658e-04
842.6	1.5847e-04
842.8	1.5076e-04
843.0	1.4572e-04
843.2	1.4222e-04
843.4	1.3881e-04
843.6	1.3548e-04
843.8	1.3224e-04
844.0	1.2907e-04
844.2	1.2612e-04
844.4	1.2574e-04
844.6	1.2536e-04
844.8	1.2498e-04
845.0	1.2461e-04
845.2	1.2423e-04
845.4	1.2386e-04
845.6	1.2417e-04
845.8	1.252e-04
846.0	1.2625e-04
846.2	1.273e-04
846.4	1.2836e-04
846.6	1.2943e-04
846.8	1.3051e-04
847.0	1.3071e-04
847.2	1.3085e-04
847.4	1.3098e-04
847.6	1.3112e-04
847.8	1.3126e-04
848.0	1.3139e-04
848.2	1.3076e-04
848.4	1.2881e-04
848.6	1.2688e-04
848.8	1.2499e-04
849.0	1.2312e-04
849.2	1.2128e-04
849.4	1.1947e-04
849.6	1.1615e-04
849.8	1.1257e-04
850.0	1.0909e-04
850.2	1.0573e-04
850.4	1.0246e-04
850.6	9.9302e-05
850.8	9.6159e-05
851.0	9.2886e-05
851.2	8.9725e-05
851.4	8.6672e-05
851.6	8.3722e-05
851.8	8.0872e-05
852.0	7.812e-05
852.2	7.5803e-05
852.4	7.3704e-05
852.6	7.1664e-05
852.8	6.968e-05
853.0	6.775e-05
853.2	6.5875e-05
853.4	6.4179e-05
853.6	6.3335e-05
853.8	6.2503e-05
854.0	6.1681e-05
854.2	6.087e-05
854.4	6.007e-05
854.6	5.928e-05
854.8	5.8936e-05
855.0	5.8908e-05
855.2	5.8881e-05
855.4	5.8854e-05
855.6	5.8826e-05
855.8	5.8799e-05
856.0	5.8786e-05
856.2	5.9222e-05
856.4	5.9662e-05
856.6	6.0105e-05
856.8	6.0551e-05
857.0	6.1001e-05
857.2	6.1454e-05
857.4	6.1917e-05
857.6	6.2391e-05
857.8	6.287e-05
858.0	6.3351e-05
858.2	6.3837e-05
858.4	6.4326e-05
858.6	6.4819e-05
858.8	6.4419e-05
859.0	6.395e-05
859.2	6.3484e-05
859.4	6.3021e-05
859.6	6.2562e-05
859.8	6.2106e-05
860.0	6.116e-05
860.2	5.9427e-05
860.4	5.7743e-05
860.6	5.6106e-05
860.8	5.4516e-05
861.0	5.2971e-05
861.2	5.147e-05
861.4	4.9397e-05
861.6	4.7288e-05
861.8	4.5269e-05
862.0	4.3336e-05
862.2	4.1486e-05
862.4	3.9714e-05
862.6	3.8041e-05
862.8	3.6494e-05
863.0	3.5009e-05
863.2	3.3585e-05
863.4	3.2219e-05
863.6	3.0908e-05
863.8	2.9651e-05
864.0	2.851e-05
864.2	2.7435e-05
864.4	2.6401e-05
864.6	2.5406e-05
864.8	2.4448e-05
865.0	2.3526e-05
865.2	2.2687e-05
865.4	2.2071e-05
865.6	2.1472e-05
865.8	2.0889e-05
866.0	2.0322e-05
866.2	1.977e-05
866.4	1.9234e-05
866.6	1.8866e-05
866.8	1.8589e-05
867.0	1.8317e-05
867.2	1.8048e-05
867.4	1.7783e-05
867.6	1.7522e-05
867.8	1.7302e-05
868.0	1.7396e-05
868.2	1.7335e-05
868.4	1.7274e-05
868.6	1.7315e-05
868.8	1.7487e-05
869.0	1.7661e-05
869.2	1.7837e-05
869.4	1.8014e-05
869.6	1.8193e-05
869.8	1.8374e-05
870.0	1.8634e-05
870.2	1.891e-05
870.4	1.919e-05
870.6	1.9475e-05
870.8	1.9763e-05
871.0	2.0056e-05
871.2	2.0426e-05
871.4	2.098e-05
871.6	2.1549e-05
871.8	2.2133e-05
872.0	2.2733e-05
872.2	2.335e-05
872.4	2.3983e-05
872.6	2.4793e-05
872.8	2.5694e-05
873.0	2.6628e-05
873.2	2.7596e-05
873.4	2.8599e-05
873.6	2.9638e-05
873.8	3.075e-05
874.0	3.2098e-05
874.2	3.3505e-05
874.4	3.4973e-05
874.6	3.6506e-05
874.8	3.8107e-05
875.0	3.9777e-05
875.2	4.1723e-05
875.4	4.3915e-05
875.6	4.6223e-05
875.8	4.8651e-05
876.0	5.1207e-05
876.2	5.3898e-05
876.4	5.6731e-05
876.6	5.9759e-05
876.8	6.2948e-05
877.0	6.6308e-05
877.2	6.9847e-05
877.4	7.3576e-05
877.6	7.7503e-05
877.8	8.1628e-05
878.0	8.5959e-05
878.2	9.052e-05
878.4	9.5323e-05
878.6	1.0038e-04
878.8	1.0571e-04
879.0	1.1132e-04
879.2	1.1682e-04
879.4	1.2256e-04
879.6	1.2857e-04
879.8	1.3487e-04
880.0	1.4149e-04
880.2	1.4843e-04
880.4	1.5535e-04
880.6	1.6182e-04
880.8	1.6855e-04
881.0	1.7557e-04
881.2	1.8287e-04
881.4	1.9048e-04
881.6	1.9841e-04
881.8	2.0512e-04
882.0	2.1157e-04
882.2	2.1822e-04
882.4	2.2508e-04
882.6	2.3215e-04
882.8	2.3945e-04
883.0	2.4622e-04
883.2	2.5016e-04
883.4	2.5416e-04
883.6	2.5823e-04
883.8	2.6236e-04
884.0	2.6656e-04
884.2	2.7083e-04
884.4	2.7179e-04
884.6	2.7092e-04
884.8	2.7004e-04
885.0	2.6917e-04
885.2	2.6831e-04
885.4	2.6744e-04
885.6	2.6617e-04
885.8	2.6051e-04
886.0	2.5497e-04
886.2	2.4954e-04
886.4	2.4424e-04
886.6	2.3904e-04
886.8	2.3396e-04
887.0	2.2804e-04
887.2	2.2144e-04
887.4	2.1504e-04
887.6	2.0882e-04
887.8	2.0279e-04
888.0	1.9692e-04
888.2	1.9123e-04
888.4	1.8623e-04
888.6	1.8137e-04
888.8	1.7664e-04
889.0	1.7203e-04
889.2	1.6755e-04
889.4	1.6318e-04
889.6	1.5971e-04
889.8	1.5737e-04
890.0	1.5507e-04
890.2	1.528e-04
890.4	1.5056e-04
890.6	1.4836e-04
890.8	1.4619e-04
891.0	1.457e-04
891.2	1.4547e-04
891.4	1.4524e-04
891.6	1.45e-04
891.8	1.4477e-04
892.0	1.4454e-04
892.2	1.4501e-04
892.4	1.4701e-04
892.6	1.4904e-04
892.8	1.511e-04
893.0	1.5318e-04
893.2	1.553e-04
893.4	1.5744e-04
893.6	1.6175e-04
893.8	1.6687e-04
894.0	1.7214e-04
894.2	1.7758e-04
894.4	1.8319e-04
894.6	1.8898e-04
894.8	1.954e-04
895.0	2.0371e-04
895.2	2.1237e-04
895.4	2.214e-04
895.6	2.3081e-04
895.8	2.4062e-04
896.0	2.5085e-04
896.2	2.6133e-04
896.4	2.7216e-04
896.6	2.8342e-04
896.8	2.9516e-04
897.0	3.0738e-04
897.2	3.2011e-04
897.4	3.32e-04
897.6	3.3408e-04
897.8	3.3619e-04
898.0	3.383e-04
898.2	3.4043e-04
898.4	3.4257e-04
898.6	3.4472e-04
898.8	3.3786e-04
899.0	3.2475e-04
899.2	3.1214e-04
899.4	3.0002e-04
899.6	2.8838e-04
899.8	2.7718e-04
900.0	2.6625e-04
900.2	2.504e-04
900.4	2.355e-04
900.6	2.2149e-04
900.8	2.0831e-04
901.0	1.9591e-04
901.2	1.8425e-04
901.4	1.7362e-04
901.6	1.6394e-04
901.8	1.5479e-04
902.0	1.4615e-04
902.2	1.3799e-04
902.4	1.3029e-04
902.6	1.2302e-04
902.8	1.1767e-04
903.0	1.1264e-04
903.2	1.0782e-04
903.4	1.032e-04
903.6	9.8786e-05
903.8	9.4558e-05
904.0	9.1062e-05
904.2	8.8477e-05
904.4	8.5966e-05
904.6	8.3527e-05
904.8	8.1156e-05
905.0	7.8853e-05
905.2	7.6615e-05
905.4	7.5301e-05
905.6	7.4141e-05
905.8	7.3e-05
906.0	7.1876e-05
906.2	7.0769e-05
906.4	6.968e-05
906.6	6.8954e-05
906.8	6.8938e-05
907.0	6.8923e-05
907.2	6.8907e-05
907.4	6.8892e-05
907.6	6.8876e-05
907.8	6.8861e-05
908.0	6.9523e-05
908.2	7.0375e-05
908.4	7.1238e-05
908.6	7.211e-05
908.8	7.2994e-05
909.0	7.3889e-05
909.2	7.5003e-05
909.4	7.6759e-05
909.6	7.8556e-05
909.8	8.0395e-05
910.0	8.2278e-05
910.2	8.4204e-05
910.4	8.6175e-05
910.6	8.8816e-05
910.8	9.1782e-05
911.0	9.4848e-05
911.2	9.8016e-05
911.4	1.0129e-04
911.6	1.0467e-04
911.8	1.0834e-04
912.0	1.1289e-04
912.2	1.1762e-04
912.4	1.2256e-04
912.6	1.2771e-04
912.8	1.3307e-04
913.0	1.3865e-04
913.2	1.4473e-04
913.4	1.5121e-04
913.6	1.5797e-04
913.8	1.6504e-04
914.0	1.7243e-04
914.2	1.8015e-04
914.4	1.8802e-04
914.6	1.9494e-04
914.8	2.0211e-04
915.0	2.0954e-04
915.2	2.1725e-04
915.4	2.2524e-04
915.6	2.3352e-04
915.8	2.3992e-04
916.0	2.4501e-04
916.2	2.5021e-04
916.4	2.5552e-04
916.6	2.6095e-04
916.8	2.6648e-04
917.0	2.7189e-04
917.2	2.7404e-04
917.4	2.7621e-04
917.6	2.784e-04
917.8	2.806e-04
918.0	2.8283e-04
918.2	2.8506e-04
918.4	2.8638e-04
918.6	2.8691e-04
918.8	2.8745e-04
919.0	2.8798e-04
919.2	2.8852e-04
919.4	2.8906e-04
919.6	2.8961e-04
919.8	2.9064e-04
920.0	2.9167e-04
920.2	2.9271e-04
920.4	2.9375e-04
920.6	2.948e-04
920.8	2.9585e-04
921.0	2.9778e-04
921.2	3.0064e-04
921.4	3.0353e-04
921.6	3.0644e-04
921.8	3.0939e-04
922.0	3.1236e-04
922.2	3.1535e-04
922.4	3.1891e-04
922.6	3.2252e-04
922.8	3.2617e-04
923.0	3.2987e-04
923.2	3.336e-04
923.4	3.3738e-04
923.6	3.396e-04
923.8	3.3988e-04
924.0	3.4016e-04
924.2	3.4044e-04
924.4	3.4073e-04
924.6	3.4101e-04
924.8	3.4129e-04
925.0	3.3472e-04
925.2	3.2778e-04
925.4	3.2098e-04
925.6	3.1432e-04
925.8	3.078e-04
926.0	3.0142e-04
926.2	2.9244e-04
926.4	2.7996e-04
926.6	2.6802e-04
926.8	2.5658e-04
927.0	2.4563e-04
927.2	2.3515e-04
927.4	2.2512e-04
927.6	2.1362e-04
927.8	2.0249e-04
928.0	1.9194e-04
928.2	1.8194e-04
928.4	1.7246e-04
928.6	1.6348e-04
928.8	1.5512e-04
929.0	1.4746e-04
929.2	1.4018e-04
929.4	1.3326e-04
929.6	1.2668e-04
929.8	1.2042e-04
930.0	1.1448e-04
930.2	1.0949e-04
930.4	1.0483e-04
930.6	1.0037e-04
930.8	9.6092e-05
931.0	9.2e-05
931.2	8.8082e-05
931.4	8.4643e-05
931.6	8.191e-05
931.8	7.9266e-05
932.0	7.6707e-05
932.2	7.3838e-05
932.4	7.1876e-05
932.6	6.9967e-05
932.8	6.8108e-05
933.0	6.6298e-05
933.2	6.4537e-05
933.4	6.2823e-05
933.6	6.1652e-05
933.8	6.0729e-05
934.0	5.982e-05
934.2	5.8924e-05
934.4	5.8042e-05
934.6	5.7174e-05
934.8	5.6383e-05
935.0	5.5958e-05
935.2	5.5536e-05
935.4	5.5117e-05
935.6	5.4701e-05
935.8	5.4288e-05
936.0	5.3878e-05
936.2	5.3964e-05
936.4	5.4349e-05
936.6	5.4736e-05
936.8	5.5126e-05
937.0	5.5518e-05
937.2	5.5914e-05
937.4	5.6373e-05
937.6	5.7429e-05
937.8	5.8505e-05
938.0	5.9601e-05
938.2	6.0718e-05
938.4	6.1855e-05
938.6	6.3014e-05
938.8	6.435e-05
939.0	6.5834e-05
939.2	6.7353e-05
939.4	6.8907e-05
939.6	7.0497e-05
939.8	7.2123e-05
940.0	7.3845e-05
940.2	7.6875e-05
940.4	8.003e-05
940.6	8.3314e-05
940.8	8.6733e-05
941.0	9.0293e-05
941.2	9.3998e-05
941.4	9.81e-05
941.6	1.0262e-04
941.8	1.0734e-04
942.0	1.1228e-04
942.2	1.1745e-04
942.4	1.2286e-04
942.6	1.2851e-04
942.8	1.3603e-04
943.0	1.4399e-04
943.2	1.5242e-04
943.4	1.6134e-04
943.6	1.7078e-04
943.8	1.8078e-04
944.0	1.91e-04
944.2	2.0137e-04
944.4	2.1231e-04
944.6	2.2384e-04
944.8	2.36e-04
945.0	2.4882e-04
945.2	2.6234e-04
945.4	2.7157e-04
945.6	2.8089e-04
945.8	2.9052e-04
946.0	3.0049e-04
946.2	3.108e-04
946.4	3.2147e-04
946.6	3.2743e-04
946.8	3.2693e-04
947.0	3.2644e-04
947.2	3.2594e-04
947.4	3.2544e-04
947.6	3.2494e-04
947.8	3.2445e-04
948.0	3.1549e-04
948.2	3.0602e-04
948.4	2.9683e-04
948.6	2.8793e-04
948.8	2.7929e-04
949.0	2.709e-04
949.2	2.6132e-04
949.4	2.4994e-04
949.6	2.3906e-04
949.8	2.2865e-04
950.0	2.1869e-04
950.2	2.0917e-04
950.4	2.0006e-04
950.6	1.9225e-04
950.8	1.8486e-04
951.0	1.7775e-04
951.2	1.7092e-04
951.4	1.6435e-04
951.6	1.5803e-04
951.8	1.5202e-04
952.0	1.4632e-04
952.2	1.4084e-04
952.4	1.3556e-04
952.6	1.3048e-04
952.8	1.2559e-04
953.0	1.2088e-04
953.2	1.173e-04
953.4	1.1398e-04
953.6	1.1076e-04
953.8	1.0763e-04
954.0	1.0458e-04
954.2	1.0162e-04
954.4	9.8922e-05
954.6	9.6622e-05
954.8	9.4376e-05
955.0	9.2182e-05
955.2	9.004e-05
955.4	8.7946e-05
955.6	8.5902e-05
955.8	8.4007e-05
956.0	8.2175e-05
956.2	8.0382e-05
956.4	7.8629e-05
956.6	7.6913e-05
956.8	7.5235e-05
957.0	7.3704e-05
957.2	7.2434e-05
957.4	7.1186e-05
957.6	6.9959e-05
957.8	6.8754e-05
958.0	6.7569e-05
958.2	6.6405e-05
958.4	6.5335e-05
958.6	6.4301e-05
958.8	6.3283e-05
959.0	6.2281e-05
959.2	6.1294e-05
959.4	6.0324e-05
959.6	5.9424e-05
959.8	5.866e-05
960.0	5.7906e-05
960.2	5.7162e-05
960.4	5.6427e-05
960.6	5.5702e-05
960.8	5.4987e-05
961.0	5.4462e-05
961.2	5.3989e-05
961.4	5.3519e-05
961.6	5.3053e-05
961.8	5.2592e-05
962.0	5.2134e-05
962.2	5.175e-05
962.4	5.1532e-05
962.6	5.1316e-05
962.8	5.11e-05
963.0	5.0885e-05
963.2	5.0671e-05
963.4	5.0458e-05
963.6	5.0274e-05
963.8	5.0099e-05
964.0	4.9923e-05
964.2	4.9749e-05
964.4	4.9575e-05
964.6	4.9401e-05
964.8	4.9402e-05
965.0	4.9828e-05
965.2	5.0258e-05
965.4	5.0692e-05
965.6	5.1129e-05
965.8	5.157e-05
966.0	5.2015e-05
966.2	5.2584e-05
966.4	5.319e-05
966.6	5.3804e-05
966.8	5.4424e-05
967.0	5.5052e-05
967.2	5.5687e-05
967.4	5.6433e-05
967.6	5.7447e-05
967.8	5.8479e-05
968.0	5.953e-05
968.2	6.0599e-05
968.4	6.1688e-05
968.6	6.2797e-05
968.8	6.4245e-05
969.0	6.5813e-05
969.2	6.742e-05
969.4	6.9066e-05
969.6	7.0753e-05
969.8	7.248e-05
970.0	7.4408e-05
970.2	7.6777e-05
970.4	7.9221e-05
970.6	8.1743e-05
970.8	8.4346e-05
971.0	8.7031e-05
971.2	8.9802e-05
971.4	9.3392e-05
971.6	9.7323e-05
971.8	1.0142e-04
972.0	1.0569e-04
972.2	1.1043e-04
972.4	1.1538e-04
972.6	1.2056e-04
972.8	1.2597e-04
973.0	1.3162e-04
973.2	1.3753e-04
973.4	1.437e-04
973.6	1.5015e-04
973.8	1.5748e-04
974.0	1.6549e-04
974.2	1.739e-04
974.4	1.8274e-04
974.6	1.9203e-04
974.8	2.0179e-04
975.0	2.1205e-04
975.2	2.2283e-04
975.4	2.3415e-04
975.6	2.4501e-04
975.8	2.5591e-04
976.0	2.6728e-04
976.2	2.7917e-04
976.4	2.9158e-04
976.6	3.0454e-04
976.8	3.1808e-04
977.0	3.3223e-04
977.2	3.47e-04
977.4	3.5505e-04
977.6	3.6053e-04
977.8	3.661e-04
978.0	3.7176e-04
978.2	3.775e-04
978.4	3.8333e-04
978.6	3.8925e-04
978.8	3.9526e-04
979.0	4.0137e-04
979.2	3.9877e-04
979.4	3.9354e-04
979.6	3.8839e-04
979.8	3.8329e-04
980.0	3.7827e-04
980.2	3.7331e-04
980.4	3.6842e-04
980.6	3.6359e-04
980.8	3.5882e-04
981.0	3.5174e-04
981.2	3.4423e-04
981.4	3.3687e-04
981.6	3.2966e-04
981.8	3.2262e-04
982.0	3.1572e-04
982.2	3.0897e-04
982.4	3.0236e-04
982.6	2.959e-04
982.8	2.9074e-04
983.0	2.859e-04
983.2	2.8113e-04
983.4	2.7644e-04
983.6	2.7183e-04
983.8	2.673e-04
984.0	2.6284e-04
984.2	2.5846e-04
984.4	2.5415e-04
984.6	2.5198e-04
984.8	2.5012e-04
985.0	2.4827e-04
985.2	2.4643e-04
985.4	2.4461e-04
985.6	2.428e-04
985.8	2.4101e-04
986.0	2.3922e-04
986.2	2.3746e-04
986.4	2.3794e-04
986.6	2.3862e-04
986.8	2.3929e-04
987.0	2.3997e-04
987.2	2.4065e-04
987.4	2.4133e-04
987.6	2.4201e-04
987.8	2.427e-04
988.0	2.4338e-04
988.2	2.4588e-04
988.4	2.4845e-04
988.6	2.5106e-04
988.8	2.5369e-04
989.0	2.5634e-04
989.2	2.5903e-04
989.4	2.6174e-04
989.6	2.6448e-04
989.8	2.6727e-04
990.0	2.7067e-04
990.2	2.7412e-04
990.4	2.7761e-04
990.6	2.8114e-04
990.8	2.8472e-04
991.0	2.8835e-04
991.2	2.9202e-04
991.4	2.9574e-04
991.6	2.9952e-04
991.8	3.0358e-04
992.0	3.0769e-04
992.2	3.1186e-04
992.4	3.1608e-04
992.6	3.2036e-04
992.8	3.247e-04
993.0	3.291e-04
993.2	3.3356e-04
993.4	3.3786e-04
993.6	3.4059e-04
993.8	3.4334e-04
994.0	3.4611e-04
994.2	3.4891e-04
994.4	3.5173e-04
994.6	3.5457e-04
994.8	3.5743e-04
995.0	3.6032e-04
995.2	3.6279e-04
995.4	3.6327e-04
995.6	3.6376e-04
995.8	3.6424e-04
996.0	3.6473e-04
996.2	3.6521e-04
996.4	3.657e-04
996.6	3.6619e-04
996.8	3.6668e-04
997.0	3.6679e-04
997.2	3.6567e-04
997.4	3.6456e-04
997.6	3.6345e-04
997.8	3.6235e-04
998.0	3.6125e-04
998.2	3.6015e-04
998.4	3.5905e-04
998.6	3.5796e-04
998.8	3.565e-04
999.0	3.5415e-04
999.2	3.5181e-04
999.4	3.4949e-04
999.6	3.4719e-04
999.8	3.449e-04
1000.0	3.4262e-04
1000.2	3.4066e-04
1000.4	3.3889e-04
1000.6	3.3713e-04
1000.8	3.3538e-04
1001.0	3.3364e-04
1001.2	3.3191e-04
1001.4	3.3018e-04
1001.6	3.2847e-04
1001.8	3.2676e-04
1002.0	3.2531e-04
1002.2	3.2443e-04
1002.4	3.2355e-04
1002.6	3.2268e-04
1002.8	3.2181e-04
1003.0	3.2094e-04
1003.2	3.2007e-04
1003.4	3.1921e-04
1003.6	3.1834e-04
1003.8	3.1773e-04
1004.0	3.1761e-04
1004.2	3.1748e-04
1004.4	3.1735e-04
1004.6	3.1723e-04
1004.8	3.171e-04
1005.0	3.1697e-04
1005.2	3.1685e-04
1005.4	3.1672e-04
1005.6	3.1672e-04
1005.8	3.169e-04
1006.0	3.1709e-04
1006.2	3.1727e-04
1006.4	3.1746e-04
1006.6	3.1765e-04
1006.8	3.1783e-04
1007.0	3.1802e-04
1007.2	3.1821e-04
1007.4	3.1877e-04
1007.6	3.1981e-04
1007.8	3.2086e-04
1008.0	3.2191e-04
1008.2	3.2296e-04
1008.4	3.2402e-04
1008.6	3.2508e-04
1008.8	3.2614e-04
1009.0	3.2721e-04
1009.2	3.2809e-04
1009.4	3.2877e-04
1009.6	3.2945e-04
1009.8	3.3013e-04
1010.0	3.3081e-04
1010.2	3.315e-04
1010.4	3.3218e-04
1010.6	3.3287e-04
1010.8	3.3356e-04
1011.0	3.3402e-04
1011.2	3.3428e-04
1011.4	3.3455e-04
1011.6	3.3481e-04
1011.8	3.3508e-04
1012.0	3.3535e-04
1012.2	3.3561e-04
1012.4	3.3588e-04
1012.6	3.3615e-04
1012.8	3.3562e-04
1013.0	3.3458e-04
1013.2	3.3354e-04
1013.4	3.325e-04
1013.6	3.3147e-04
1013.8	3.3044e-04
1014.0	3.2942e-04
1014.2	3.284e-04
1014.4	3.2738e-04
1014.6	3.2485e-04
1014.8	3.2161e-04
1015.0	3.184e-04
1015.2	3.1522e-04
1015.4	3.1208e-04
1015.6	3.0897e-04
1015.8	3.0588e-04
1016.0	3.0283e-04
1016.2	2.9981e-04
1016.4	2.95e-04
1016.6	2.896e-04
1016.8	2.8431e-04
1017.0	2.7911e-04
1017.2	2.7401e-04
1017.4	2.69e-04
1017.6	2.6408e-04
1017.8	2.5925e-04
1018.0	2.5451e-04
1018.2	2.4889e-04
1018.4	2.4315e-04
1018.6	2.3754e-04
1018.8	2.3206e-04
1019.0	2.2671e-04
1019.2	2.2148e-04
1019.4	2.1637e-04
1019.6	2.1138e-04
1019.8	2.0651e-04
1020.0	2.0102e-04
1020.2	1.9556e-04
1020.4	1.9026e-04
1020.6	1.8509e-04
1020.8	1.8007e-04
1021.0	1.7518e-04
1021.2	1.7043e-04
1021.4	1.658e-04
1021.6	1.613e-04
1021.8	1.5718e-04
1022.0	1.5318e-04
1022.2	1.4928e-04
1022.4	1.4548e-04
1022.6	1.4178e-04
1022.8	1.3817e-04
1023.0	1.3465e-04
1023.2	1.3123e-04
1023.4	1.2789e-04
1023.6	1.2525e-04
1023.8	1.2267e-04
1024.0	1.2013e-04
1024.2	1.1765e-04
1024.4	1.1523e-04
1024.6	1.1285e-04
1024.8	1.1052e-04
1025.0	1.0824e-04
1025.2	1.0599e-04
1025.4	1.0379e-04
1025.6	1.0164e-04
1025.8	9.9528e-05
1026.0	9.7462e-05
1026.2	9.5826e-05
1026.4	9.4693e-05
1026.6	9.3574e-05
1026.8	9.2468e-05
1027.0	9.1375e-05
1027.2	9.0295e-05
1027.4	8.9228e-05
1027.6	8.8173e-05
1027.8	8.7131e-05
1028.0	8.6101e-05
1028.2	8.5084e-05
1028.4	8.4078e-05
1028.6	8.3084e-05
1028.8	8.2102e-05
1029.0	8.1132e-05
1029.2	8.0173e-05
1029.4	7.9225e-05
1029.6	7.8289e-05
1029.8	7.7952e-05
1030.0	7.8062e-05
1030.2	7.8172e-05
1030.4	7.8282e-05
1030.6	7.8392e-05
1030.8	7.8503e-05
1031.0	7.8613e-05
1031.2	7.8724e-05
1031.4	7.8835e-05
1031.6	7.8946e-05
1031.8	7.9057e-05
1032.0	7.9169e-05
1032.2	7.928e-05
1032.4	7.9392e-05
1032.6	7.9504e-05
1032.8	7.9616e-05
1033.0	7.9728e-05
1033.2	7.984e-05
1033.4	8.0766e-05
1033.6	8.2042e-05
1033.8	8.3338e-05
1034.0	8.4654e-05
1034.2	8.599e-05
1034.4	8.7348e-05
1034.6	8.8728e-05
1034.8	9.0129e-05
1035.0	9.1552e-05
1035.2	9.2998e-05
1035.4	9.4467e-05
1035.6	9.5958e-05
1035.8	9.7474e-05
1036.0	9.9013e-05
1036.2	1.0058e-04
1036.4	1.0216e-04
1036.6	1.0378e-04
1036.8	1.0542e-04
1037.0	1.0816e-04
1037.2	1.1117e-04
1037.4	1.1426e-04
1037.6	1.1744e-04
1037.8	1.2071e-04
1038.0	1.2407e-04
1038.2	1.2752e-04
1038.4	1.3107e-04
1038.6	1.3471e-04
1038.8	1.3846e-04
1039.0	1.4232e-04
1039.2	1.4628e-04
1039.4	1.5035e-04
1039.6	1.5453e-04
1039.8	1.5883e-04
1040.0	1.6325e-04
1040.2	1.6779e-04
1040.4	1.7246e-04
1040.6	1.7774e-04
1040.8	1.8318e-04
1041.0	1.8879e-04
1041.2	1.9457e-04
1041.4	2.0052e-04
1041.6	2.0666e-04
1041.8	2.1298e-04
1042.0	2.195e-04
1042.2	2.2622e-04
1042.4	2.3315e-04
1042.6	2.4028e-04
1042.8	2.4764e-04
1043.0	2.5522e-04
1043.2	2.6303e-04
1043.4	2.7108e-04
1043.6	2.7937e-04
1043.8	2.8793e-04
1044.0	2.9606e-04
1044.2	3.0105e-04
1044.4	3.0612e-04
1044.6	3.1127e-04
1044.8	3.1651e-04
1045.0	3.2184e-04
1045.2	3.2745e-04
1045.4	3.3315e-04
1045.6	3.3895e-04
1045.8	3.4485e-04
1046.0	3.5086e-04
1046.2	3.5584e-04
1046.4	3.5683e-04
1046.6	3.5783e-04
1046.8	3.5882e-04
1047.0	3.5983e-04
1047.2	3.6083e-04
1047.4	3.6184e-04
1047.6	3.6285e-04
1047.8	3.6386e-04
1048.0	3.6488e-04
1048.2	3.6589e-04
1048.4	3.6691e-04
1048.6	3.6794e-04
1048.8	3.6897e-04
1049.0	3.7e-04
1049.2	3.7103e-04
1049.4	3.7206e-04
1049.6	3.731e-04
1049.8	3.732e-04
1050.0	3.7172e-04
1050.2	3.7025e-04
1050.4	3.6879e-04
1050.6	3.6733e-04
1050.8	3.6588e-04
1051.0	3.6444e-04
1051.2	3.6299e-04
1051.4	3.6156e-04
1051.6	3.6013e-04
1051.8	3.5871e-04
1052.0	3.5729e-04
1052.2	3.5588e-04
1052.4	3.5447e-04
1052.6	3.5307e-04
1052.8	3.5167e-04
1053.0	3.5028e-04
1053.2	3.489e-04
1053.4	3.4828e-04
1053.6	3.4831e-04
1053.8	3.4834e-04
1054.0	3.4838e-04
1054.2	3.4841e-04
1054.4	3.4844e-04
1054.6	3.4848e-04
1054.8	3.4851e-04
1055.0	3.4854e-04
1055.2	3.4857e-04
1055.4	3.4861e-04
1055.6	3.4864e-04
1055.8	3.4867e-04
1056.0	3.4871e-04
1056.2	3.4874e-04
1056.4	3.4877e-04
1056.6	3.4881e-04
1056.8	3.4884e-04
1057.0	3.4794e-04
1057.2	3.4665e-04
1057.4	3.4537e-04
1057.6	3.4409e-04
1057.8	3.4282e-04
1058.0	3.4155e-04
1058.2	3.4028e-04
1058.4	3.3902e-04
1058.6	3.3777e-04
1058.8	3.3652e-04
1059.0	3.3527e-04
1059.2	3.3403e-04
1059.4	3.328e-04
1059.6	3.3156e-04
1059.8	3.3034e-04
1060.0	3.2911e-04
1060.2	3.279e-04
1060.4	3.2668e-04
1060.6	3.234e-04
1060.8	3.1989e-04
1061.0	3.1641e-04
1061.2	3.1297e-04
1061.4	3.0957e-04
1061.6	3.062e-04
1061.8	3.0288e-04
1062.0	2.9958e-04
1062.2	2.9633e-04
1062.4	2.9311e-04
1062.6	2.8992e-04
1062.8	2.8677e-04
1063.0	2.8366e-04
1063.2	2.8057e-04
1063.4	2.7752e-04
1063.6	2.7451e-04
1063.8	2.7152e-04
1064.0	2.6867e-04
1064.2	2.6705e-04
1064.4	2.6543e-04
1064.6	2.6383e-04
1064.8	2.6223e-04
1065.0	2.6065e-04
1065.2	2.5649e-04
1065.4	2.5241e-04
1065.6	2.4838e-04
1065.8	2.4443e-04
1066.0	2.4053e-04
1066.2	2.367e-04
1066.4	2.3523e-04
1066.6	2.3392e-04
1066.8	2.3262e-04
1067.0	2.3133e-04
1067.2	2.3005e-04
1067.4	2.2877e-04
1067.6	2.275e-04
1067.8	2.2624e-04
1068.0	2.2498e-04
1068.2	2.2374e-04
1068.4	2.2249e-04
1068.6	2.2126e-04
1068.8	2.2003e-04
1069.0	2.1881e-04
1069.2	2.176e-04
1069.4	2.1639e-04
1069.6	2.1519e-04
1069.8	2.1425e-04
1070.0	2.1535e-04
1070.2	2.1645e-04
1070.4	2.1756e-04
1070.6	2.1867e-04
1070.8	2.198e-04
1071.0	2.2092e-04
1071.2	2.2205e-04
1071.4	2.2319e-04
1071.6	2.2434e-04
1071.8	2.2549e-04
1072.0	2.2664e-04
1072.2	2.278e-04
1072.4	2.2897e-04
1072.6	2.3015e-04
1072.8	2.3133e-04
1073.0	2.3251e-04
1073.2	2.337e-04
1073.4	2.3552e-04
1073.6	2.3883e-04
1073.8	2.4217e-04
1074.0	2.4557e-04
1074.2	2.4901e-04
1074.4	2.525e-04
1074.6	2.5604e-04
1074.8	2.5963e-04
1075.0	2.6327e-04
1075.2	2.6696e-04
1075.4	2.7071e-04
1075.6	2.745e-04
1075.8	2.7835e-04
1076.0	2.8225e-04
1076.2	2.8621e-04
1076.4	2.9022e-04
1076.6	2.9429e-04
1076.8	2.9842e-04
1077.0	3.0225e-04
1077.2	3.0577e-04
1077.4	3.0934e-04
1077.6	3.1294e-04
1077.8	3.1659e-04
1078.0	3.2028e-04
1078.2	3.2402e-04
1078.4	3.2779e-04
1078.6	3.3161e-04
1078.8	3.3548e-04
1079.0	3.3939e-04
1079.2	3.4335e-04
1079.4	3.4735e-04
1079.6	3.514e-04
1079.8	3.5549e-04
1080.0	3.5964e-04
1080.2	3.6383e-04
1080.4	3.6807e-04
1080.6	3.6822e-04
1080.8	3.6664e-04
1081.0	3.6507e-04
1081.2	3.6351e-04
1081.4	3.6196e-04
1081.6	3.6041e-04
1081.8	3.5887e-04
1082.0	3.5733e-04
1082.2	3.5581e-04
1082.4	3.5428e-04
1082.6	3.5277e-04
1082.8	3.5126e-04
1083.0	3.4976e-04
1083.2	3.4826e-04
1083.4	3.4677e-04
1083.6	3.4529e-04
1083.8	3.4381e-04
1084.0	3.4234e-04
1084.2	3.367e-04
1084.4	3.308e-04
1084.6	3.2501e-04
1084.8	3.1931e-04
1085.0	3.1371e-04
1085.2	3.0822e-04
1085.4	3.0281e-04
1085.6	2.9751e-04
1085.8	2.9229e-04
1086.0	2.8717e-04
1086.2	2.8214e-04
1086.4	2.7719e-04
1086.6	2.7233e-04
1086.8	2.6756e-04
1087.0	2.6287e-04
1087.2	2.5827e-04
1087.4	2.5374e-04
1087.6	2.4954e-04
1087.8	2.4686e-04
1088.0	2.4422e-04
1088.2	2.416e-04
1088.4	2.39e-04
1088.6	2.3644e-04
1088.8	2.339e-04
1089.0	2.3139e-04
1089.2	2.2891e-04
1089.4	2.2646e-04
1089.6	2.2403e-04
1089.8	2.2162e-04
1090.0	2.1925e-04
1090.2	2.1206e-04
1090.4	2.0511e-04
1090.6	1.9839e-04
1090.8	1.9189e-04
1091.0	1.856e-04
1091.2	1.7952e-04
1091.4	1.7636e-04
1091.6	1.7474e-04
1091.8	1.7313e-04
1092.0	1.7154e-04
1092.2	1.6996e-04
1092.4	1.684e-04
1092.6	1.6685e-04
1092.8	1.6532e-04
1093.0	1.638e-04
1093.2	1.623e-04
1093.4	1.608e-04
1093.6	1.5933e-04
1093.8	1.5786e-04
1094.0	1.5641e-04
1094.2	1.5497e-04
1094.4	1.5355e-04
1094.6	1.5214e-04
1094.8	1.5074e-04
1095.0	1.4939e-04
1095.2	1.4807e-04
1095.4	1.4675e-04
1095.6	1.4545e-04
1095.8	1.4416e-04
1096.0	1.4287e-04
1096.2	1.4161e-04
1096.4	1.4035e-04
1096.6	1.391e-04
1096.8	1.3786e-04
1097.0	1.3664e-04
1097.2	1.3543e-04
1097.4	1.3422e-04
1097.6	1.3303e-04
1097.8	1.3185e-04
1098.0	1.3068e-04
1098.2	1.2952e-04
1098.4	1.2831e-04
1098.6	1.2654e-04
1098.8	1.2478e-04
1099.0	1.2306e-04
1099.2	1.2135e-04
1099.4	1.1967e-04
1099.6	1.1801e-04
1099.8	1.1638e-04
1100.0	1.1477e-04
1100.2	1.1318e-04
1100.4	1.1161e-04
1100.6	1.1006e-04
1100.8	1.0854e-04
1101.0	1.0704e-04
1101.2	1.0555e-04
1101.4	1.0409e-04
1101.6	1.0265e-04
1101.8	1.0123e-04
1102.0	9.9868e-05
1102.2	9.8619e-05
1102.4	9.7386e-05
1102.6	9.6169e-05
1102.8	9.4966e-05
1103.0	9.3779e-05
1103.2	9.2606e-05
1103.4	9.1448e-05
1103.6	9.0305e-05
1103.8	8.9176e-05
1104.0	8.8061e-05
1104.2	8.696e-05
1104.4	8.5873e-05
1104.6	8.4799e-05
1104.8	8.3739e-05
1105.0	8.2692e-05
1105.2	8.1658e-05
1105.4	8.0637e-05
1105.6	7.9537e-05
1105.8	7.8377e-05
1106.0	7.7234e-05
1106.2	7.6108e-05
1106.4	7.4999e-05
1106.6	7.3905e-05
1106.8	7.2828e-05
1107.0	7.1766e-05
1107.2	7.072e-05
1107.4	6.9688e-05
1107.6	6.8672e-05
1107.8	6.7671e-05
1108.0	6.6685e-05
1108.2	6.5712e-05
1108.4	6.4754e-05
1108.6	6.381e-05
1108.8	6.288e-05
1109.0	6.1963e-05
1109.2	6.1749e-05
1109.4	6.1709e-05
1109.6	6.1668e-05
1109.8	6.1628e-05
1110.0	6.1588e-05
1110.2	6.1548e-05
1110.4	6.1508e-05
1110.6	6.1467e-05
1110.8	6.1427e-05
1111.0	6.1387e-05
1111.2	6.1347e-05
1111.4	6.1307e-05
1111.6	6.1267e-05
1111.8	6.1227e-05
1112.0	6.1187e-05
1112.2	6.1147e-05
1112.4	6.1107e-05
1112.6	6.106e-05
1112.8	6.0903e-05
1113.0	6.0746e-05
1113.2	6.059e-05
1113.4	6.0434e-05
1113.6	6.0279e-05
1113.8	6.0124e-05
1114.0	5.9969e-05
1114.2	5.9815e-05
1114.4	5.9661e-05
1114.6	5.9508e-05
1114.8	5.9355e-05
1115.0	5.9202e-05
1115.2	5.905e-05
1115.4	5.8898e-05
1115.6	5.8747e-05
1115.8	5.8596e-05
1116.0	5.8445e-05
1116.2	5.8593e-05
1116.4	5.9355e-05
1116.6	6.0127e-05
1116.8	6.0908e-05
1117.0	6.17e-05
1117.2	6.2502e-05
1117.4	6.3314e-05
1117.6	6.4137e-05
1117.8	6.4971e-05
1118.0	6.5815e-05
1118.2	6.6671e-05
1118.4	6.7537e-05
1118.6	6.8415e-05
1118.8	6.9304e-05
1119.0	7.0205e-05
1119.2	7.1118e-05
1119.4	7.2042e-05
1119.6	7.2979e-05
1119.8	9.2181e-05
1120.0	1.3448e-04
1120.2	1.3314e-04
1120.4	1.3181e-04
1120.6	1.305e-04
1120.8	1.292e-04
1121.0	1.2816e-04
1121.2	1.3964e-04
1121.4	1.5215e-04
1121.6	1.6577e-04
1121.8	1.8062e-04
1122.0	1.953e-04
1122.2	1.6494e-04
1122.4	1.393e-04
1122.6	1.1765e-04
1122.8	9.9363e-05
1123.0	8.4675e-05
1123.2	9.6479e-05
1123.4	1.0993e-04
1123.6	1.2525e-04
1123.8	1.4271e-04
1124.0	1.6129e-04
1124.2	1.4581e-04
1124.4	1.3181e-04
1124.6	1.1915e-04
1124.8	1.0771e-04
1125.0	9.8289e-05
1125.2	1.1235e-04
1125.4	1.2842e-04
1125.6	1.468e-04
1125.8	1.678e-04
1126.0	1.9077e-04
1126.2	1.9061e-04
1126.4	1.9044e-04
1126.6	1.9027e-04
1126.8	1.9011e-04
1127.0	1.9003e-04
1127.2	1.9222e-04
1127.4	1.9444e-04
1127.6	1.9668e-04
1127.8	1.9894e-04
1128.0	2.0109e-04
1128.2	2.0048e-04
1128.4	1.9987e-04
1128.6	1.9927e-04
1128.8	1.9866e-04
1129.0	1.9807e-04
1129.2	1.9784e-04
1129.4	1.9762e-04
1129.6	1.9739e-04
1129.8	1.9717e-04
1130.0	1.9699e-04
1130.2	2.0118e-04
1130.4	2.0547e-04
1130.6	2.0984e-04
1130.8	2.1431e-04
1131.0	2.1904e-04
1131.2	2.3062e-04
1131.4	2.4281e-04
1131.6	2.5565e-04
1131.8	2.6917e-04
1132.0	2.8348e-04
1132.2	3.0132e-04
1132.4	3.2027e-04
1132.6	3.4042e-04
1132.8	3.6184e-04
1133.0	3.8371e-04
1133.2	3.849e-04
1133.4	3.861e-04
1133.6	3.8729e-04
1133.8	3.8849e-04
1134.0	3.8973e-04
1134.2	3.9397e-04
1134.4	3.9827e-04
1134.6	4.026e-04
1134.8	4.0699e-04
1135.0	4.1095e-04
1135.2	3.9226e-04
1135.4	3.7442e-04
1135.6	3.5738e-04
1135.8	3.4113e-04
1136.0	3.264e-04
1136.2	3.4328e-04
1136.4	3.6104e-04
1136.6	3.7971e-04
1136.8	3.9934e-04
1137.0	4.1867e-04
1137.2	4.0689e-04
1137.4	3.9545e-04
1137.6	3.8432e-04
1137.8	3.7351e-04
1138.0	3.6393e-04
1138.2	3.7225e-04
1138.4	3.8076e-04
1138.6	3.8946e-04
1138.8	3.9836e-04
1139.0	4.0745e-04
1139.2	4.1568e-04
1139.4	4.2409e-04
1139.6	4.3266e-04
1139.8	4.414e-04
1140.0	4.4946e-04
1140.2	4.2474e-04
1140.4	4.0137e-04
1140.6	3.7929e-04
1140.8	3.5843e-04
1141.0	3.3987e-04
1141.2	3.498e-04
1141.4	3.6002e-04
1141.6	3.7053e-04
1141.8	3.8136e-04
1142.0	3.9229e-04
1142.2	3.832e-04
1142.4	3.7432e-04
1142.6	3.6564e-04
1142.8	3.5717e-04
1143.0	3.4899e-04
1143.2	3.45e-04
1143.4	3.4106e-04
1143.6	3.3716e-04
1143.8	3.3331e-04
1144.0	3.3026e-04
1144.2	3.4584e-04
1144.4	3.6217e-04
1144.6	3.7926e-04
1144.8	3.9716e-04
1145.0	4.1539e-04
1145.2	4.0043e-04
1145.4	3.8601e-04
1145.6	3.7211e-04
1145.8	3.5871e-04
1146.0	3.4641e-04
1146.2	3.5475e-04
1146.4	3.6329e-04
1146.6	3.7203e-04
1146.8	3.8098e-04
1147.0	3.8984e-04
1147.2	3.9232e-04
1147.4	3.9481e-04
1147.6	3.9732e-04
1147.8	3.9984e-04
1148.0	4.0221e-04
1148.2	3.9361e-04
1148.4	3.8519e-04
1148.6	3.7696e-04
1148.8	3.689e-04
1149.0	3.6108e-04
1149.2	3.5572e-04
1149.4	3.5043e-04
1149.6	3.4523e-04
1149.8	3.401e-04
1150.0	3.3584e-04
1150.2	3.4694e-04
1150.4	3.5841e-04
1150.6	3.7026e-04
1150.8	3.8249e-04
1151.0	3.9469e-04
1151.2	3.897e-04
1151.4	3.8477e-04
1151.6	3.799e-04
1151.8	3.7509e-04
1152.0	3.707e-04
1152.2	3.7382e-04
1152.4	3.7697e-04
1152.6	3.8014e-04
1152.8	3.8334e-04
1153.0	3.8641e-04
1153.2	3.7962e-04
1153.4	3.7294e-04
1153.6	3.6639e-04
1153.8	3.5994e-04
1154.0	3.5319e-04
1154.2	3.3522e-04
1154.4	3.1816e-04
1154.6	3.0197e-04
1154.8	2.866e-04
1155.0	2.7236e-04
1155.2	2.9378e-04
1155.4	3.1688e-04
1155.6	3.418e-04
1155.8	3.6868e-04
1156.0	3.9595e-04
1156.2	3.698e-04
1156.4	3.4537e-04
1156.6	3.2255e-04
1156.8	3.0125e-04
1157.0	2.8152e-04
1157.2	2.9872e-04
1157.4	3.1696e-04
1157.6	3.3631e-04
1157.8	3.5684e-04
1158.0	3.7797e-04
1158.2	3.7382e-04
1158.4	3.6971e-04
1158.6	3.6565e-04
1158.8	3.6164e-04
1159.0	3.5781e-04
1159.2	3.5707e-04
1159.4	3.5632e-04
1159.6	3.5558e-04
1159.8	3.5484e-04
1160.0	3.542e-04
1160.2	3.5853e-04
1160.4	3.6292e-04
1160.6	3.6735e-04
1160.8	3.7185e-04
1161.0	3.7646e-04
1161.2	3.8271e-04
1161.4	3.8908e-04
1161.6	3.9554e-04
1161.8	4.0212e-04
1162.0	4.0854e-04
1162.2	3.9776e-04
1162.4	3.8727e-04
1162.6	3.7705e-04
1162.8	3.671e-04
1163.0	3.5774e-04
1163.2	3.5635e-04
1163.4	3.5495e-04
1163.6	3.5357e-04
1163.8	3.5219e-04
1164.0	3.5086e-04
1164.2	3.5266e-04
1164.4	3.5447e-04
1164.6	3.5628e-04
1164.8	3.5811e-04
1165.0	3.5971e-04
1165.2	3.5563e-04
1165.4	3.516e-04
1165.6	3.4762e-04
1165.8	3.4369e-04
1166.0	3.3963e-04
1166.2	3.2775e-04
1166.4	3.1629e-04
1166.6	3.0523e-04
1166.8	2.9455e-04
1167.0	2.8518e-04
1167.2	2.985e-04
1167.4	3.1244e-04
1167.6	3.2704e-04
1167.8	3.4232e-04
1168.0	3.5776e-04
1168.2	3.4675e-04
1168.4	3.3608e-04
1168.6	3.2574e-04
1168.8	3.1571e-04
1169.0	3.0648e-04
1169.2	3.0777e-04
1169.4	3.0906e-04
1169.6	3.1036e-04
1169.8	3.1167e-04
1170.0	3.1322e-04
1170.2	3.3136e-04
1170.4	3.5056e-04
1170.6	3.7086e-04
1170.8	3.9234e-04
1171.0	4.1294e-04
1171.2	3.8419e-04
1171.4	3.5744e-04
1171.6	3.3255e-04
1171.8	3.094e-04
1172.0	2.8856e-04
1172.2	3.0346e-04
1172.4	3.1913e-04
1172.6	3.3561e-04
1172.8	3.5294e-04
1173.0	3.7012e-04
1173.2	3.6556e-04
1173.4	3.6106e-04
1173.6	3.5661e-04
1173.8	3.5222e-04
1174.0	3.4791e-04
1174.2	3.4497e-04
1174.4	3.4206e-04
1174.6	3.3918e-04
1174.8	3.3632e-04
1175.0	3.3368e-04
1175.2	3.3527e-04
1175.4	3.3686e-04
1175.6	3.3846e-04
1175.8	3.4008e-04
1176.0	3.4183e-04
1176.2	3.4905e-04
1176.4	3.5642e-04
1176.6	3.6394e-04
1176.8	3.7162e-04
1177.0	3.7952e-04
1177.2	3.8852e-04
1177.4	3.9774e-04
1177.6	4.0719e-04
1177.8	4.1685e-04
1178.0	4.2592e-04
1178.2	4.0892e-04
1178.4	3.9259e-04
1178.6	3.7692e-04
1178.8	3.6187e-04
1179.0	3.4753e-04
1179.2	3.4406e-04
1179.4	3.4063e-04
1179.6	3.3723e-04
1179.8	3.3386e-04
1180.0	3.3082e-04
1180.2	3.3585e-04
1180.4	3.4096e-04
1180.6	3.4614e-04
1180.8	3.5141e-04
1181.0	3.5652e-04
1181.2	3.4688e-04
1181.4	3.3749e-04
1181.6	3.2836e-04
1181.8	3.1948e-04
1182.0	3.1149e-04
1182.2	3.1947e-04
1182.4	3.2766e-04
1182.6	3.3606e-04
1182.8	3.4467e-04
1183.0	3.5273e-04
1183.2	3.2444e-04
1183.4	2.9841e-04
1183.6	2.7447e-04
1183.8	2.5245e-04
1184.0	2.3382e-04
1184.2	2.5109e-04
1184.4	2.6963e-04
1184.6	2.8955e-04
1184.8	3.1093e-04
1185.0	3.3297e-04
1185.2	3.1982e-04
1185.4	3.0718e-04
1185.6	2.9505e-04
1185.8	2.834e-04
1186.0	2.7226e-04
1186.2	2.7302e-04
1186.4	2.7377e-04
1186.6	2.7453e-04
1186.8	2.7529e-04
1187.0	2.7646e-04
1187.2	2.8911e-04
1187.4	3.0233e-04
1187.6	3.1616e-04
1187.8	3.3063e-04
1188.0	3.4541e-04
1188.2	3.3853e-04
1188.4	3.3179e-04
1188.6	3.2518e-04
1188.8	3.187e-04
1189.0	3.1188e-04
1189.2	2.9416e-04
1189.4	2.7745e-04
1189.6	2.6168e-04
1189.8	2.4681e-04
1190.0	2.3337e-04
1190.2	2.4915e-04
1190.4	2.6599e-04
1190.6	2.8397e-04
1190.8	3.0317e-04
1191.0	3.2233e-04
1191.2	3.1694e-04
1191.4	3.1165e-04
1191.6	3.0644e-04
1191.8	3.0131e-04
1192.0	2.9652e-04
1192.2	2.9966e-04
1192.4	3.0283e-04
1192.6	3.0603e-04
1192.8	3.0927e-04
1193.0	3.1257e-04
1193.2	3.1747e-04
1193.4	3.2245e-04
1193.6	3.2751e-04
1193.8	3.3265e-04
1194.0	3.3776e-04
1194.2	3.4022e-04
1194.4	3.427e-04
1194.6	3.452e-04
1194.8	3.4772e-04
1195.0	3.5008e-04
1195.2	3.4568e-04
1195.4	3.4133e-04
1195.6	3.3704e-04
1195.8	3.328e-04
1196.0	3.2865e-04
1196.2	3.2537e-04
1196.4	3.2212e-04
1196.6	3.189e-04
1196.8	3.1571e-04
1197.0	3.1277e-04
1197.2	3.169e-04
1197.4	3.2108e-04
1197.6	3.2532e-04
1197.8	3.2962e-04
1198.0	3.339e-04
1198.2	3.333e-04
1198.4	3.327e-04
1198.6	3.321e-04
1198.8	3.315e-04
1199.0	3.2962e-04
1199.2	3.0178e-04
1199.4	2.7629e-04
1199.6	2.5296e-04
1199.8	2.3159e-04
1200.0	2.1295e-04
1200.2	2.315e-04
1200.4	2.5168e-04
1200.6	2.7362e-04
1200.8	2.9746e-04
1201.0	3.2287e-04
1201.2	2.9907e-04
1201.4	2.7702e-04
1201.6	2.566e-04
1201.8	2.3769e-04
1202.0	2.2139e-04
1202.2	2.4032e-04
1202.4	2.6085e-04
1202.6	2.8315e-04
1202.8	3.0735e-04
1203.0	3.3291e-04
1203.2	3.2491e-04
1203.4	3.1711e-04
1203.6	3.095e-04
1203.8	3.0206e-04
1204.0	2.9558e-04
1204.2	3.0567e-04
1204.4	3.1611e-04
1204.6	3.269e-04
1204.8	3.3806e-04
1205.0	3.4961e-04