Typical Measured Spectrum of Semrock FF01-642/10 Optical Filter	
For wavelengths between 320 and 1120 nm, values near or below 3e-7 (Optical Density 6.5) are measurement noise limited.
For wavelengths < 320 nm and > 1120 nm, values near or below 3e-6 (Optical Density 5.5) are measurement noise limited. 
Data format:  Wavelength (nm) <tab> Transmission (0 to 1)
345.0	6.3741e-07
345.2	6.56e-07
345.4	6.7514e-07
345.6	6.9484e-07
345.8	7.151e-07
346.0	7.3596e-07
346.2	7.5743e-07
346.4	7.7953e-07
346.6	8.0227e-07
346.8	8.2567e-07
347.0	8.4976e-07
347.2	8.7455e-07
347.4	9.0006e-07
347.6	9.2632e-07
347.8	9.5334e-07
348.0	8.4469e-07
348.2	7.2503e-07
348.4	6.2232e-07
348.6	5.3416e-07
348.8	4.5849e-07
349.0	3.9354e-07
349.2	3.3779e-07
349.4	2.8994e-07
349.6	2.4886e-07
349.8	2.1361e-07
350.0	1.8335e-07
350.2	1.5737e-07
350.4	1.3508e-07
350.6	1.1594e-07
350.8	9.9519e-08
351.0	8.5421e-08
351.2	7.332e-08
351.4	6.2933e-08
351.6	5.4018e-08
351.8	4.6365e-08
352.0	4.2786e-08
352.2	4.2328e-08
352.4	4.1875e-08
352.6	4.1427e-08
352.8	4.0984e-08
353.0	4.0546e-08
353.2	4.0112e-08
353.4	3.9683e-08
353.6	3.9258e-08
353.8	3.8838e-08
354.0	3.8423e-08
354.2	3.8011e-08
354.4	3.7605e-08
354.6	3.7202e-08
354.8	3.6804e-08
355.0	3.6411e-08
355.2	3.6044e-08
355.4	3.5681e-08
355.6	3.5321e-08
355.8	3.4965e-08
356.0	3.4613e-08
356.2	3.4264e-08
356.4	3.3919e-08
356.6	3.3577e-08
356.8	3.3239e-08
357.0	3.2904e-08
357.2	3.2573e-08
357.4	3.2244e-08
357.6	3.192e-08
357.8	3.1598e-08
358.0	3.5089e-08
358.2	3.9962e-08
358.4	4.5511e-08
358.6	5.1831e-08
358.8	5.9028e-08
359.0	6.7225e-08
359.2	7.656e-08
359.4	8.7192e-08
359.6	9.93e-08
359.8	1.1309e-07
360.0	1.2879e-07
360.2	1.4668e-07
360.4	1.6705e-07
360.6	1.9024e-07
360.8	2.1666e-07
361.0	2.4675e-07
361.2	2.8101e-07
361.4	3.2003e-07
361.6	3.6447e-07
361.8	4.1508e-07
362.0	4.1656e-07
362.2	3.711e-07
362.4	3.306e-07
362.6	2.9451e-07
362.8	2.6237e-07
363.0	2.3374e-07
363.2	2.0823e-07
363.4	1.855e-07
363.6	1.6525e-07
363.8	1.4722e-07
364.0	1.3115e-07
364.2	1.1684e-07
364.4	1.0409e-07
364.6	9.2726e-08
364.8	8.2606e-08
365.0	7.359e-08
365.2	6.8423e-08
365.4	6.3618e-08
365.6	5.9151e-08
365.8	5.4997e-08
366.0	5.1135e-08
366.2	4.7544e-08
366.4	4.4205e-08
366.6	4.1101e-08
366.8	3.8215e-08
367.0	3.5531e-08
367.2	3.3036e-08
367.4	3.0716e-08
367.6	2.8559e-08
367.8	2.6554e-08
368.0	3.0473e-08
368.2	3.6683e-08
368.4	4.4157e-08
368.6	5.3155e-08
368.8	6.3985e-08
369.0	7.7023e-08
369.2	9.2718e-08
369.4	1.1161e-07
369.6	1.3435e-07
369.8	1.6173e-07
370.0	1.9468e-07
370.2	2.3435e-07
370.4	2.821e-07
370.6	3.3958e-07
370.8	4.0878e-07
371.0	4.9207e-07
371.2	5.9233e-07
371.4	7.1303e-07
371.6	8.5832e-07
371.8	1.0332e-06
372.0	1.0742e-06
372.2	9.7805e-07
372.4	8.9053e-07
372.6	8.1085e-07
372.8	7.3829e-07
373.0	6.7223e-07
373.2	6.1208e-07
373.4	5.5731e-07
373.6	5.0744e-07
373.8	4.6204e-07
374.0	4.2069e-07
374.2	3.8305e-07
374.4	3.4877e-07
374.6	3.1756e-07
374.8	2.8915e-07
375.0	2.6328e-07
375.2	3.6129e-07
375.4	4.9578e-07
375.6	6.8035e-07
375.8	9.3363e-07
376.0	1.2812e-06
376.2	1.7582e-06
376.4	2.4127e-06
376.6	3.3108e-06
376.8	4.5434e-06
377.0	6.2348e-06
377.2	6.9312e-06
377.4	6.7348e-06
377.6	6.5439e-06
377.8	6.3585e-06
378.0	6.1783e-06
378.2	6.0032e-06
378.4	5.8331e-06
378.6	5.6678e-06
378.8	5.5071e-06
379.0	5.3511e-06
379.2	5.1994e-06
379.4	5.0521e-06
379.6	4.9089e-06
379.8	4.7698e-06
380.0	4.6346e-06
380.2	4.5033e-06
380.4	4.3757e-06
380.6	4.2517e-06
380.8	4.1312e-06
381.0	4.0141e-06
381.2	3.763e-06
381.4	3.2743e-06
381.6	2.8492e-06
381.8	2.4792e-06
382.0	2.1573e-06
382.2	1.8771e-06
382.4	1.6334e-06
382.6	1.4213e-06
382.8	1.2367e-06
383.0	1.0761e-06
383.2	9.364e-07
383.4	8.148e-07
383.6	7.09e-07
383.8	6.1693e-07
384.0	5.3682e-07
384.2	4.6711e-07
384.4	4.0646e-07
384.6	3.5368e-07
384.8	3.0775e-07
385.0	2.6779e-07
385.2	2.3513e-07
385.4	2.4103e-07
385.6	2.4708e-07
385.8	2.5328e-07
386.0	2.5964e-07
386.2	2.6615e-07
386.4	2.7284e-07
386.6	2.7968e-07
386.8	2.867e-07
387.0	2.939e-07
387.2	3.0128e-07
387.4	3.0884e-07
387.6	3.1659e-07
387.8	3.2454e-07
388.0	3.3268e-07
388.2	3.4103e-07
388.4	3.4959e-07
388.6	3.5837e-07
388.8	3.6736e-07
389.0	3.7658e-07
389.2	3.8604e-07
389.4	3.276e-07
389.6	2.6479e-07
389.8	2.1402e-07
390.0	1.7299e-07
390.2	1.3982e-07
390.4	1.1302e-07
390.6	9.1348e-08
390.8	7.3835e-08
391.0	5.9679e-08
391.2	4.8237e-08
391.4	3.8989e-08
391.6	3.1513e-08
391.8	2.5472e-08
392.0	2.0588e-08
392.2	2.0428e-08
392.4	2.0269e-08
392.6	2.0111e-08
392.8	1.9955e-08
393.0	1.9799e-08
393.2	1.9645e-08
393.4	1.9493e-08
393.6	1.9341e-08
393.8	1.919e-08
394.0	1.9041e-08
394.2	1.8893e-08
394.4	1.8746e-08
394.6	1.86e-08
394.8	1.8455e-08
395.0	1.8312e-08
395.2	1.8169e-08
395.4	1.8028e-08
395.6	1.7888e-08
395.8	1.7749e-08
396.0	1.761e-08
396.2	1.7457e-08
396.4	1.7303e-08
396.6	1.7151e-08
396.8	1.7e-08
397.0	1.685e-08
397.2	1.6701e-08
397.4	1.6554e-08
397.6	1.6408e-08
397.8	1.6264e-08
398.0	1.612e-08
398.2	1.5978e-08
398.4	1.5837e-08
398.6	1.5698e-08
398.8	1.5559e-08
399.0	1.5422e-08
399.2	1.5286e-08
399.4	1.5152e-08
399.6	1.5018e-08
399.8	1.4886e-08
400.0	1.4755e-08
400.2	1.673e-08
400.4	2.0362e-08
400.6	2.4782e-08
400.8	3.0162e-08
401.0	3.671e-08
401.2	4.4679e-08
401.4	5.4379e-08
401.6	6.6184e-08
401.8	8.0552e-08
402.0	9.8039e-08
402.2	1.1932e-07
402.4	1.4523e-07
402.6	1.7675e-07
402.8	2.1513e-07
403.0	2.6183e-07
403.2	3.1867e-07
403.4	3.8785e-07
403.6	4.7205e-07
403.8	5.7453e-07
404.0	6.9926e-07
404.2	7.7268e-07
404.4	7.4511e-07
404.6	7.1852e-07
404.8	6.9288e-07
405.0	6.6816e-07
405.2	6.4431e-07
405.4	6.2132e-07
405.6	5.9915e-07
405.8	5.7777e-07
406.0	5.5715e-07
406.2	5.3727e-07
406.4	5.181e-07
406.6	4.9961e-07
406.8	4.8178e-07
407.0	4.6459e-07
407.2	4.4801e-07
407.4	4.3202e-07
407.6	4.1661e-07
407.8	4.0174e-07
408.0	3.8741e-07
408.2	3.8409e-07
408.4	4.2859e-07
408.6	4.7825e-07
408.8	5.3367e-07
409.0	5.9551e-07
409.2	6.6451e-07
409.4	7.415e-07
409.6	8.2742e-07
409.8	9.233e-07
410.0	1.0303e-06
410.2	1.1497e-06
410.4	1.2829e-06
410.6	1.4315e-06
410.8	1.5974e-06
411.0	1.7825e-06
411.2	1.989e-06
411.4	2.2195e-06
411.6	2.4767e-06
411.8	2.7636e-06
412.0	3.0839e-06
412.2	3.4412e-06
412.4	3.5158e-06
412.6	3.584e-06
412.8	3.6535e-06
413.0	3.7243e-06
413.2	3.7965e-06
413.4	3.8702e-06
413.6	3.9452e-06
413.8	4.0217e-06
414.0	4.0997e-06
414.2	4.1792e-06
414.4	4.2602e-06
414.6	4.3428e-06
414.8	4.427e-06
415.0	4.5128e-06
415.2	4.6003e-06
415.4	4.6895e-06
415.6	4.7804e-06
415.8	4.8731e-06
416.0	4.9676e-06
416.2	5.0639e-06
416.4	5.1258e-06
416.6	5.1776e-06
416.8	5.2299e-06
417.0	5.2827e-06
417.2	5.3361e-06
417.4	5.39e-06
417.6	5.4444e-06
417.8	5.4994e-06
418.0	5.555e-06
418.2	5.6111e-06
418.4	5.6678e-06
418.6	5.725e-06
418.8	5.7828e-06
419.0	5.8413e-06
419.2	5.9003e-06
419.4	5.9599e-06
419.6	6.0201e-06
419.8	6.0809e-06
420.0	6.1423e-06
420.2	6.2043e-06
420.4	6.3354e-06
420.6	6.5203e-06
420.8	6.7106e-06
421.0	6.9065e-06
421.2	7.1081e-06
421.4	7.3155e-06
421.6	7.5291e-06
421.8	7.7488e-06
422.0	7.975e-06
422.2	8.2078e-06
422.4	8.4473e-06
422.6	8.6939e-06
422.8	8.9476e-06
423.0	9.2088e-06
423.2	9.4776e-06
423.4	9.7542e-06
423.6	1.0039e-05
423.8	1.0332e-05
424.0	1.0634e-05
424.2	1.0944e-05
424.4	1.0994e-05
424.6	1.065e-05
424.8	1.0317e-05
425.0	9.9941e-06
425.2	9.6815e-06
425.4	9.3787e-06
425.6	9.0854e-06
425.8	8.8012e-06
426.0	8.5259e-06
426.2	8.2592e-06
426.4	8.0009e-06
426.6	7.7506e-06
426.8	7.5082e-06
427.0	7.2734e-06
427.2	7.0562e-06
427.4	6.8455e-06
427.6	6.6412e-06
427.8	6.4429e-06
428.0	6.2505e-06
428.2	6.0639e-06
428.4	5.8829e-06
428.6	5.7072e-06
428.8	5.5368e-06
429.0	5.4063e-06
429.2	5.3291e-06
429.4	5.253e-06
429.6	5.1779e-06
429.8	5.104e-06
430.0	5.0311e-06
430.2	4.9593e-06
430.4	4.8884e-06
430.6	4.8186e-06
430.8	4.7498e-06
431.0	4.682e-06
431.2	4.6151e-06
431.4	4.5492e-06
431.6	4.4842e-06
431.8	4.4202e-06
432.0	4.3571e-06
432.2	4.2949e-06
432.4	4.2335e-06
432.6	4.1731e-06
432.8	4.1135e-06
433.0	4.0823e-06
433.2	4.1787e-06
433.4	4.2774e-06
433.6	4.3784e-06
433.8	4.4818e-06
434.0	4.5876e-06
434.2	4.6959e-06
434.4	4.8068e-06
434.6	4.9203e-06
434.8	5.0365e-06
435.0	5.1554e-06
435.2	5.2772e-06
435.4	5.4018e-06
435.6	5.5293e-06
435.8	5.6599e-06
436.0	5.7935e-06
436.2	5.9303e-06
436.4	6.0704e-06
436.6	6.2137e-06
436.8	6.3604e-06
437.0	6.5106e-06
437.2	6.4233e-06
437.4	6.3288e-06
437.6	6.2356e-06
437.8	6.1438e-06
438.0	6.0534e-06
438.2	5.9643e-06
438.4	5.8765e-06
438.6	5.79e-06
438.8	5.7048e-06
439.0	5.6208e-06
439.2	5.538e-06
439.4	5.4565e-06
439.6	5.3762e-06
439.8	5.297e-06
440.0	5.2191e-06
440.2	5.1422e-06
440.4	5.0665e-06
440.6	4.992e-06
440.8	4.9185e-06
441.0	4.8461e-06
441.2	4.7895e-06
441.4	4.7383e-06
441.6	4.6876e-06
441.8	4.6374e-06
442.0	4.5878e-06
442.2	4.5387e-06
442.4	4.4901e-06
442.6	4.442e-06
442.8	4.3945e-06
443.0	4.3474e-06
443.2	4.3009e-06
443.4	4.2549e-06
443.6	4.2093e-06
443.8	4.1643e-06
444.0	4.1197e-06
444.2	4.0756e-06
444.4	4.032e-06
444.6	3.9888e-06
444.8	3.9462e-06
445.0	3.9039e-06
445.2	3.9465e-06
445.4	4.0551e-06
445.6	4.1667e-06
445.8	4.2814e-06
446.0	4.3992e-06
446.2	4.5203e-06
446.4	4.6447e-06
446.6	4.7726e-06
446.8	4.9039e-06
447.0	5.0389e-06
447.2	5.1775e-06
447.4	5.32e-06
447.6	5.4665e-06
447.8	5.6169e-06
448.0	5.7715e-06
448.2	5.9303e-06
448.4	6.0936e-06
448.6	6.2613e-06
448.8	6.4336e-06
449.0	6.6106e-06
449.2	6.7317e-06
449.4	6.7591e-06
449.6	6.7866e-06
449.8	6.8142e-06
450.0	6.8419e-06
450.2	6.8697e-06
450.4	6.8977e-06
450.6	6.9257e-06
450.8	6.9539e-06
451.0	6.9822e-06
451.2	7.0106e-06
451.4	7.0391e-06
451.6	7.0677e-06
451.8	7.0964e-06
452.0	7.1253e-06
452.2	7.1543e-06
452.4	7.1834e-06
452.6	7.2126e-06
452.8	7.2419e-06
453.0	7.2714e-06
453.2	7.285e-06
453.4	7.242e-06
453.6	7.1993e-06
453.8	7.1568e-06
454.0	7.1146e-06
454.2	7.0726e-06
454.4	7.0309e-06
454.6	6.9894e-06
454.8	6.9482e-06
455.0	6.9072e-06
455.2	6.8664e-06
455.4	6.8259e-06
455.6	6.7856e-06
455.8	6.7456e-06
456.0	6.7058e-06
456.2	6.6663e-06
456.4	6.6269e-06
456.6	6.5878e-06
456.8	6.549e-06
457.0	6.5103e-06
457.2	6.4635e-06
457.4	6.2978e-06
457.6	6.1363e-06
457.8	5.9789e-06
458.0	5.8256e-06
458.2	5.6762e-06
458.4	5.5307e-06
458.6	5.3889e-06
458.8	5.2507e-06
459.0	5.1161e-06
459.2	4.9849e-06
459.4	4.8571e-06
459.6	4.7325e-06
459.8	4.6112e-06
460.0	4.4929e-06
460.2	4.3777e-06
460.4	4.2655e-06
460.6	4.1561e-06
460.8	4.0495e-06
461.0	3.9457e-06
461.2	3.8445e-06
461.4	3.9416e-06
461.6	4.0578e-06
461.8	4.1774e-06
462.0	4.3005e-06
462.2	4.4273e-06
462.4	4.5578e-06
462.6	4.6922e-06
462.8	4.8305e-06
463.0	4.9729e-06
463.2	5.1195e-06
463.4	5.2704e-06
463.6	5.4258e-06
463.8	5.5857e-06
464.0	5.7504e-06
464.2	5.9199e-06
464.4	6.0944e-06
464.6	6.2741e-06
464.8	6.4591e-06
465.0	6.6495e-06
465.2	6.8455e-06
465.4	6.5791e-06
465.6	6.2119e-06
465.8	5.8653e-06
466.0	5.538e-06
466.2	5.2289e-06
466.4	4.9371e-06
466.6	4.6616e-06
466.8	4.4015e-06
467.0	4.1558e-06
467.2	3.9239e-06
467.4	3.7049e-06
467.6	3.4982e-06
467.8	3.303e-06
468.0	3.1187e-06
468.2	2.7524e-06
468.4	2.4292e-06
468.6	2.1439e-06
468.8	1.8922e-06
469.0	1.67e-06
469.2	1.4739e-06
469.4	1.3008e-06
469.6	1.148e-06
469.8	1.0132e-06
470.0	8.9424e-07
470.2	9.497e-07
470.4	1.0086e-06
470.6	1.0711e-06
470.8	1.1376e-06
471.0	1.2081e-06
471.2	1.283e-06
471.4	1.3626e-06
471.6	1.4471e-06
471.8	1.5368e-06
472.0	1.6322e-06
472.2	1.7334e-06
472.4	1.8409e-06
472.6	1.955e-06
472.8	2.0763e-06
473.0	2.205e-06
473.2	2.3418e-06
473.4	2.487e-06
473.6	2.6412e-06
473.8	2.805e-06
474.0	2.979e-06
474.2	3.055e-06
474.4	3.1122e-06
474.6	3.1705e-06
474.8	3.2299e-06
475.0	3.2904e-06
475.2	3.352e-06
475.4	3.4148e-06
475.6	3.4788e-06
475.8	3.5439e-06
476.0	3.6103e-06
476.2	3.6779e-06
476.4	3.7468e-06
476.6	3.8169e-06
476.8	3.8884e-06
477.0	3.9612e-06
477.2	4.0354e-06
477.4	4.111e-06
477.6	4.188e-06
477.8	4.2664e-06
478.0	4.3463e-06
478.2	4.1904e-06
478.4	3.9389e-06
478.6	3.7025e-06
478.8	3.4803e-06
479.0	3.2715e-06
479.2	3.0751e-06
479.4	2.8906e-06
479.6	2.7171e-06
479.8	2.5541e-06
480.0	2.4008e-06
480.2	2.2567e-06
480.4	2.1213e-06
480.6	1.994e-06
480.8	1.8743e-06
481.0	1.7618e-06
481.2	1.6561e-06
481.4	1.5567e-06
481.6	1.4633e-06
481.8	1.3755e-06
482.0	1.2929e-06
482.2	1.2408e-06
482.4	1.2114e-06
482.6	1.1828e-06
482.8	1.1549e-06
483.0	1.1276e-06
483.2	1.1009e-06
483.4	1.0749e-06
483.6	1.0495e-06
483.8	1.0247e-06
484.0	1.0005e-06
484.2	9.7685e-07
484.4	9.5376e-07
484.6	9.3122e-07
484.8	9.0922e-07
485.0	8.8773e-07
485.2	8.6675e-07
485.4	8.4627e-07
485.6	8.2627e-07
485.8	8.0674e-07
486.0	7.8768e-07
486.2	7.5715e-07
486.4	7.1227e-07
486.6	6.7005e-07
486.8	6.3033e-07
487.0	5.9297e-07
487.2	5.5782e-07
487.4	5.2476e-07
487.6	4.9365e-07
487.8	4.6439e-07
488.0	4.3686e-07
488.2	4.1097e-07
488.4	3.8661e-07
488.6	3.6369e-07
488.8	3.4214e-07
489.0	3.2186e-07
489.2	3.0278e-07
489.4	2.8483e-07
489.6	2.6795e-07
489.8	2.5206e-07
490.0	2.3712e-07
490.2	2.3822e-07
490.4	2.7897e-07
490.6	3.2669e-07
490.8	3.8258e-07
491.0	4.4803e-07
491.2	5.2467e-07
491.4	6.1442e-07
491.6	7.1953e-07
491.8	8.4262e-07
492.0	9.8677e-07
492.2	1.1556e-06
492.4	1.3533e-06
492.6	1.5848e-06
492.8	1.8559e-06
493.0	2.1733e-06
493.2	2.5451e-06
493.4	2.9805e-06
493.6	3.4904e-06
493.8	4.0875e-06
494.0	4.7867e-06
494.2	5.4013e-06
494.4	5.2535e-06
494.6	5.1098e-06
494.8	4.97e-06
495.0	4.834e-06
495.2	4.7018e-06
495.4	4.5731e-06
495.6	4.448e-06
495.8	4.3263e-06
496.0	4.208e-06
496.2	4.0928e-06
496.4	3.9809e-06
496.6	3.872e-06
496.8	3.766e-06
497.0	3.663e-06
497.2	3.5628e-06
497.4	3.4653e-06
497.6	3.3705e-06
497.8	3.2783e-06
498.0	3.1886e-06
498.2	3.1201e-06
498.4	3.2054e-06
498.6	3.2931e-06
498.8	3.3831e-06
499.0	3.4756e-06
499.2	3.5706e-06
499.4	3.6683e-06
499.6	3.7686e-06
499.8	3.8716e-06
500.0	3.9775e-06
500.2	4.0448e-06
500.4	4.1133e-06
500.6	4.1829e-06
500.8	4.2537e-06
501.0	4.3257e-06
501.2	4.399e-06
501.4	4.4734e-06
501.6	4.5492e-06
501.8	4.6262e-06
502.0	4.7045e-06
502.2	4.7841e-06
502.4	4.8651e-06
502.6	4.9475e-06
502.8	5.0312e-06
503.0	5.0892e-06
503.2	5.1176e-06
503.4	5.1462e-06
503.6	5.1749e-06
503.8	5.2038e-06
504.0	5.2328e-06
504.2	5.2621e-06
504.4	5.2914e-06
504.6	5.321e-06
504.8	5.3507e-06
505.0	5.3805e-06
505.2	5.4106e-06
505.4	5.4408e-06
505.6	5.4711e-06
505.8	5.5017e-06
506.0	5.5324e-06
506.2	5.5633e-06
506.4	5.5943e-06
506.6	5.6256e-06
506.8	5.657e-06
507.0	5.6896e-06
507.2	5.7247e-06
507.4	5.7599e-06
507.6	5.7954e-06
507.8	5.8311e-06
508.0	5.867e-06
508.2	5.9031e-06
508.4	5.9394e-06
508.6	5.976e-06
508.8	6.0128e-06
509.0	6.0498e-06
509.2	6.0871e-06
509.4	6.1245e-06
509.6	6.1623e-06
509.8	6.2002e-06
510.0	6.2384e-06
510.2	6.2768e-06
510.4	6.3154e-06
510.6	6.3543e-06
510.8	6.3935e-06
511.0	6.4108e-06
511.2	6.3377e-06
511.4	6.2654e-06
511.6	6.1939e-06
511.8	6.1233e-06
512.0	6.0535e-06
512.2	5.9845e-06
512.4	5.9162e-06
512.6	5.8487e-06
512.8	5.782e-06
513.0	5.7161e-06
513.2	5.6509e-06
513.4	5.5865e-06
513.6	5.5228e-06
513.8	5.4598e-06
514.0	5.3975e-06
514.2	5.336e-06
514.4	5.2751e-06
514.6	5.215e-06
514.8	5.1555e-06
515.0	5.0598e-06
515.2	4.5395e-06
515.4	4.0727e-06
515.6	3.654e-06
515.8	3.2783e-06
516.0	2.9412e-06
516.2	2.6388e-06
516.4	2.3675e-06
516.6	2.124e-06
516.8	1.9056e-06
517.0	1.7097e-06
517.2	1.5339e-06
517.4	1.3762e-06
517.6	1.2347e-06
517.8	1.1077e-06
518.0	9.9383e-07
518.2	8.9164e-07
518.4	7.9996e-07
518.6	7.1771e-07
518.8	6.4391e-07
519.0	5.777e-07
519.2	5.6162e-07
519.4	5.4757e-07
519.6	5.3388e-07
519.8	5.2053e-07
520.0	5.0752e-07
520.2	4.9482e-07
520.4	4.8245e-07
520.6	4.7039e-07
520.8	4.5862e-07
521.0	4.4716e-07
521.2	4.3597e-07
521.4	4.2507e-07
521.6	4.1444e-07
521.8	4.0408e-07
522.0	3.9397e-07
522.2	3.8412e-07
522.4	3.7452e-07
522.6	3.6515e-07
522.8	3.5602e-07
523.0	3.4712e-07
523.2	3.5088e-07
523.4	3.5669e-07
523.6	3.626e-07
523.8	3.686e-07
524.0	3.747e-07
524.2	3.809e-07
524.4	3.8721e-07
524.6	3.9362e-07
524.8	4.0013e-07
525.0	4.0676e-07
525.2	4.1349e-07
525.4	4.2033e-07
525.6	4.2729e-07
525.8	4.3437e-07
526.0	4.4156e-07
526.2	4.4887e-07
526.4	4.563e-07
526.6	4.6385e-07
526.8	4.7153e-07
527.0	4.7933e-07
527.2	5.0954e-07
527.4	5.4851e-07
527.6	5.9047e-07
527.8	6.3564e-07
528.0	6.8426e-07
528.2	7.366e-07
528.4	7.9294e-07
528.6	8.5359e-07
528.8	9.1889e-07
529.0	9.8917e-07
529.2	1.0648e-06
529.4	1.1463e-06
529.6	1.234e-06
529.8	1.3284e-06
530.0	1.43e-06
530.2	1.5394e-06
530.4	1.6571e-06
530.6	1.7839e-06
530.8	1.9203e-06
531.0	2.0672e-06
531.2	2.2116e-06
531.4	2.36e-06
531.6	2.5183e-06
531.8	2.6872e-06
532.0	2.8675e-06
532.2	3.0598e-06
532.4	3.2651e-06
532.6	3.4841e-06
532.8	3.7179e-06
533.0	3.9673e-06
533.2	4.2334e-06
533.4	4.5174e-06
533.6	4.8205e-06
533.8	5.1438e-06
534.0	5.4889e-06
534.2	5.8571e-06
534.4	6.25e-06
534.6	6.6693e-06
534.8	7.1167e-06
535.0	7.5941e-06
535.2	7.7657e-06
535.4	7.7572e-06
535.6	7.7487e-06
535.8	7.7402e-06
536.0	7.7317e-06
536.2	7.7232e-06
536.4	7.7148e-06
536.6	7.7063e-06
536.8	7.6979e-06
537.0	7.6894e-06
537.2	7.681e-06
537.4	7.6726e-06
537.6	7.6641e-06
537.8	7.6557e-06
538.0	7.6473e-06
538.2	7.6389e-06
538.4	7.6306e-06
538.6	7.6222e-06
538.8	7.6138e-06
539.0	7.6055e-06
539.2	7.6143e-06
539.4	7.6348e-06
539.6	7.6554e-06
539.8	7.676e-06
540.0	7.6967e-06
540.2	7.7175e-06
540.4	7.7383e-06
540.6	7.7592e-06
540.8	7.7801e-06
541.0	7.801e-06
541.2	7.8221e-06
541.4	7.8432e-06
541.6	7.8643e-06
541.8	7.8855e-06
542.0	7.9068e-06
542.2	7.9281e-06
542.4	7.9495e-06
542.6	7.9709e-06
542.8	7.9924e-06
543.0	8.0139e-06
543.2	8.0587e-06
543.4	8.1038e-06
543.6	8.1491e-06
543.8	8.1882e-06
544.0	7.8141e-06
544.2	7.457e-06
544.4	7.1162e-06
544.6	6.791e-06
544.8	6.4807e-06
545.0	6.1845e-06
545.2	5.9019e-06
545.4	5.6322e-06
545.6	5.3748e-06
545.8	5.1292e-06
546.0	4.8948e-06
546.2	4.6711e-06
546.4	4.4577e-06
546.6	4.254e-06
546.8	4.0596e-06
547.0	3.8741e-06
547.2	3.697e-06
547.4	3.5281e-06
547.6	3.3669e-06
547.8	3.213e-06
548.0	3.122e-06
548.2	3.0414e-06
548.4	2.9629e-06
548.6	2.8864e-06
548.8	2.8119e-06
549.0	2.7394e-06
549.2	2.6687e-06
549.4	2.5998e-06
549.6	2.5327e-06
549.8	2.4673e-06
550.0	2.4036e-06
550.2	2.3416e-06
550.4	2.2811e-06
550.6	2.2222e-06
550.8	2.1649e-06
551.0	2.109e-06
551.2	2.0546e-06
551.4	2.0015e-06
551.6	1.9499e-06
551.8	1.8995e-06
552.0	1.9438e-06
552.2	2.0228e-06
552.4	2.105e-06
552.6	2.1905e-06
552.8	2.2796e-06
553.0	2.3722e-06
553.2	2.4686e-06
553.4	2.569e-06
553.6	2.6734e-06
553.8	2.7821e-06
554.0	2.8952e-06
554.2	3.0128e-06
554.4	3.1353e-06
554.6	3.2627e-06
554.8	3.3953e-06
555.0	3.5333e-06
555.2	3.677e-06
555.4	3.8264e-06
555.6	3.9819e-06
555.8	4.1438e-06
556.0	3.7589e-06
556.2	3.1455e-06
556.4	2.6322e-06
556.6	2.2027e-06
556.8	1.8432e-06
557.0	1.5424e-06
557.2	1.4688e-06
557.4	1.3987e-06
557.6	1.3319e-06
557.8	1.2684e-06
558.0	1.2078e-06
558.2	1.1502e-06
558.4	1.0953e-06
558.6	1.043e-06
558.8	9.9319e-07
559.0	9.4578e-07
559.2	9.0064e-07
559.4	8.5764e-07
559.6	8.1671e-07
559.8	7.7772e-07
560.0	7.406e-07
560.2	6.8137e-07
560.4	6.2278e-07
560.6	5.6923e-07
560.8	5.2029e-07
561.0	4.7555e-07
561.2	4.3466e-07
561.4	3.9728e-07
561.6	3.6312e-07
561.8	3.319e-07
562.0	3.0336e-07
562.2	2.7728e-07
562.4	2.5343e-07
562.6	2.3164e-07
562.8	2.1172e-07
563.0	1.9352e-07
563.2	1.7688e-07
563.4	1.6167e-07
563.6	1.4777e-07
563.8	1.3506e-07
564.0	1.2345e-07
564.2	1.151e-07
564.4	1.0796e-07
564.6	1.0125e-07
564.8	9.4969e-08
565.0	8.9073e-08
565.2	8.3544e-08
565.4	7.8358e-08
565.6	7.3494e-08
565.8	6.8932e-08
566.0	6.4653e-08
566.2	6.0639e-08
566.4	5.6875e-08
566.6	5.3344e-08
566.8	5.0033e-08
567.0	4.6927e-08
567.2	4.455e-08
567.4	4.2293e-08
567.6	4.0151e-08
567.8	3.8117e-08
568.0	3.6187e-08
568.2	3.4354e-08
568.4	3.2613e-08
568.6	3.0961e-08
568.8	2.9393e-08
569.0	2.7904e-08
569.2	2.6491e-08
569.4	2.5149e-08
569.6	2.3875e-08
569.8	2.2666e-08
570.0	2.1518e-08
570.2	2.2063e-08
570.4	2.2873e-08
570.6	2.3713e-08
570.8	2.4583e-08
571.0	2.5486e-08
571.2	2.6421e-08
571.4	2.7391e-08
571.6	2.8397e-08
571.8	2.9439e-08
572.0	3.052e-08
572.2	3.164e-08
572.4	3.2801e-08
572.6	3.4006e-08
572.8	3.5254e-08
573.0	3.6548e-08
573.2	3.789e-08
573.4	3.9281e-08
573.6	4.0722e-08
573.8	4.2217e-08
574.0	4.3767e-08
574.2	4.3406e-08
574.4	4.2631e-08
574.6	4.187e-08
574.8	4.1122e-08
575.0	4.0388e-08
575.2	3.9667e-08
575.4	3.8958e-08
575.6	3.8263e-08
575.8	3.758e-08
576.0	3.6909e-08
576.2	3.625e-08
576.4	3.5602e-08
576.6	3.4967e-08
576.8	3.4342e-08
577.0	3.3729e-08
577.2	3.3841e-08
577.4	3.3953e-08
577.6	3.4065e-08
577.8	3.4178e-08
578.0	3.4291e-08
578.2	3.4404e-08
578.4	3.4518e-08
578.6	3.4632e-08
578.8	3.4747e-08
579.0	3.4862e-08
579.2	3.4977e-08
579.4	3.5093e-08
579.6	3.5209e-08
579.8	3.5326e-08
580.0	3.5442e-08
580.2	3.5284e-08
580.4	3.5067e-08
580.6	3.4852e-08
580.8	3.4639e-08
581.0	3.4427e-08
581.2	3.4216e-08
581.4	3.4006e-08
581.6	3.3798e-08
581.8	3.3591e-08
582.0	3.3385e-08
582.2	3.318e-08
582.4	3.2977e-08
582.6	3.2775e-08
582.8	3.2574e-08
583.0	3.2374e-08
583.2	3.2176e-08
583.4	3.1979e-08
583.6	3.1783e-08
583.8	3.1588e-08
584.0	3.1395e-08
584.2	3.1401e-08
584.4	3.1462e-08
584.6	3.1523e-08
584.8	3.1584e-08
585.0	3.1645e-08
585.2	3.1707e-08
585.4	3.1768e-08
585.6	3.183e-08
585.8	3.1892e-08
586.0	3.1953e-08
586.2	3.2015e-08
586.4	3.2078e-08
586.6	3.214e-08
586.8	3.2202e-08
587.0	3.2265e-08
587.2	3.2703e-08
587.4	3.3148e-08
587.6	3.3598e-08
587.8	3.4055e-08
588.0	3.4517e-08
588.2	3.4987e-08
588.4	3.5462e-08
588.6	3.5944e-08
588.8	3.6432e-08
589.0	3.6928e-08
589.2	3.7429e-08
589.4	3.7938e-08
589.6	3.8454e-08
589.8	3.8976e-08
590.0	3.9506e-08
590.2	4.0225e-08
590.4	4.099e-08
590.6	4.177e-08
590.8	4.2564e-08
591.0	4.3373e-08
591.2	4.4198e-08
591.4	4.5039e-08
591.6	4.5895e-08
591.8	4.6768e-08
592.0	4.7658e-08
592.2	4.8564e-08
592.4	4.9488e-08
592.6	5.0429e-08
592.8	5.1388e-08
593.0	5.2365e-08
593.2	5.3361e-08
593.4	5.4376e-08
593.6	5.541e-08
593.8	5.6464e-08
594.0	5.7537e-08
594.2	5.7879e-08
594.4	5.8058e-08
594.6	5.8238e-08
594.8	5.8418e-08
595.0	5.8599e-08
595.2	5.878e-08
595.4	5.8962e-08
595.6	5.9144e-08
595.8	5.9327e-08
596.0	5.951e-08
596.2	5.9694e-08
596.4	5.9879e-08
596.6	6.0064e-08
596.8	6.025e-08
597.0	6.0436e-08
597.2	5.9512e-08
597.4	5.8602e-08
597.6	5.7706e-08
597.8	5.6823e-08
598.0	5.5955e-08
598.2	5.5099e-08
598.4	5.4256e-08
598.6	5.3427e-08
598.8	5.261e-08
599.0	5.1805e-08
599.2	5.1013e-08
599.4	5.0233e-08
599.6	4.9465e-08
599.8	4.8708e-08
600.0	4.7963e-08
600.2	4.8523e-08
600.4	4.9314e-08
600.6	5.0118e-08
600.8	5.0936e-08
601.0	5.1766e-08
601.2	5.2611e-08
601.4	5.3469e-08
601.6	5.4341e-08
601.8	5.5227e-08
602.0	5.6127e-08
602.2	5.7043e-08
602.4	5.7973e-08
602.6	5.8918e-08
602.8	5.9879e-08
603.0	6.0856e-08
603.2	6.1848e-08
603.4	6.2857e-08
603.6	6.3882e-08
603.8	6.4924e-08
604.0	6.5982e-08
604.2	6.6333e-08
604.4	6.6543e-08
604.6	6.6753e-08
604.8	6.6964e-08
605.0	6.7176e-08
605.2	6.7388e-08
605.4	6.7601e-08
605.6	6.7814e-08
605.8	6.8029e-08
606.0	6.8244e-08
606.2	6.8459e-08
606.4	6.8675e-08
606.6	6.8892e-08
606.8	6.911e-08
607.0	6.9328e-08
607.2	6.8387e-08
607.4	6.7457e-08
607.6	6.6541e-08
607.8	6.5637e-08
608.0	6.4745e-08
608.2	6.3865e-08
608.4	6.2998e-08
608.6	6.2142e-08
608.8	6.1297e-08
609.0	6.0465e-08
609.2	5.9643e-08
609.4	5.8833e-08
609.6	5.8033e-08
609.8	5.7245e-08
610.0	5.6467e-08
610.2	5.7437e-08
610.4	5.8818e-08
610.6	6.0233e-08
610.8	6.1682e-08
611.0	6.3165e-08
611.2	6.4684e-08
611.4	6.624e-08
611.6	6.7833e-08
611.8	6.9465e-08
612.0	7.1136e-08
612.2	7.2847e-08
612.4	7.4599e-08
612.6	7.6393e-08
612.8	7.823e-08
613.0	8.0112e-08
613.2	8.2039e-08
613.4	8.4012e-08
613.6	8.6032e-08
613.8	8.8101e-08
614.0	9.022e-08
614.2	8.1647e-08
614.4	7.1843e-08
614.6	6.3217e-08
614.8	5.5627e-08
615.0	4.8947e-08
615.2	4.307e-08
615.4	3.7899e-08
615.6	3.3348e-08
615.8	2.9344e-08
616.0	2.5821e-08
616.2	2.272e-08
616.4	1.9992e-08
616.6	1.7592e-08
616.8	1.548e-08
617.0	1.3621e-08
617.2	1.3664e-08
617.4	3.2847e-08
617.6	6.1874e-08
617.8	3.9445e-08
618.0	1.3543e-08
618.2	1.3615e-08
618.4	4.6007e-08
618.6	4.1096e-08
618.8	2.9903e-08
619.0	6.6198e-08
619.2	1.3501e-07
619.4	1.2738e-07
619.6	9.5657e-08
619.8	9.8806e-08
620.0	2.9828e-08
620.2	4.5047e-08
620.4	7.8421e-08
620.6	1.0784e-07
620.8	1.1121e-07
621.0	1.3305e-07
621.2	1.7331e-07
621.4	1.2846e-07
621.6	1.8095e-07
621.8	2.5257e-07
622.0	2.7074e-07
622.2	2.2626e-07
622.4	3.3425e-07
622.6	3.9638e-07
622.8	3.8592e-07
623.0	5.2273e-07
623.2	6.4191e-07
623.4	6.8023e-07
623.6	7.384e-07
623.8	8.5732e-07
624.0	9.764e-07
624.2	1.2198e-06
624.4	1.3789e-06
624.6	1.6184e-06
624.8	2.0036e-06
625.0	2.2525e-06
625.2	2.7627e-06
625.4	3.267e-06
625.6	4.1112e-06
625.8	4.9603e-06
626.0	5.862e-06
626.2	7.0598e-06
626.4	8.5096e-06
626.6	1.0525e-05
626.8	1.3038e-05
627.0	1.5988e-05
627.2	1.9843e-05
627.4	2.4691e-05
627.6	3.0548e-05
627.8	3.8238e-05
628.0	4.842e-05
628.2	6.1913e-05
628.4	7.8565e-05
628.6	1.006e-04
628.8	1.322e-04
629.0	1.771e-04
629.2	2.2407e-04
629.4	2.9221e-04
629.6	3.9448e-04
629.8	5.4761e-04
630.0	7.39e-04
630.2	9.9942e-04
630.4	0.00138
630.6	0.00192
630.8	0.00266
631.0	0.00382
631.2	0.00523
631.4	0.00761
631.6	0.01123
631.8	0.0169
632.0	0.02587
632.2	0.04022
632.4	0.06381
632.6	0.13553
632.8	0.2146
633.0	0.33333
633.2	0.49109
633.4	0.66521
633.6	0.81591
633.8	0.91434
634.0	0.96271
634.2	0.97845
634.4	0.9799
634.6	0.97807
634.8	0.97692
635.0	0.97742
635.2	0.98013
635.4	0.98255
635.6	0.98488
635.8	0.9865
636.0	0.98742
636.2	0.98681
636.4	0.98687
636.6	0.98588
636.8	0.98547
637.0	0.98446
637.2	0.98381
637.4	0.98468
637.6	0.98449
637.8	0.98573
638.0	0.98649
638.2	0.98711
638.4	0.98817
638.6	0.98886
638.8	0.98885
639.0	0.98897
639.2	0.9895
639.4	0.98967
639.6	0.98891
639.8	0.98901
640.0	0.98841
640.2	0.98904
640.4	0.98925
640.6	0.98973
640.8	0.9895
641.0	0.98936
641.2	0.98932
641.4	0.98959
641.6	0.99014
641.8	0.99022
642.0	0.99097
642.2	0.99104
642.4	0.99138
642.6	0.99118
642.8	0.99093
643.0	0.98952
643.2	0.98906
643.4	0.98843
643.6	0.98752
643.8	0.98631
644.0	0.98548
644.2	0.98378
644.4	0.98371
644.6	0.98292
644.8	0.98209
645.0	0.98241
645.2	0.9823
645.4	0.98296
645.6	0.98395
645.8	0.98467
646.0	0.9856
646.2	0.98524
646.4	0.98544
646.6	0.9843
646.8	0.98241
647.0	0.98084
647.2	0.97946
647.4	0.97988
647.6	0.98
647.8	0.97891
648.0	0.97118
648.2	0.94664
648.4	0.88788
648.6	0.77332
648.8	0.62455
649.0	0.46523
649.2	0.32432
649.4	0.21638
649.6	0.14158
649.8	0.09221
650.0	0.05943
650.2	0.03914
650.4	0.02631
650.6	0.01788
650.8	0.01237
651.0	0.00867
651.2	0.00618
651.4	0.00448
651.6	0.00326
651.8	0.00238
652.0	0.00175
652.2	0.00131
652.4	9.9059e-04
652.6	7.4365e-04
652.8	5.3522e-04
653.0	4.1257e-04
653.2	3.1709e-04
653.4	2.4805e-04
653.6	1.937e-04
653.8	1.5335e-04
654.0	1.2229e-04
654.2	9.6511e-05
654.4	7.7347e-05
654.6	6.2638e-05
654.8	5.0781e-05
655.0	4.0876e-05
655.2	3.3853e-05
655.4	2.7428e-05
655.6	2.2646e-05
655.8	1.8627e-05
656.0	1.5357e-05
656.2	1.2839e-05
656.4	1.084e-05
656.6	9.1422e-06
656.8	7.7864e-06
657.0	6.4565e-06
657.2	5.2585e-06
657.4	4.3699e-06
657.6	3.754e-06
657.8	3.2213e-06
658.0	2.8401e-06
658.2	2.4966e-06
658.4	2.0943e-06
658.6	1.8454e-06
658.8	1.6645e-06
659.0	1.3987e-06
659.2	1.1295e-06
659.4	9.7709e-07
659.6	8.1925e-07
659.8	6.7108e-07
660.0	6.0555e-07
660.2	5.5923e-07
660.4	4.7863e-07
660.6	5.1025e-07
660.8	4.172e-07
661.0	3.7105e-07
661.2	3.1801e-07
661.4	2.5202e-07
661.6	2.2116e-07
661.8	2.2104e-07
662.0	2.9992e-07
662.2	2.4129e-07
662.4	1.8812e-07
662.6	2.12e-07
662.8	2.3204e-07
663.0	1.7929e-07
663.2	1.5856e-07
663.4	6.9452e-08
663.6	1.181e-07
663.8	9.1512e-08
664.0	7.7947e-08
664.2	1.1447e-07
664.4	1.2556e-07
664.6	1.0154e-07
664.8	9.1803e-08
665.0	9.1943e-08
665.2	9.2681e-08
665.4	9.3425e-08
665.6	9.4175e-08
665.8	9.4931e-08
666.0	9.5693e-08
666.2	9.6462e-08
666.4	9.7236e-08
666.6	9.8017e-08
666.8	9.8804e-08
667.0	9.9597e-08
667.2	1.004e-07
667.4	1.012e-07
667.6	1.0202e-07
667.8	1.0283e-07
668.0	1.0366e-07
668.2	1.024e-07
668.4	1.0058e-07
668.6	9.879e-08
668.8	9.7033e-08
669.0	9.5307e-08
669.2	9.3612e-08
669.4	9.1947e-08
669.6	9.0312e-08
669.8	8.8705e-08
670.0	8.7128e-08
670.2	8.5578e-08
670.4	8.4056e-08
670.6	8.2561e-08
670.8	8.1093e-08
671.0	7.9651e-08
671.2	7.8234e-08
671.4	7.6843e-08
671.6	7.5476e-08
671.8	7.4134e-08
672.0	7.2815e-08
672.2	7.2237e-08
672.4	7.1794e-08
672.6	7.1354e-08
672.8	7.0916e-08
673.0	7.0482e-08
673.2	7.005e-08
673.4	6.9621e-08
673.6	6.9194e-08
673.8	6.877e-08
674.0	6.8348e-08
674.2	6.7929e-08
674.4	6.7513e-08
674.6	6.7099e-08
674.8	6.6688e-08
675.0	6.6279e-08
675.2	6.6235e-08
675.4	6.6191e-08
675.6	6.6147e-08
675.8	6.6103e-08
676.0	6.6058e-08
676.2	6.6014e-08
676.4	6.597e-08
676.6	6.5926e-08
676.8	6.5882e-08
677.0	6.5838e-08
677.2	6.5794e-08
677.4	6.5751e-08
677.6	6.5707e-08
677.8	6.5663e-08
678.0	6.5619e-08
678.2	6.5254e-08
678.4	6.4793e-08
678.6	6.4335e-08
678.8	6.388e-08
679.0	6.3428e-08
679.2	6.298e-08
679.4	6.2535e-08
679.6	6.2093e-08
679.8	6.1654e-08
680.0	6.1218e-08
680.2	6.0785e-08
680.4	6.0356e-08
680.6	5.9929e-08
680.8	5.9506e-08
681.0	5.9085e-08
681.2	5.8667e-08
681.4	5.8253e-08
681.6	5.7841e-08
681.8	5.7432e-08
682.0	5.7026e-08
682.2	5.7252e-08
682.4	5.7591e-08
682.6	5.7932e-08
682.8	5.8275e-08
683.0	5.8621e-08
683.2	5.8968e-08
683.4	5.9317e-08
683.6	5.9668e-08
683.8	6.0022e-08
684.0	6.0377e-08
684.2	6.0735e-08
684.4	6.1095e-08
684.6	6.1457e-08
684.8	6.1821e-08
685.0	6.2187e-08
685.2	6.3502e-08
685.4	6.4844e-08
685.6	6.6215e-08
685.8	6.7615e-08
686.0	6.9045e-08
686.2	7.0505e-08
686.4	7.1995e-08
686.6	7.3518e-08
686.8	7.5072e-08
687.0	7.6659e-08
687.2	7.828e-08
687.4	7.9935e-08
687.6	8.1625e-08
687.8	8.3351e-08
688.0	8.5113e-08
688.2	8.4372e-08
688.4	8.3e-08
688.6	8.1651e-08
688.8	8.0323e-08
689.0	7.9017e-08
689.2	7.7732e-08
689.4	7.6468e-08
689.6	7.5225e-08
689.8	7.4002e-08
690.0	7.2798e-08
690.2	7.1615e-08
690.4	7.045e-08
690.6	6.9305e-08
690.8	6.8178e-08
691.0	6.7069e-08
691.2	6.5978e-08
691.4	6.4906e-08
691.6	6.385e-08
691.8	6.2812e-08
692.0	6.1791e-08
692.2	6.1332e-08
692.4	6.0945e-08
692.6	6.056e-08
692.8	6.0178e-08
693.0	5.9798e-08
693.2	5.942e-08
693.4	5.9045e-08
693.6	5.8672e-08
693.8	5.8301e-08
694.0	5.7933e-08
694.2	5.7567e-08
694.4	5.7203e-08
694.6	5.6842e-08
694.8	5.6483e-08
695.0	5.6126e-08
695.2	5.4935e-08
695.4	5.3769e-08
695.6	5.2628e-08
695.8	5.1511e-08
696.0	5.0417e-08
696.2	4.9347e-08
696.4	4.83e-08
696.6	4.7275e-08
696.8	4.6271e-08
697.0	4.5289e-08
697.2	4.4328e-08
697.4	4.3387e-08
697.6	4.2466e-08
697.8	4.1565e-08
698.0	4.0683e-08
698.2	4.1547e-08
698.4	4.2987e-08
698.6	4.4477e-08
698.8	4.6019e-08
699.0	4.7614e-08
699.2	4.9264e-08
699.4	5.0972e-08
699.6	5.2738e-08
699.8	5.4566e-08
700.0	5.6458e-08
700.2	5.8415e-08
700.4	6.0439e-08
700.6	6.2534e-08
700.8	6.4702e-08
701.0	6.6945e-08
701.2	6.9265e-08
701.4	7.1666e-08
701.6	7.415e-08
701.8	7.672e-08
702.0	7.9379e-08
702.2	7.938e-08
702.4	7.8977e-08
702.6	7.8577e-08
702.8	7.8178e-08
703.0	7.7782e-08
703.2	7.7387e-08
703.4	7.6995e-08
703.6	7.6604e-08
703.8	7.6216e-08
704.0	7.5829e-08
704.2	7.5445e-08
704.4	7.5062e-08
704.6	7.4682e-08
704.8	7.4303e-08
705.0	7.3926e-08
705.2	7.404e-08
705.4	7.4153e-08
705.6	7.4267e-08
705.8	7.4381e-08
706.0	7.4495e-08
706.2	7.4609e-08
706.4	7.4724e-08
706.6	7.4838e-08
706.8	7.4953e-08
707.0	7.5068e-08
707.2	7.5184e-08
707.4	7.5299e-08
707.6	7.5414e-08
707.8	7.553e-08
708.0	7.5646e-08
708.2	7.4967e-08
708.4	7.4027e-08
708.6	7.3099e-08
708.8	7.2182e-08
709.0	7.1277e-08
709.2	7.0383e-08
709.4	6.95e-08
709.6	6.8629e-08
709.8	6.7768e-08
710.0	6.6918e-08
710.2	6.6079e-08
710.4	6.525e-08
710.6	6.4432e-08
710.8	6.3624e-08
711.0	6.2826e-08
711.2	6.2038e-08
711.4	6.126e-08
711.6	6.0491e-08
711.8	5.9733e-08
712.0	5.8984e-08
712.2	5.8208e-08
712.4	5.7437e-08
712.6	5.6676e-08
712.8	5.5925e-08
713.0	5.5184e-08
713.2	5.4453e-08
713.4	5.3732e-08
713.6	5.302e-08
713.8	5.2318e-08
714.0	5.1625e-08
714.2	5.0941e-08
714.4	5.0266e-08
714.6	4.96e-08
714.8	4.8943e-08
715.0	4.8295e-08
715.2	4.7655e-08
715.4	4.7024e-08
715.6	4.6401e-08
715.8	4.581e-08
716.0	4.5238e-08
716.2	4.4674e-08
716.4	4.4117e-08
716.6	4.3566e-08
716.8	4.3023e-08
717.0	4.2486e-08
717.2	4.1956e-08
717.4	4.1432e-08
717.6	4.0916e-08
717.8	4.0405e-08
718.0	3.9901e-08
718.2	3.9403e-08
718.4	3.8911e-08
718.6	3.8426e-08
718.8	3.7947e-08
719.0	3.7473e-08
719.2	3.7118e-08
719.4	3.68e-08
719.6	3.6485e-08
719.8	3.6172e-08
720.0	3.5862e-08
720.2	3.5555e-08
720.4	3.525e-08
720.6	3.4948e-08
720.8	3.4649e-08
721.0	3.4352e-08
721.2	3.4058e-08
721.4	3.3766e-08
721.6	3.3476e-08
721.8	3.319e-08
722.0	3.2905e-08
722.2	3.2623e-08
722.4	3.2344e-08
722.6	3.2066e-08
722.8	3.1792e-08
723.0	3.1519e-08
723.2	3.25e-08
723.4	3.3651e-08
723.6	3.4841e-08
723.8	3.6074e-08
724.0	3.7351e-08
724.2	3.8673e-08
724.4	4.0041e-08
724.6	4.1458e-08
724.8	4.2925e-08
725.0	4.4444e-08
725.2	4.7652e-08
725.4	5.1091e-08
725.6	5.4778e-08
725.8	5.8731e-08
726.0	6.2969e-08
726.2	6.7513e-08
726.4	7.2385e-08
726.6	7.7609e-08
726.8	8.321e-08
727.0	8.9215e-08
727.2	9.5653e-08
727.4	1.0256e-07
727.6	1.0996e-07
727.8	1.1789e-07
728.0	1.264e-07
728.2	1.3552e-07
728.4	1.453e-07
728.6	1.5579e-07
728.8	1.6703e-07
729.0	1.7908e-07
729.2	1.9201e-07
729.4	2.0586e-07
729.6	2.2072e-07
729.8	2.3303e-07
730.0	2.2879e-07
730.2	2.2462e-07
730.4	2.2053e-07
730.6	2.1651e-07
730.8	2.1257e-07
731.0	2.0869e-07
731.2	2.0489e-07
731.4	2.0116e-07
731.6	1.975e-07
731.8	1.939e-07
732.0	1.9037e-07
732.2	1.869e-07
732.4	1.8349e-07
732.6	1.8015e-07
732.8	1.7687e-07
733.0	1.7365e-07
733.2	1.7048e-07
733.4	1.6738e-07
733.6	1.6433e-07
733.8	1.6353e-07
734.0	1.6652e-07
734.2	1.6956e-07
734.4	1.7265e-07
734.6	1.758e-07
734.8	1.7902e-07
735.0	1.8228e-07
735.2	1.8561e-07
735.4	1.89e-07
735.6	1.9245e-07
735.8	1.9597e-07
736.0	1.9955e-07
736.2	2.0319e-07
736.4	2.069e-07
736.6	2.1068e-07
736.8	2.1453e-07
737.0	2.1844e-07
737.2	2.2243e-07
737.4	2.2649e-07
737.6	2.3063e-07
737.8	2.0927e-07
738.0	1.7469e-07
738.2	1.6497e-07
738.4	1.558e-07
738.6	1.4713e-07
738.8	1.3895e-07
739.0	1.3122e-07
739.2	1.2417e-07
739.4	1.2264e-07
739.6	1.2112e-07
739.8	1.1962e-07
740.0	1.1814e-07
740.2	1.1668e-07
740.4	1.1524e-07
740.6	1.1381e-07
740.8	1.124e-07
741.0	1.1101e-07
741.2	1.0964e-07
741.4	1.0828e-07
741.6	1.0694e-07
741.8	1.0562e-07
742.0	1.0432e-07
742.2	1.0302e-07
742.4	1.0175e-07
742.6	1.0049e-07
742.8	9.9249e-08
743.0	9.8021e-08
743.2	9.8073e-08
743.4	1.0532e-07
743.6	1.1309e-07
743.8	1.2144e-07
744.0	1.3041e-07
744.2	1.4004e-07
744.4	1.5039e-07
744.6	1.6149e-07
744.8	1.7342e-07
745.0	1.8622e-07
745.2	1.9998e-07
745.4	2.1474e-07
745.6	2.306e-07
745.8	2.4763e-07
746.0	2.6592e-07
746.2	2.8556e-07
746.4	3.0665e-07
746.6	3.2929e-07
746.8	3.5361e-07
747.0	3.7972e-07
747.2	3.9427e-07
747.4	3.7625e-07
747.6	3.5906e-07
747.8	3.4265e-07
748.0	3.2698e-07
748.2	3.1204e-07
748.4	2.9778e-07
748.6	2.8417e-07
748.8	2.7118e-07
749.0	2.5878e-07
749.2	2.4696e-07
749.4	2.3567e-07
749.6	2.249e-07
749.8	2.1462e-07
750.0	2.0481e-07
750.2	1.9545e-07
750.4	1.8651e-07
750.6	1.7799e-07
750.8	1.6985e-07
751.0	1.6209e-07
751.2	1.5874e-07
751.4	1.6114e-07
751.6	1.6356e-07
751.8	1.6603e-07
752.0	1.6853e-07
752.2	1.7107e-07
752.4	1.7365e-07
752.6	1.7626e-07
752.8	1.7892e-07
753.0	1.8162e-07
753.2	1.8435e-07
753.4	1.8713e-07
753.6	1.8995e-07
753.8	1.9281e-07
754.0	1.9572e-07
754.2	1.9867e-07
754.4	2.0166e-07
754.6	2.047e-07
754.8	2.0778e-07
755.0	2.1091e-07
755.2	2.1293e-07
755.4	2.1409e-07
755.6	2.1525e-07
755.8	2.1641e-07
756.0	2.1759e-07
756.2	2.1877e-07
756.4	2.1995e-07
756.6	2.2114e-07
756.8	2.2234e-07
757.0	2.2355e-07
757.2	2.2476e-07
757.4	2.2598e-07
757.6	2.272e-07
757.8	2.2844e-07
758.0	2.2967e-07
758.2	2.3092e-07
758.4	2.3217e-07
758.6	2.3343e-07
758.8	2.347e-07
759.0	2.3597e-07
759.2	2.3426e-07
759.4	2.3148e-07
759.6	2.2873e-07
759.8	2.2601e-07
760.0	2.2332e-07
760.2	2.2067e-07
760.4	2.1805e-07
760.6	2.1545e-07
760.8	2.1289e-07
761.0	2.1036e-07
761.2	2.0787e-07
761.4	2.054e-07
761.6	2.0295e-07
761.8	2.0054e-07
762.0	1.9816e-07
762.2	1.9581e-07
762.4	1.9348e-07
762.6	1.9118e-07
762.8	1.8891e-07
763.0	1.8666e-07
763.2	1.8608e-07
763.4	1.8567e-07
763.6	1.8526e-07
763.8	1.8485e-07
764.0	1.8444e-07
764.2	1.8404e-07
764.4	1.8363e-07
764.6	1.8323e-07
764.8	1.8282e-07
765.0	1.8242e-07
765.2	1.8202e-07
765.4	1.8162e-07
765.6	1.8122e-07
765.8	1.8082e-07
766.0	1.8042e-07
766.2	1.8002e-07
766.4	1.7962e-07
766.6	1.7923e-07
766.8	1.7883e-07
767.0	1.7816e-07
767.2	1.7474e-07
767.4	1.7138e-07
767.6	1.6809e-07
767.8	1.6486e-07
768.0	1.6169e-07
768.2	1.5858e-07
768.4	1.5553e-07
768.6	1.5254e-07
768.8	1.4961e-07
769.0	1.4673e-07
769.2	1.4391e-07
769.4	1.4115e-07
769.6	1.3844e-07
769.8	1.3577e-07
770.0	1.3316e-07
770.2	1.3061e-07
770.4	1.281e-07
770.6	1.2563e-07
770.8	1.2322e-07
771.0	1.2244e-07
771.2	1.2564e-07
771.4	1.2892e-07
771.6	1.3229e-07
771.8	1.3574e-07
772.0	1.3929e-07
772.2	1.4293e-07
772.4	1.4666e-07
772.6	1.5049e-07
772.8	1.5442e-07
773.0	1.5845e-07
773.2	1.6259e-07
773.4	1.6683e-07
773.6	1.7119e-07
773.8	1.7566e-07
774.0	1.8025e-07
774.2	1.8496e-07
774.4	1.8979e-07
774.6	1.9474e-07
774.8	1.9983e-07
775.0	2.0372e-07
775.2	2.0635e-07
775.4	2.0901e-07
775.6	2.1171e-07
775.8	2.1444e-07
776.0	2.172e-07
776.2	2.2e-07
776.4	2.2284e-07
776.6	2.2571e-07
776.8	2.2862e-07
777.0	2.3157e-07
777.2	2.3456e-07
777.4	2.3758e-07
777.6	2.4065e-07
777.8	2.4375e-07
778.0	2.469e-07
778.2	2.5008e-07
778.4	2.533e-07
778.6	2.5657e-07
778.8	2.5988e-07
779.0	2.6253e-07
779.2	2.6492e-07
779.4	2.6734e-07
779.6	2.6978e-07
779.8	2.7224e-07
780.0	2.7472e-07
780.2	2.7723e-07
780.4	2.7976e-07
780.6	2.8231e-07
780.8	2.8489e-07
781.0	2.8749e-07
781.2	2.9011e-07
781.4	2.9276e-07
781.6	2.9543e-07
781.8	2.9813e-07
782.0	3.0085e-07
782.2	3.0359e-07
782.4	3.0636e-07
782.6	3.0916e-07
782.8	3.1198e-07
783.0	3.0419e-07
783.2	2.9612e-07
783.4	2.8826e-07
783.6	2.8062e-07
783.8	2.7317e-07
784.0	2.6592e-07
784.2	2.5887e-07
784.4	2.52e-07
784.6	2.4531e-07
784.8	2.3881e-07
785.0	2.3247e-07
785.2	2.263e-07
785.4	2.203e-07
785.6	2.1445e-07
785.8	2.0876e-07
786.0	2.0322e-07
786.2	1.9783e-07
786.4	1.9258e-07
786.6	1.8747e-07
786.8	1.8349e-07
787.0	1.8351e-07
787.2	1.8353e-07
787.4	1.8356e-07
787.6	1.8358e-07
787.8	1.836e-07
788.0	1.8362e-07
788.2	1.8365e-07
788.4	1.8367e-07
788.6	1.8369e-07
788.8	1.8371e-07
789.0	1.8374e-07
789.2	1.8376e-07
789.4	1.8378e-07
789.6	1.838e-07
789.8	1.8383e-07
790.0	1.8385e-07
790.2	1.8387e-07
790.4	1.8389e-07
790.6	1.8392e-07
790.8	1.8273e-07
791.0	1.8012e-07
791.2	1.7755e-07
791.4	1.7501e-07
791.6	1.7251e-07
791.8	1.7005e-07
792.0	1.6762e-07
792.2	1.6523e-07
792.4	1.6287e-07
792.6	1.6055e-07
792.8	1.5825e-07
793.0	1.5599e-07
793.2	1.5377e-07
793.4	1.5157e-07
793.6	1.4941e-07
793.8	1.4727e-07
794.0	1.4517e-07
794.2	1.431e-07
794.4	1.4105e-07
794.6	1.3904e-07
794.8	1.3662e-07
795.0	1.3408e-07
795.2	1.3241e-07
795.4	1.3077e-07
795.6	1.3138e-07
795.8	1.3224e-07
796.0	1.3311e-07
796.2	1.3397e-07
796.4	1.3485e-07
796.6	1.3573e-07
796.8	1.3662e-07
797.0	1.3751e-07
797.2	1.3841e-07
797.4	1.3931e-07
797.6	1.4022e-07
797.8	1.4113e-07
798.0	1.4206e-07
798.2	1.4298e-07
798.4	1.4392e-07
798.6	1.4486e-07
798.8	1.458e-07
799.0	1.4676e-07
799.2	1.4771e-07
799.4	1.4921e-07
799.6	1.5287e-07
799.8	1.5662e-07
800.0	1.6046e-07
800.2	1.644e-07
800.4	1.6844e-07
800.6	1.7257e-07
800.8	1.7681e-07
801.0	1.8115e-07
801.2	1.8559e-07
801.4	1.9015e-07
801.6	1.9481e-07
801.8	1.996e-07
802.0	2.045e-07
802.2	2.0951e-07
802.4	2.1466e-07
802.6	2.1992e-07
802.8	2.2532e-07
803.0	2.3085e-07
803.2	2.4296e-07
803.4	2.557e-07
803.6	2.6911e-07
803.8	2.8322e-07
804.0	2.9808e-07
804.2	3.1371e-07
804.4	3.3016e-07
804.6	3.4748e-07
804.8	3.657e-07
805.0	3.8488e-07
805.2	3.9995e-07
805.4	4.0346e-07
805.6	4.0701e-07
805.8	4.1059e-07
806.0	4.142e-07
806.2	4.1784e-07
806.4	4.2152e-07
806.6	4.2522e-07
806.8	4.2896e-07
807.0	4.3273e-07
807.2	4.3654e-07
807.4	4.4038e-07
807.6	4.4425e-07
807.8	4.4816e-07
808.0	4.521e-07
808.2	4.5607e-07
808.4	4.6008e-07
808.6	4.6413e-07
808.8	4.6821e-07
809.0	4.7232e-07
809.2	4.7234e-07
809.4	4.6864e-07
809.6	4.6497e-07
809.8	4.6132e-07
810.0	4.5771e-07
810.2	4.5412e-07
810.4	4.5056e-07
810.6	4.4703e-07
810.8	4.4353e-07
811.0	4.4006e-07
811.2	4.3661e-07
811.4	4.3319e-07
811.6	4.2979e-07
811.8	4.2642e-07
812.0	4.2308e-07
812.2	4.1977e-07
812.4	4.1648e-07
812.6	4.1322e-07
812.8	4.0998e-07
813.0	4.0677e-07
813.2	4.072e-07
813.4	4.0875e-07
813.6	4.1031e-07
813.8	4.1187e-07
814.0	4.1344e-07
814.2	4.1502e-07
814.4	4.166e-07
814.6	4.1819e-07
814.8	4.1978e-07
815.0	4.2138e-07
815.2	4.2299e-07
815.4	4.246e-07
815.6	4.2622e-07
815.8	4.2784e-07
816.0	4.2947e-07
816.2	4.3111e-07
816.4	4.3275e-07
816.6	4.344e-07
816.8	4.3605e-07
817.0	4.377e-07
817.2	4.3805e-07
817.4	4.3839e-07
817.6	4.3874e-07
817.8	4.3908e-07
818.0	4.3943e-07
818.2	4.3977e-07
818.4	4.4012e-07
818.6	4.4046e-07
818.8	4.4081e-07
819.0	4.4116e-07
819.2	4.415e-07
819.4	4.4185e-07
819.6	4.422e-07
819.8	4.4255e-07
820.0	4.4289e-07
820.2	4.4324e-07
820.4	4.4359e-07
820.6	4.4394e-07
820.8	4.4429e-07
821.0	4.4397e-07
821.2	4.4186e-07
821.4	4.3975e-07
821.6	4.3766e-07
821.8	4.3557e-07
822.0	4.3349e-07
822.2	4.3143e-07
822.4	4.2937e-07
822.6	4.2733e-07
822.8	4.2529e-07
823.0	4.2327e-07
823.2	4.2125e-07
823.4	4.1924e-07
823.6	4.1725e-07
823.8	4.1526e-07
824.0	4.1328e-07
824.2	4.1131e-07
824.4	4.0935e-07
824.6	4.074e-07
824.8	4.0546e-07
825.0	2.2879e-07
825.2	1.0461e-07
825.4	1.085e-07
825.6	1.1253e-07
825.8	1.1672e-07
826.0	1.2106e-07
826.2	1.2556e-07
826.4	1.3024e-07
826.6	1.3508e-07
826.8	1.4011e-07
827.0	1.4532e-07
827.2	1.5072e-07
827.4	1.5633e-07
827.6	1.6215e-07
827.8	1.6818e-07
828.0	1.7443e-07
828.2	1.8092e-07
828.4	1.8765e-07
828.6	1.9463e-07
828.8	2.0187e-07
829.0	2.0938e-07
829.2	2.1267e-07
829.4	2.1218e-07
829.6	2.1169e-07
829.8	2.112e-07
830.0	2.1072e-07
830.2	2.1023e-07
830.4	2.0975e-07
830.6	2.0927e-07
830.8	2.0879e-07
831.0	2.0831e-07
831.2	2.0783e-07
831.4	2.0735e-07
831.6	2.0688e-07
831.8	2.064e-07
832.0	2.0593e-07
832.2	2.0545e-07
832.4	2.0498e-07
832.6	2.0451e-07
832.8	2.0404e-07
833.0	2.0357e-07
833.2	2.031e-07
833.4	2.0264e-07
833.6	2.0217e-07
833.8	2.0171e-07
834.0	2.0124e-07
834.2	2.0241e-07
834.4	2.0493e-07
834.6	2.0748e-07
834.8	2.1007e-07
835.0	2.1268e-07
835.2	2.1533e-07
835.4	2.1801e-07
835.6	2.2073e-07
835.8	2.2348e-07
836.0	2.2626e-07
836.2	2.2908e-07
836.4	2.3193e-07
836.6	2.3482e-07
836.8	2.3775e-07
837.0	2.4071e-07
837.2	2.4371e-07
837.4	2.4674e-07
837.6	2.4982e-07
837.8	2.5293e-07
838.0	2.5608e-07
838.2	2.5927e-07
838.4	2.625e-07
838.6	2.6577e-07
838.8	2.6908e-07
839.0	2.7243e-07
839.2	2.7413e-07
839.4	2.7451e-07
839.6	2.7489e-07
839.8	2.7528e-07
840.0	2.7566e-07
840.2	2.7604e-07
840.4	2.7643e-07
840.6	2.7681e-07
840.8	2.7719e-07
841.0	2.7758e-07
841.2	2.7797e-07
841.4	2.7835e-07
841.6	2.7874e-07
841.8	2.7913e-07
842.0	2.7951e-07
842.2	2.799e-07
842.4	2.8029e-07
842.6	2.8068e-07
842.8	2.8107e-07
843.0	2.8146e-07
843.2	2.8185e-07
843.4	2.8224e-07
843.6	2.8264e-07
843.8	2.8303e-07
844.0	2.8342e-07
844.2	2.8934e-07
844.4	3.0028e-07
844.6	3.1164e-07
844.8	3.2342e-07
845.0	3.3565e-07
845.2	3.4834e-07
845.4	3.6151e-07
845.6	3.7518e-07
845.8	3.8937e-07
846.0	4.0409e-07
846.2	4.1937e-07
846.4	4.3522e-07
846.6	4.5168e-07
846.8	4.6876e-07
847.0	4.8648e-07
847.2	5.0487e-07
847.4	5.2396e-07
847.6	5.4378e-07
847.8	5.6434e-07
848.0	5.8567e-07
848.2	6.0782e-07
848.4	6.308e-07
848.6	6.5465e-07
848.8	6.794e-07
849.0	7.0509e-07
849.2	7.2949e-07
849.4	7.5263e-07
849.6	7.7649e-07
849.8	8.0112e-07
850.0	8.2653e-07
850.2	8.5274e-07
850.4	8.7978e-07
850.6	9.0768e-07
850.8	9.3647e-07
851.0	9.6617e-07
851.2	9.9681e-07
851.4	1.0284e-06
851.6	1.061e-06
851.8	1.0947e-06
852.0	1.1294e-06
852.2	1.1652e-06
852.4	1.2022e-06
852.6	1.2403e-06
852.8	1.2796e-06
853.0	1.3202e-06
