Typical Measured Spectrum of Semrock FF01-731/137 Optical Filter	
For wavelengths between 320 and 1120 nm, values near or below 3e-7 (Optical Density 6.5) are measurement noise limited.
For wavelengths < 320 nm and > 1120 nm, values near or below 3e-6 (Optical Density 5.5) are measurement noise limited. 
Data format:  Wavelength (nm) <tab> Transmission (0 to 1)
265.0	2.2616e-06
265.2	2.3527e-06
265.4	2.4474e-06
265.6	2.5459e-06
265.8	2.6484e-06
266.0	2.7551e-06
266.2	2.866e-06
266.4	2.9814e-06
266.6	3.1014e-06
266.8	3.2263e-06
267.0	3.321e-06
267.2	3.0513e-06
267.4	2.8036e-06
267.6	2.576e-06
267.8	2.3668e-06
268.0	2.1747e-06
268.2	1.9981e-06
268.4	1.8359e-06
268.6	1.6868e-06
268.8	1.5499e-06
269.0	1.424e-06
269.2	1.3084e-06
269.4	1.2022e-06
269.6	1.1046e-06
269.8	1.0149e-06
270.0	9.3249e-07
270.2	8.5679e-07
270.4	7.8722e-07
270.6	7.2331e-07
270.8	7.3481e-07
271.0	8.5053e-07
271.2	9.8447e-07
271.4	1.1395e-06
271.6	1.319e-06
271.8	1.5267e-06
272.0	1.7671e-06
272.2	2.0454e-06
272.4	2.3675e-06
272.6	2.7403e-06
272.8	3.1719e-06
273.0	3.6714e-06
273.2	4.2496e-06
273.4	4.9188e-06
273.6	5.6934e-06
273.8	6.59e-06
274.0	7.6278e-06
274.2	8.8291e-06
274.4	1.0219e-05
274.6	6.1072e-06
274.8	3.0615e-06
275.0	1.5347e-06
275.2	1.585e-06
275.4	1.637e-06
275.6	1.5824e-06
275.8	1.4817e-06
276.0	1.3875e-06
276.2	1.2992e-06
276.4	1.2165e-06
276.6	1.1391e-06
276.8	1.0666e-06
277.0	9.9877e-07
277.2	9.3523e-07
277.4	8.7572e-07
277.6	8.2e-07
277.8	7.6783e-07
278.0	7.1898e-07
278.2	6.7323e-07
278.4	6.304e-07
278.6	5.9029e-07
278.8	5.5273e-07
279.0	5.1756e-07
279.2	4.8536e-07
279.4	4.7764e-07
279.6	4.7005e-07
279.8	4.6258e-07
280.0	4.5523e-07
280.2	4.4799e-07
280.4	4.4087e-07
280.6	4.3387e-07
280.8	4.2697e-07
281.0	4.2018e-07
281.2	4.135e-07
281.4	4.0693e-07
281.6	4.0047e-07
281.8	3.941e-07
282.0	3.8784e-07
282.2	3.8167e-07
282.4	3.7561e-07
282.6	3.6964e-07
282.8	3.6376e-07
283.0	3.5784e-07
283.2	3.5181e-07
283.4	3.4588e-07
283.6	3.4004e-07
283.8	3.3431e-07
284.0	3.2867e-07
284.2	3.2313e-07
284.4	3.1768e-07
284.6	3.1233e-07
284.8	3.0706e-07
285.0	3.0188e-07
285.2	2.9679e-07
285.4	2.9178e-07
285.6	2.8712e-07
285.8	2.8261e-07
286.0	2.7818e-07
286.2	2.7381e-07
286.4	2.6951e-07
286.6	2.6528e-07
286.8	2.6112e-07
287.0	2.5702e-07
287.2	2.5299e-07
287.4	2.4902e-07
287.6	2.4511e-07
287.8	2.4126e-07
288.0	2.3747e-07
288.2	2.3375e-07
288.4	2.3008e-07
288.6	2.2647e-07
288.8	2.2291e-07
289.0	2.1942e-07
289.2	2.1602e-07
289.4	2.1308e-07
289.6	2.1018e-07
289.8	2.0731e-07
290.0	2.0449e-07
290.2	2.017e-07
290.4	1.9895e-07
290.6	1.9624e-07
290.8	1.9357e-07
291.0	1.9093e-07
291.2	1.8833e-07
291.4	1.8577e-07
291.6	1.8324e-07
291.8	1.8074e-07
292.0	1.7828e-07
292.2	1.7585e-07
292.4	1.7345e-07
292.6	1.7109e-07
292.8	1.6876e-07
293.0	1.7844e-07
293.2	2.0343e-07
293.4	2.3191e-07
293.6	2.6438e-07
293.8	3.0141e-07
294.0	3.4361e-07
294.2	3.9173e-07
294.4	4.4658e-07
294.6	5.0911e-07
294.8	5.804e-07
295.0	6.6167e-07
295.2	7.0419e-07
295.4	7.4945e-07
295.6	7.9761e-07
295.8	8.4886e-07
296.0	9.0341e-07
296.2	9.6147e-07
296.4	1.0233e-06
296.6	1.089e-06
296.8	1.159e-06
297.0	1.2335e-06
297.2	1.3127e-06
297.4	1.3971e-06
297.6	1.4869e-06
297.8	1.5824e-06
298.0	1.5932e-06
298.2	1.4091e-06
298.4	1.2464e-06
298.6	1.1024e-06
298.8	9.7502e-07
299.0	8.6239e-07
299.2	7.6276e-07
299.4	6.7465e-07
299.6	5.9671e-07
299.8	5.2778e-07
300.0	4.6681e-07
300.2	4.1288e-07
300.4	3.6519e-07
300.6	3.23e-07
300.8	2.8569e-07
301.0	2.5268e-07
301.2	2.2349e-07
301.4	1.9768e-07
301.6	1.7484e-07
301.8	1.6635e-07
302.0	1.6394e-07
302.2	1.6157e-07
302.4	1.5923e-07
302.6	1.5692e-07
302.8	1.5465e-07
303.0	1.524e-07
303.2	1.502e-07
303.4	1.4802e-07
303.6	1.4587e-07
303.8	1.4376e-07
304.0	1.4168e-07
304.2	1.3962e-07
304.4	1.376e-07
304.6	1.3561e-07
304.8	1.3364e-07
305.0	1.3171e-07
305.2	1.2978e-07
305.4	1.2788e-07
305.6	1.2632e-07
305.8	1.2567e-07
306.0	1.2502e-07
306.2	1.2438e-07
306.4	1.2373e-07
306.6	1.231e-07
306.8	1.2246e-07
307.0	1.2183e-07
307.2	1.212e-07
307.4	1.2058e-07
307.6	1.1996e-07
307.8	1.1934e-07
308.0	1.1872e-07
308.2	1.1811e-07
308.4	1.175e-07
308.6	1.1689e-07
308.8	1.1629e-07
309.0	1.1569e-07
309.2	1.1509e-07
309.4	1.1467e-07
309.6	1.1435e-07
309.8	1.1403e-07
310.0	1.1371e-07
310.2	1.1339e-07
310.4	1.1307e-07
310.6	1.1276e-07
310.8	1.1244e-07
311.0	1.1213e-07
311.2	1.1181e-07
311.4	1.115e-07
311.6	1.1119e-07
311.8	1.1088e-07
312.0	1.1057e-07
312.2	1.1026e-07
312.4	1.0995e-07
312.6	1.0964e-07
312.8	1.0933e-07
313.0	1.0903e-07
313.2	1.085e-07
313.4	1.0798e-07
313.6	1.0745e-07
313.8	1.0693e-07
314.0	1.0641e-07
314.2	1.0589e-07
314.4	1.0538e-07
314.6	1.0487e-07
314.8	1.0436e-07
315.0	1.0385e-07
315.2	1.0334e-07
315.4	1.0284e-07
315.6	1.0234e-07
315.8	1.0184e-07
316.0	1.0135e-07
316.2	1.0086e-07
316.4	1.0037e-07
316.6	9.9879e-08
316.8	1.0313e-07
317.0	1.1403e-07
317.2	1.2609e-07
317.4	1.3943e-07
317.6	1.5417e-07
317.8	1.7048e-07
318.0	1.885e-07
318.2	2.0844e-07
318.4	2.3048e-07
318.6	2.5485e-07
318.8	2.818e-07
319.0	3.116e-07
319.2	3.4456e-07
319.4	3.8099e-07
319.6	4.2128e-07
319.8	4.6583e-07
320.0	5.1509e-07
320.2	5.6956e-07
320.4	6.298e-07
320.6	5.9831e-07
320.8	5.3737e-07
321.0	4.8264e-07
321.2	4.3348e-07
321.4	3.8932e-07
321.6	3.4967e-07
321.8	3.1405e-07
322.0	2.8206e-07
322.2	2.5333e-07
322.4	2.2753e-07
322.6	2.0435e-07
322.8	1.8354e-07
323.0	1.6484e-07
323.2	1.4805e-07
323.4	1.3297e-07
323.6	1.1943e-07
323.8	1.0726e-07
324.0	9.6337e-08
324.2	8.7483e-08
324.4	8.6475e-08
324.6	8.5478e-08
324.8	8.4492e-08
325.0	8.3518e-08
325.2	8.2556e-08
325.4	8.1604e-08
325.6	8.0663e-08
325.8	7.9733e-08
326.0	7.8814e-08
326.2	7.7905e-08
326.4	7.7007e-08
326.6	7.6119e-08
326.8	7.5242e-08
327.0	7.4374e-08
327.2	7.3517e-08
327.4	7.2669e-08
327.6	7.1832e-08
327.8	7.1003e-08
328.0	7.0216e-08
328.2	6.9466e-08
328.4	6.8724e-08
328.6	6.799e-08
328.8	6.7264e-08
329.0	6.6545e-08
329.2	6.5835e-08
329.4	6.5132e-08
329.6	6.4436e-08
329.8	6.3748e-08
330.0	6.3067e-08
330.2	6.2394e-08
330.4	6.1727e-08
330.6	6.1068e-08
330.8	6.0416e-08
331.0	5.9771e-08
331.2	5.9132e-08
331.4	5.8501e-08
331.6	5.7876e-08
331.8	6.3929e-08
332.0	7.139e-08
332.2	7.9721e-08
332.4	8.9024e-08
332.6	9.9413e-08
332.8	1.1101e-07
333.0	1.2397e-07
333.2	1.3844e-07
333.4	1.5459e-07
333.6	1.7263e-07
333.8	1.9278e-07
334.0	2.1528e-07
334.2	2.404e-07
334.4	2.6845e-07
334.6	2.9978e-07
334.8	3.3476e-07
335.0	3.7383e-07
335.2	1.7571e-07
335.4	8.2591e-08
335.6	4.9081e-08
335.8	4.8572e-08
336.0	4.8069e-08
336.2	4.7571e-08
336.4	4.7078e-08
336.6	4.659e-08
336.8	4.6107e-08
337.0	4.5629e-08
337.2	4.5156e-08
337.4	4.4688e-08
337.6	4.4225e-08
337.8	4.3767e-08
338.0	4.3313e-08
338.2	4.2864e-08
338.4	4.242e-08
338.6	4.198e-08
338.8	4.1545e-08
339.0	4.1114e-08
339.2	4.0688e-08
339.4	4.5324e-08
339.6	5.3113e-08
339.8	6.224e-08
340.0	7.2936e-08
340.2	8.547e-08
340.4	1.0016e-07
340.6	1.1737e-07
340.8	1.3754e-07
341.0	1.6118e-07
341.2	1.8888e-07
341.4	2.2134e-07
341.6	2.5937e-07
341.8	3.0395e-07
342.0	3.5618e-07
342.2	4.1739e-07
342.4	4.8912e-07
342.6	5.7318e-07
342.8	6.7168e-07
343.0	7.6681e-07
343.2	6.7212e-07
343.4	5.8912e-07
343.6	5.1637e-07
343.8	4.5261e-07
344.0	3.9672e-07
344.2	3.4773e-07
344.4	3.0479e-07
344.6	2.6715e-07
344.8	2.3416e-07
345.0	2.0524e-07
345.2	1.799e-07
345.4	1.5768e-07
345.6	1.3821e-07
345.8	1.2114e-07
346.0	1.0618e-07
346.2	9.3072e-08
346.4	8.1579e-08
346.6	7.1505e-08
346.8	7.0503e-08
347.0	7.877e-08
347.2	8.8005e-08
347.4	9.8324e-08
347.6	1.0985e-07
347.8	1.2273e-07
348.0	1.3712e-07
348.2	1.532e-07
348.4	1.7116e-07
348.6	1.9123e-07
348.8	2.1365e-07
349.0	2.387e-07
349.2	2.6669e-07
349.4	2.9796e-07
349.6	3.3289e-07
349.8	3.7192e-07
350.0	4.1553e-07
350.2	4.6425e-07
350.4	5.1868e-07
350.6	5.7779e-07
350.8	6.434e-07
351.0	7.1646e-07
351.2	7.9781e-07
351.4	8.8841e-07
351.6	9.8929e-07
351.8	1.1016e-06
352.0	1.2267e-06
352.2	1.366e-06
352.4	1.5211e-06
352.6	1.6939e-06
352.8	1.8862e-06
353.0	2.1004e-06
353.2	2.3389e-06
353.4	2.6045e-06
353.6	2.9002e-06
353.8	3.2296e-06
354.0	3.5963e-06
354.2	4.0371e-06
354.4	4.6162e-06
354.6	5.2784e-06
354.8	6.0355e-06
355.0	6.9012e-06
355.2	7.8911e-06
355.4	9.023e-06
355.6	1.0317e-05
355.8	1.1797e-05
356.0	1.3489e-05
356.2	1.5424e-05
356.4	1.7637e-05
356.6	2.0166e-05
356.8	2.3059e-05
357.0	2.6367e-05
357.2	3.0149e-05
357.4	3.4473e-05
357.6	3.9418e-05
357.8	4.5072e-05
358.0	4.7244e-05
358.2	4.7914e-05
358.4	4.8593e-05
358.6	4.9282e-05
358.8	4.9981e-05
359.0	5.069e-05
359.2	5.1408e-05
359.4	5.2137e-05
359.6	5.2877e-05
359.8	5.3626e-05
360.0	5.4387e-05
360.2	5.5158e-05
360.4	5.594e-05
360.6	5.6733e-05
360.8	5.7537e-05
361.0	5.8353e-05
361.2	5.9181e-05
361.4	6.002e-05
361.6	6.0211e-05
361.8	5.6919e-05
362.0	5.3807e-05
362.2	5.0866e-05
362.4	4.8085e-05
362.6	4.5456e-05
362.8	4.2971e-05
363.0	4.0622e-05
363.2	3.8401e-05
363.4	3.6301e-05
363.6	3.4317e-05
363.8	3.2441e-05
364.0	3.0667e-05
364.2	2.8991e-05
364.4	2.7406e-05
364.6	2.5907e-05
364.8	2.4491e-05
365.0	2.3152e-05
365.2	2.3147e-05
365.4	2.3142e-05
365.6	2.5244e-05
365.8	2.7651e-05
366.0	3.0286e-05
366.2	3.128e-05
366.4	3.0904e-05
366.6	3.0533e-05
366.8	3.0006e-05
367.0	2.8803e-05
367.2	2.7649e-05
367.4	2.654e-05
367.6	3.2045e-05
367.8	4.0976e-05
368.0	5.2395e-05
368.2	5.5586e-05
368.4	4.5568e-05
368.6	3.7355e-05
368.8	3.0765e-05
369.0	2.8801e-05
369.2	2.6961e-05
369.4	2.5239e-05
369.6	2.6139e-05
369.8	2.8584e-05
370.0	3.1258e-05
370.2	3.2898e-05
370.4	3.1136e-05
370.6	2.9469e-05
370.8	2.7891e-05
371.0	2.6588e-05
371.2	2.5369e-05
371.4	2.4207e-05
371.6	2.4045e-05
371.8	2.4864e-05
372.0	2.5712e-05
372.2	2.7204e-05
372.4	3.4046e-05
372.6	4.2608e-05
372.8	5.3325e-05
373.0	4.9453e-05
373.2	4.1166e-05
373.4	3.4267e-05
373.6	3.0056e-05
373.8	2.8989e-05
374.0	2.7961e-05
374.2	2.6968e-05
374.4	3.2499e-05
374.6	3.9433e-05
374.8	4.7848e-05
375.0	6.6848e-05
375.2	1.0301e-04
375.4	1.5873e-04
375.6	2.0658e-04
375.8	1.4246e-04
376.0	9.8245e-05
376.2	6.7751e-05
376.4	6.9576e-05
376.6	7.7746e-05
376.8	8.6877e-05
377.0	1.2054e-04
377.2	2.1911e-04
377.4	3.9827e-04
377.6	6.8081e-04
377.8	4.813e-04
378.0	3.4025e-04
378.2	2.4054e-04
378.4	2.1528e-04
378.6	2.1476e-04
378.8	2.1424e-04
379.0	2.6865e-04
379.2	5.6742e-04
379.4	0.0012
379.6	0.00253
379.8	0.00215
380.0	0.0017
380.2	0.00134
380.4	0.00105
380.6	8.0165e-04
380.8	6.1466e-04
381.0	5.2486e-04
381.2	7.7286e-04
381.4	0.00114
381.6	0.00168
381.8	0.00234
382.0	0.00321
382.2	0.00442
382.4	0.00397
382.6	0.00194
382.8	9.4405e-04
383.0	4.6894e-04
383.2	4.244e-04
383.4	3.8409e-04
383.6	3.476e-04
383.8	5.1506e-04
384.0	9.9524e-04
384.2	0.00192
384.4	0.00317
384.6	0.00344
384.8	0.00373
385.0	0.00404
385.2	0.00196
385.4	8.6668e-04
385.6	3.8301e-04
385.8	2.371e-04
386.0	2.0034e-04
386.2	1.6928e-04
386.4	1.5208e-04
386.6	1.9915e-04
386.8	2.608e-04
387.0	3.4153e-04
387.2	5.5049e-04
387.4	9.4575e-04
387.6	0.00162
387.8	0.00169
388.0	8.0311e-04
388.2	3.8148e-04
388.4	1.8208e-04
388.6	1.4013e-04
388.8	1.0784e-04
389.0	8.2992e-05
389.2	8.2396e-05
389.4	9.4702e-05
389.6	1.0885e-04
389.8	1.4957e-04
390.0	3.4168e-04
390.2	7.8058e-04
390.4	0.00178
390.6	0.00119
390.8	6.7697e-04
391.0	3.8506e-04
391.2	2.366e-04
391.4	1.5658e-04
391.6	1.0362e-04
391.8	6.996e-05
392.0	5.3699e-05
392.2	4.7548e-05
392.4	4.6389e-05
392.6	4.7625e-05
392.8	5.2239e-05
393.0	6.5279e-05
393.2	1.0629e-04
393.4	2.0003e-04
393.6	6.2885e-04
393.8	0.00166
394.0	0.00108
394.2	7.0421e-04
394.4	2.6754e-04
394.6	1.0165e-04
394.8	6.6629e-05
395.0	4.6721e-05
395.2	4.1371e-05
395.4	3.9126e-05
395.6	3.9983e-05
395.8	4.2412e-05
396.0	5.0568e-05
396.2	6.5972e-05
396.4	1.1342e-04
396.6	2.7135e-04
396.8	6.2583e-04
397.0	0.00135
397.2	0.00183
397.4	5.7636e-04
397.6	1.969e-04
397.8	1.1638e-04
398.0	6.9369e-05
398.2	5.7363e-05
398.4	4.7436e-05
398.6	4.5429e-05
398.8	4.4105e-05
399.0	5.1401e-05
399.2	6.2527e-05
399.4	8.7498e-05
399.6	1.3002e-04
399.8	2.8098e-04
400.0	7.8356e-04
400.2	0.00127
400.4	0.00116
400.6	7.6517e-04
400.8	2.9865e-04
401.0	1.3776e-04
401.2	9.9813e-05
401.4	7.4114e-05
401.6	6.2294e-05
401.8	5.3169e-05
402.0	5.7713e-05
402.2	6.2645e-05
402.4	7.9795e-05
402.6	1.025e-04
402.8	1.7252e-04
403.0	3.0514e-04
403.2	7.6088e-04
403.4	0.00214
403.6	0.00227
403.8	0.00136
404.0	6.8917e-04
404.2	2.9802e-04
404.4	1.6314e-04
404.6	1.2368e-04
404.8	9.9159e-05
405.0	8.9796e-05
405.2	8.4878e-05
405.4	9.4265e-05
405.6	1.0649e-04
405.8	1.391e-04
406.0	1.8169e-04
406.2	3.4108e-04
406.4	6.403e-04
406.6	0.00119
406.8	0.0022
407.0	0.00166
407.2	9.811e-04
407.4	5.6145e-04
407.6	3.165e-04
407.8	2.205e-04
408.0	1.7965e-04
408.2	1.5886e-04
408.4	1.5378e-04
408.6	1.5553e-04
408.8	1.695e-04
409.0	1.9443e-04
409.2	2.5701e-04
409.4	3.577e-04
409.6	6.5245e-04
409.8	0.00119
410.0	0.00211
410.2	0.00376
410.4	0.00248
410.6	0.00155
410.8	8.7921e-04
411.0	4.9106e-04
411.2	3.5554e-04
411.4	2.8133e-04
411.6	2.5476e-04
411.8	2.4889e-04
412.0	2.5848e-04
412.2	2.8308e-04
412.4	3.3855e-04
412.6	4.5496e-04
412.8	6.5524e-04
413.0	0.00109
413.2	0.00173
413.4	0.00238
413.6	0.00306
413.8	0.00239
414.0	0.00186
414.2	0.00136
414.4	9.9839e-04
414.6	8.8864e-04
414.8	8.0543e-04
415.0	8.1706e-04
415.2	8.5034e-04
415.4	9.7682e-04
415.6	0.00117
415.8	0.00153
416.0	0.00211
416.2	0.00303
416.4	0.00452
416.6	0.00598
416.8	0.00668
417.0	0.00672
417.2	0.00533
417.4	0.00426
417.6	0.00346
417.8	0.00285
418.0	0.00268
418.2	0.00252
418.4	0.00268
418.6	0.00285
418.8	0.00333
419.0	0.00394
419.2	0.00475
419.4	0.00577
419.6	0.00653
419.8	0.00717
420.0	0.00723
420.2	0.00687
420.4	0.00642
420.6	0.0059
420.8	0.00553
421.0	0.00534
421.2	0.00524
421.4	0.00538
421.6	0.00555
421.8	0.00589
422.0	0.00624
422.2	0.00658
422.4	0.00695
422.6	0.00712
422.8	0.00728
423.0	0.00739
423.2	0.00749
423.4	0.0076
423.6	0.00771
423.8	0.00781
424.0	0.00791
424.2	0.00777
424.4	0.00749
424.6	0.007
424.8	0.00633
425.0	0.00566
425.2	0.00496
425.4	0.00439
425.6	0.00394
425.8	0.00357
426.0	0.00336
426.2	0.00317
426.4	0.0031
426.6	0.00303
426.8	0.0029
427.0	0.00278
427.2	0.00274
427.4	0.0025
427.6	0.00218
427.8	0.00186
428.0	0.00158
428.2	0.00135
428.4	0.00119
428.6	0.00106
428.8	9.7597e-04
429.0	9.3397e-04
429.2	9.1869e-04
429.4	9.3727e-04
429.6	9.9207e-04
429.8	0.00109
430.0	0.00121
430.2	0.00135
430.4	0.0015
430.6	0.00158
430.8	0.00154
431.0	0.00139
431.2	0.00117
431.4	9.6127e-04
431.6	7.7252e-04
431.8	6.3457e-04
432.0	5.4059e-04
432.2	4.6474e-04
432.4	4.1399e-04
432.6	3.8137e-04
432.8	3.5493e-04
433.0	3.5961e-04
433.2	3.641e-04
433.4	3.7995e-04
433.6	4.048e-04
433.8	4.484e-04
434.0	5.0707e-04
434.2	5.5244e-04
434.4	5.8959e-04
434.6	5.9768e-04
434.8	5.7225e-04
435.0	5.036e-04
435.2	4.2735e-04
435.4	3.587e-04
435.6	3.0857e-04
435.8	2.6968e-04
436.0	2.4425e-04
436.2	2.2754e-04
436.4	2.1247e-04
436.6	2.0738e-04
436.8	2.139e-04
437.0	2.2522e-04
437.2	2.4503e-04
437.4	2.7803e-04
437.6	3.2242e-04
437.8	3.7381e-04
438.0	4.547e-04
438.2	5.1897e-04
438.4	5.8077e-04
438.6	5.87e-04
438.8	5.4441e-04
439.0	4.7541e-04
439.2	4.0079e-04
439.4	3.3609e-04
439.6	2.839e-04
439.8	2.467e-04
440.0	2.2012e-04
440.2	2.0401e-04
440.4	1.9711e-04
440.6	1.9887e-04
440.8	2.0059e-04
441.0	2.1136e-04
441.2	2.3195e-04
441.4	2.5724e-04
441.6	2.9988e-04
441.8	3.4925e-04
442.0	4.1172e-04
442.2	4.6612e-04
442.4	4.9999e-04
442.6	4.8027e-04
442.8	4.3718e-04
443.0	3.7144e-04
443.2	3.1346e-04
443.4	2.6461e-04
443.6	2.2982e-04
443.8	2.0193e-04
444.0	1.885e-04
444.2	1.8095e-04
444.4	1.7735e-04
444.6	1.7792e-04
444.8	1.8975e-04
445.0	2.0794e-04
445.2	2.3437e-04
445.4	2.6931e-04
445.6	3.278e-04
445.8	4.0018e-04
446.0	4.7311e-04
446.2	5.3094e-04
446.4	5.5571e-04
446.6	5.2482e-04
446.8	4.6167e-04
447.0	3.8811e-04
447.2	3.2899e-04
447.4	2.8428e-04
447.6	2.4713e-04
447.8	2.2603e-04
448.0	2.1239e-04
448.2	2.0524e-04
448.4	2.0634e-04
448.6	2.1435e-04
448.8	2.2664e-04
449.0	2.5262e-04
449.2	2.9023e-04
449.4	3.4042e-04
449.6	4.1201e-04
449.8	4.9927e-04
450.0	5.8244e-04
450.2	6.3821e-04
450.4	6.3392e-04
450.6	5.771e-04
450.8	4.8076e-04
451.0	3.9273e-04
451.2	3.264e-04
451.4	2.7507e-04
451.6	2.429e-04
451.8	2.1898e-04
452.0	2.0187e-04
452.2	1.9924e-04
452.4	1.983e-04
452.6	2.0854e-04
452.8	2.2072e-04
453.0	2.5276e-04
453.2	2.9647e-04
453.4	3.5602e-04
453.6	4.4444e-04
453.8	5.6754e-04
454.0	7.062e-04
454.2	8.1911e-04
454.4	8.5797e-04
454.6	7.9795e-04
454.8	6.838e-04
455.0	5.6209e-04
455.2	4.6474e-04
455.4	3.9053e-04
455.6	3.3894e-04
455.8	3.0185e-04
456.0	2.7804e-04
456.2	2.7269e-04
456.4	2.6822e-04
456.6	2.762e-04
456.8	2.9226e-04
457.0	3.2763e-04
457.2	3.7328e-04
457.4	4.4066e-04
457.6	5.4188e-04
457.8	6.8356e-04
458.0	8.6682e-04
458.2	0.00106
458.4	0.00114
458.6	0.0011
458.8	9.5199e-04
459.0	7.565e-04
459.2	5.976e-04
459.4	4.8027e-04
459.6	3.9973e-04
459.8	3.5036e-04
460.0	3.1592e-04
460.2	2.9561e-04
460.4	2.8543e-04
460.6	2.9339e-04
460.8	3.1133e-04
461.0	3.4637e-04
461.2	3.9729e-04
461.4	4.8e-04
461.6	5.9988e-04
461.8	7.9181e-04
462.0	0.00107
462.2	0.00145
462.4	0.00187
462.6	0.00211
462.8	0.00204
463.0	0.00174
463.2	0.0014
463.4	0.00112
463.6	9.1572e-04
463.8	7.8363e-04
464.0	6.959e-04
464.2	6.3655e-04
464.4	6.0961e-04
464.6	5.9984e-04
464.8	6.1307e-04
465.0	6.5247e-04
465.2	7.0884e-04
465.4	8.142e-04
465.6	9.7458e-04
465.8	0.00121
466.0	0.00155
466.2	0.00207
466.4	0.00276
466.6	0.00343
466.8	0.00372
467.0	0.00345
467.2	0.00285
467.4	0.00224
467.6	0.00177
467.8	0.00145
468.0	0.00129
468.2	0.00117
468.4	0.00104
468.6	9.7224e-04
468.8	9.628e-04
469.0	9.8232e-04
469.2	0.00104
469.4	0.00113
469.6	0.00127
469.8	0.00149
470.0	0.00178
470.2	0.00224
470.4	0.00287
470.6	0.00361
470.8	0.00428
471.0	0.00448
471.2	0.00391
471.4	0.00304
471.6	0.0022
471.8	0.00159
472.0	0.00114
472.2	8.4489e-04
472.4	6.561e-04
472.6	5.3304e-04
472.8	4.6092e-04
473.0	4.1226e-04
473.2	3.8146e-04
473.4	3.6211e-04
473.6	3.5872e-04
473.8	3.7233e-04
474.0	4.0558e-04
474.2	4.7289e-04
474.4	5.7471e-04
474.6	7.0685e-04
474.8	8.2948e-04
475.0	8.7821e-04
475.2	8.1178e-04
475.4	6.5373e-04
475.6	5.0293e-04
475.8	3.8439e-04
476.0	2.9501e-04
476.2	2.3919e-04
476.4	1.9825e-04
476.6	1.7544e-04
476.8	1.6118e-04
477.0	1.5784e-04
477.2	1.5908e-04
477.4	1.694e-04
477.6	1.8616e-04
477.8	2.149e-04
478.0	2.5978e-04
478.2	3.3746e-04
478.4	4.6284e-04
478.6	6.5952e-04
478.8	8.9388e-04
479.0	0.00106
479.2	0.00103
479.4	8.6323e-04
479.6	6.8438e-04
479.8	5.5013e-04
480.0	4.6306e-04
480.2	4.1044e-04
480.4	3.7023e-04
480.6	3.5597e-04
480.8	3.5105e-04
481.0	3.6082e-04
481.2	3.903e-04
481.4	4.3486e-04
481.6	5.035e-04
481.8	5.9994e-04
482.0	7.5126e-04
482.2	9.8789e-04
482.4	0.00138
482.6	0.00196
482.8	0.00251
483.0	0.00254
483.2	0.00199
483.4	0.00134
483.6	8.7771e-04
483.8	6.1734e-04
484.0	4.6449e-04
484.2	3.7278e-04
484.4	3.1408e-04
484.6	2.7385e-04
484.8	2.5397e-04
485.0	2.4427e-04
485.2	2.4982e-04
485.4	2.7716e-04
485.6	3.2606e-04
485.8	4.1444e-04
486.0	5.7174e-04
486.2	8.431e-04
486.4	0.00127
486.6	0.00172
486.8	0.0016
487.0	0.00112
487.2	7.0546e-04
487.4	4.6384e-04
487.6	3.2419e-04
487.8	2.4948e-04
488.0	2.0452e-04
488.2	1.7759e-04
488.4	1.6601e-04
488.6	1.6443e-04
488.8	1.65e-04
489.0	1.8157e-04
489.2	2.0784e-04
489.4	2.5647e-04
489.6	3.5791e-04
489.8	5.7312e-04
490.0	0.00103
490.2	0.00166
490.4	0.00166
490.6	0.001
490.8	5.1585e-04
491.0	2.9828e-04
491.2	1.9801e-04
491.4	1.4894e-04
491.6	1.2292e-04
491.8	1.0423e-04
492.0	9.7711e-05
492.2	9.5897e-05
492.4	9.814e-05
492.6	1.1247e-04
492.8	1.3778e-04
493.0	2.0071e-04
493.2	3.3972e-04
493.4	7.2044e-04
493.6	0.00154
493.8	0.00172
494.0	8.3047e-04
494.2	3.5622e-04
494.4	1.9122e-04
494.6	1.2441e-04
494.8	9.4029e-05
495.0	7.7292e-05
495.2	6.8119e-05
495.4	6.4735e-05
495.6	6.5617e-05
495.8	6.952e-05
496.0	8.8179e-05
496.2	1.2267e-04
496.4	2.1879e-04
496.6	5.8127e-04
496.8	0.0017
497.0	0.00159
497.2	5.2853e-04
497.4	1.8166e-04
497.6	9.4671e-05
497.8	6.3558e-05
498.0	4.8518e-05
498.2	4.2241e-05
498.4	3.815e-05
498.6	3.8232e-05
498.8	4.2787e-05
499.0	5.7379e-05
499.2	1.0774e-04
499.4	3.8533e-04
499.6	0.00134
499.8	9.9857e-04
500.0	2.9053e-04
500.2	8.368e-05
500.4	4.0721e-05
500.6	2.7064e-05
500.8	2.1581e-05
501.0	1.9873e-05
501.2	1.9921e-05
501.4	2.2601e-05
501.6	3.382e-05
501.8	9.6818e-05
502.0	7.2598e-04
502.2	0.00122
502.4	1.3522e-04
502.6	2.8182e-05
502.8	1.6035e-05
503.0	1.1956e-05
503.2	1.0573e-05
503.4	1.0758e-05
503.6	1.5456e-05
503.8	9.4885e-05
504.0	5.7104e-04
504.2	1.3584e-04
504.4	1.0631e-05
504.6	6.5379e-06
504.8	5.3188e-06
505.0	5.5897e-06
505.2	3.1228e-05
505.4	8.3627e-05
505.6	9.9486e-06
505.8	2.9358e-06
506.0	3.1653e-06
506.2	4.1807e-06
506.4	4.9283e-06
506.6	4.789e-06
506.8	4.3103e-06
507.0	3.081e-06
507.2	2.4108e-06
507.4	2.5019e-06
507.6	2.6374e-06
507.8	2.5267e-06
508.0	3.1842e-06
508.2	3.6971e-06
508.4	3.2952e-06
508.6	2.8835e-06
508.8	2.1311e-06
509.0	1.7508e-06
509.2	1.6296e-06
509.4	1.6933e-06
509.6	1.6755e-06
509.8	2.4646e-06
510.0	3.1639e-06
510.2	2.7204e-06
510.4	2.0926e-06
510.6	1.7572e-06
510.8	1.3997e-06
511.0	1.7139e-06
511.2	1.3532e-06
511.4	1.6129e-06
511.6	2.5647e-06
511.8	2.5026e-06
512.0	1.9837e-06
512.2	1.6625e-06
512.4	1.4278e-06
512.6	1.0308e-06
512.8	9.1774e-07
513.0	1.2268e-06
513.2	1.9934e-06
513.4	1.9289e-06
513.6	1.478e-06
513.8	1.2468e-06
514.0	9.8245e-07
514.2	8.5462e-07
514.4	1.3928e-06
514.6	1.572e-06
514.8	1.3485e-06
515.0	1.161e-06
515.2	7.4459e-07
515.4	8.0109e-07
515.6	9.8479e-07
515.8	1.1546e-06
516.0	1.0071e-06
516.2	8.9632e-07
516.4	8.8113e-07
516.6	8.878e-07
516.8	5.8219e-07
517.0	7.2056e-07
517.2	5.425e-07
517.4	4.7697e-07
517.6	2.9856e-07
517.8	2.7835e-07
518.0	2.5674e-07
518.2	3.7181e-07
518.4	3.0584e-07
518.6	3.4188e-07
518.8	4.6464e-07
519.0	3.2566e-08
519.2	4.2615e-07
519.4	2.8255e-07
519.6	3.8905e-07
519.8	2.5904e-07
520.0	1.8543e-07
520.2	4.7317e-08
520.4	1.9488e-07
520.6	1.0875e-07
520.8	1.6743e-07
521.0	3.0028e-07
521.2	7.6234e-08
521.4	2.7211e-07
521.6	2.9849e-07
521.8	3.1503e-07
522.0	3.4689e-08
522.2	4.103e-08
522.4	1.485e-07
522.6	8.2048e-08
522.8	2.0648e-07
523.0	1.7832e-07
523.2	1.8719e-07
523.4	3.291e-07
523.6	2.847e-07
523.8	8.8552e-08
524.0	3.1148e-08
524.2	1.715e-07
524.4	4.5313e-08
524.6	1.1284e-07
524.8	4.1265e-08
525.0	1.3581e-07
525.2	5.9841e-08
525.4	9.563e-08
525.6	7.824e-08
525.8	1.6372e-07
526.0	6.9118e-08
526.2	1.431e-07
526.4	1.1087e-07
526.6	2.8246e-08
526.8	2.8164e-08
527.0	1.2342e-07
527.2	1.3933e-07
527.4	8.2749e-08
527.6	6.8906e-08
527.8	1.2809e-07
528.0	1.0456e-07
528.2	3.3123e-07
528.4	1.2302e-07
528.6	8.9616e-08
528.8	5.2352e-08
529.0	3.4749e-08
529.2	2.7354e-08
529.4	1.3118e-07
529.6	8.4381e-08
529.8	3.674e-08
530.0	2.7198e-08
530.2	2.9813e-07
530.4	1.7386e-07
530.6	1.4261e-07
530.8	5.4145e-08
531.0	1.0722e-07
531.2	2.9365e-08
531.4	8.7967e-08
531.6	5.4433e-08
531.8	7.0108e-08
532.0	7.3226e-08
532.2	1.5456e-07
532.4	3.3121e-08
532.6	1.8666e-07
532.8	7.9362e-08
533.0	1.5661e-07
533.2	3.2271e-08
533.4	2.9608e-08
533.6	1.1296e-07
533.8	1.158e-07
534.0	3.1981e-08
534.2	1.6819e-07
534.4	3.2347e-08
534.6	1.8227e-07
534.8	4.5423e-08
535.0	2.5964e-08
535.2	1.6385e-07
535.4	2.5922e-08
535.6	3.5246e-08
535.8	6.3831e-08
536.0	5.1569e-08
536.2	1.1472e-07
536.4	1.1455e-07
536.6	4.3378e-08
536.8	1.5315e-07
537.0	1.7448e-07
537.2	3.3947e-08
537.4	1.3706e-07
537.6	4.7125e-08
537.8	9.3698e-08
538.0	5.1746e-08
538.2	2.971e-08
538.4	2.517e-08
538.6	4.1913e-08
538.8	1.0866e-07
539.0	3.2152e-08
539.2	1.2804e-07
539.4	4.8868e-08
539.6	3.239e-08
539.8	9.3752e-08
540.0	1.4031e-07
540.2	2.484e-07
540.4	2.672e-08
540.6	1.8711e-07
540.8	5.5453e-08
541.0	2.4967e-08
541.2	2.4974e-08
541.4	2.4937e-08
541.6	3.7052e-08
541.8	1.6833e-07
542.0	5.508e-08
542.2	1.2097e-07
542.4	2.1697e-07
542.6	3.758e-08
542.8	1.3692e-07
543.0	1.4296e-07
543.2	1.4216e-07
543.4	1.4284e-07
543.6	1.4379e-07
543.8	1.4474e-07
544.0	1.457e-07
544.2	1.4666e-07
544.4	1.4764e-07
544.6	1.4862e-07
544.8	1.496e-07
545.0	1.5059e-07
545.2	1.5159e-07
545.4	1.526e-07
545.6	1.5361e-07
545.8	1.5463e-07
546.0	1.5565e-07
546.2	1.5668e-07
546.4	1.5772e-07
546.6	1.5843e-07
546.8	1.5508e-07
547.0	1.518e-07
547.2	1.4858e-07
547.4	1.4544e-07
547.6	1.4236e-07
547.8	1.3934e-07
548.0	1.3639e-07
548.2	1.335e-07
548.4	1.3068e-07
548.6	1.2791e-07
548.8	1.252e-07
549.0	1.2255e-07
549.2	1.1996e-07
549.4	1.1742e-07
549.6	1.1493e-07
549.8	1.125e-07
550.0	1.113e-07
550.2	1.1281e-07
550.4	1.1435e-07
550.6	1.1591e-07
550.8	1.175e-07
551.0	1.191e-07
551.2	1.2072e-07
551.4	1.2237e-07
551.6	1.2404e-07
551.8	1.2573e-07
552.0	1.2745e-07
552.2	1.2919e-07
552.4	1.3095e-07
552.6	1.3274e-07
552.8	1.3455e-07
553.0	1.3638e-07
553.2	1.3824e-07
553.4	1.3816e-07
553.6	1.3644e-07
553.8	1.3473e-07
554.0	1.3304e-07
554.2	1.3138e-07
554.4	1.2973e-07
554.6	1.2811e-07
554.8	1.2651e-07
555.0	1.2493e-07
555.2	1.2336e-07
555.4	1.2182e-07
555.6	1.2029e-07
555.8	1.1879e-07
556.0	1.173e-07
556.2	1.1583e-07
556.4	1.1439e-07
556.6	1.1295e-07
556.8	1.1357e-07
557.0	1.1474e-07
557.2	1.1592e-07
557.4	1.1712e-07
557.6	1.1832e-07
557.8	1.1954e-07
558.0	1.2077e-07
558.2	1.2201e-07
558.4	1.2327e-07
558.6	1.2454e-07
558.8	1.2582e-07
559.0	1.2712e-07
559.2	1.2842e-07
559.4	1.2975e-07
559.6	1.3108e-07
559.8	1.3243e-07
560.0	1.338e-07
560.2	1.3522e-07
560.4	1.3667e-07
560.6	1.3813e-07
560.8	1.396e-07
561.0	1.4109e-07
561.2	1.4259e-07
561.4	1.4411e-07
561.6	1.4565e-07
561.8	1.4721e-07
562.0	1.4878e-07
562.2	1.5036e-07
562.4	1.5197e-07
562.6	1.5359e-07
562.8	1.5523e-07
563.0	1.5688e-07
563.2	1.5856e-07
563.4	1.6066e-07
563.6	1.6371e-07
563.8	1.6682e-07
564.0	1.6999e-07
564.2	1.7322e-07
564.4	1.7651e-07
564.6	1.7986e-07
564.8	1.8328e-07
565.0	1.8676e-07
565.2	1.9031e-07
565.4	1.9393e-07
565.6	1.9761e-07
565.8	2.0137e-07
566.0	2.0519e-07
566.2	2.0909e-07
566.4	2.1306e-07
566.6	2.1711e-07
566.8	2.1907e-07
567.0	2.1948e-07
567.2	2.1988e-07
567.4	2.2029e-07
567.6	2.207e-07
567.8	2.2111e-07
568.0	2.2152e-07
568.2	2.2194e-07
568.4	2.2235e-07
568.6	2.2276e-07
568.8	2.2317e-07
569.0	2.2359e-07
569.2	2.24e-07
569.4	2.2442e-07
569.6	2.2484e-07
569.8	2.2526e-07
570.0	2.2567e-07
570.2	2.2595e-07
570.4	2.262e-07
570.6	2.2645e-07
570.8	2.267e-07
571.0	2.2695e-07
571.2	2.272e-07
571.4	2.2746e-07
571.6	2.2771e-07
571.8	2.2796e-07
572.0	2.2822e-07
572.2	2.2847e-07
572.4	2.2872e-07
572.6	2.2898e-07
572.8	2.2923e-07
573.0	2.2949e-07
573.2	2.2974e-07
573.4	2.3047e-07
573.6	2.339e-07
573.8	2.3738e-07
574.0	2.4091e-07
574.2	2.4449e-07
574.4	2.4813e-07
574.6	2.5182e-07
574.8	2.5557e-07
575.0	2.5937e-07
575.2	2.6323e-07
575.4	2.6714e-07
575.6	2.7112e-07
575.8	2.7515e-07
576.0	2.7925e-07
576.2	2.834e-07
576.4	2.8762e-07
576.6	2.919e-07
576.8	2.9486e-07
577.0	2.9613e-07
577.2	2.9741e-07
577.4	2.9869e-07
577.6	2.9997e-07
577.8	3.0127e-07
578.0	3.0256e-07
578.2	3.0387e-07
578.4	3.0518e-07
578.6	3.0649e-07
578.8	3.0781e-07
579.0	3.0914e-07
579.2	3.1047e-07
579.4	3.118e-07
579.6	3.1315e-07
579.8	3.145e-07
580.0	3.1585e-07
580.2	3.0047e-07
580.4	2.8085e-07
580.6	2.6252e-07
580.8	2.4538e-07
581.0	2.2936e-07
581.2	2.1438e-07
581.4	2.0039e-07
581.6	1.873e-07
581.8	1.7507e-07
582.0	1.6364e-07
582.2	1.5296e-07
582.4	1.4297e-07
582.6	1.3364e-07
582.8	1.2491e-07
583.0	1.1676e-07
583.2	1.0914e-07
583.4	1.0201e-07
583.6	9.5351e-08
583.8	8.9126e-08
584.0	8.3307e-08
584.2	7.7868e-08
584.4	7.4211e-08
584.6	7.4856e-08
584.8	7.5506e-08
585.0	7.6162e-08
585.2	7.6824e-08
585.4	7.7492e-08
585.6	7.8165e-08
585.8	7.8844e-08
586.0	7.9529e-08
586.2	8.022e-08
586.4	8.0917e-08
586.6	8.162e-08
586.8	8.2329e-08
587.0	8.3044e-08
587.2	8.3765e-08
587.4	8.4493e-08
587.6	8.5227e-08
587.8	8.5967e-08
588.0	8.6672e-08
588.2	8.7367e-08
588.4	8.8068e-08
588.6	8.8774e-08
588.8	8.9486e-08
589.0	9.0203e-08
589.2	9.0926e-08
589.4	9.1655e-08
589.6	9.239e-08
589.8	9.3131e-08
590.0	9.3878e-08
590.2	9.463e-08
590.4	9.5389e-08
590.6	9.6154e-08
590.8	9.6925e-08
591.0	9.7702e-08
591.2	9.8486e-08
591.4	9.9275e-08
591.6	1.0007e-07
591.8	1.0087e-07
592.0	1.0168e-07
592.2	1.025e-07
592.4	1.0332e-07
592.6	1.0415e-07
592.8	1.0481e-07
593.0	1.049e-07
593.2	1.0498e-07
593.4	1.0507e-07
593.6	1.0516e-07
593.8	1.0525e-07
594.0	1.0534e-07
594.2	1.0543e-07
594.4	1.0552e-07
594.6	1.0561e-07
594.8	1.057e-07
595.0	1.0579e-07
595.2	1.0588e-07
595.4	1.0597e-07
595.6	1.0606e-07
595.8	1.0615e-07
596.0	1.0624e-07
596.2	1.0633e-07
596.4	1.0642e-07
596.6	1.0651e-07
596.8	1.066e-07
597.0	1.0669e-07
597.2	1.0678e-07
597.4	1.0687e-07
597.6	1.0696e-07
597.8	1.0735e-07
598.0	1.0783e-07
598.2	1.0832e-07
598.4	1.0882e-07
598.6	1.0931e-07
598.8	1.0981e-07
599.0	1.1031e-07
599.2	1.1081e-07
599.4	1.1131e-07
599.6	1.1182e-07
599.8	1.1232e-07
600.0	1.1283e-07
600.2	1.1335e-07
600.4	1.1386e-07
600.6	1.1438e-07
600.8	1.149e-07
601.0	1.1542e-07
601.2	1.1594e-07
601.4	1.1647e-07
601.6	1.17e-07
601.8	1.1753e-07
602.0	1.1807e-07
602.2	1.186e-07
602.4	1.1914e-07
602.6	1.1967e-07
602.8	1.2016e-07
603.0	1.2066e-07
603.2	1.2115e-07
603.4	1.2165e-07
603.6	1.2215e-07
603.8	1.2265e-07
604.0	1.2316e-07
604.2	1.2366e-07
604.4	1.2417e-07
604.6	1.2468e-07
604.8	1.2519e-07
605.0	1.2571e-07
605.2	1.2622e-07
605.4	1.2674e-07
605.6	1.2726e-07
605.8	1.2779e-07
606.0	1.2831e-07
606.2	1.2884e-07
606.4	1.2937e-07
606.6	1.299e-07
606.8	1.3044e-07
607.0	1.3097e-07
607.2	1.3151e-07
607.4	1.3205e-07
607.6	1.3261e-07
607.8	1.3319e-07
608.0	1.3377e-07
608.2	1.3435e-07
608.4	1.3493e-07
608.6	1.3551e-07
608.8	1.361e-07
609.0	1.3669e-07
609.2	1.3729e-07
609.4	1.3788e-07
609.6	1.3848e-07
609.8	1.3908e-07
610.0	1.3968e-07
610.2	1.4029e-07
610.4	1.409e-07
610.6	1.4151e-07
610.8	1.4212e-07
611.0	1.4274e-07
611.2	1.4336e-07
611.4	1.4398e-07
611.6	1.446e-07
611.8	1.4523e-07
612.0	1.4586e-07
612.2	1.4649e-07
612.4	1.4715e-07
612.6	1.4789e-07
612.8	1.4863e-07
613.0	1.4938e-07
613.2	1.5013e-07
613.4	1.5088e-07
613.6	1.5164e-07
613.8	1.5241e-07
614.0	1.5317e-07
614.2	1.5394e-07
614.4	1.5472e-07
614.6	1.5549e-07
614.8	1.5627e-07
615.0	1.5706e-07
615.2	1.5785e-07
615.4	1.5864e-07
615.6	1.5944e-07
615.8	1.6024e-07
616.0	1.6105e-07
616.2	1.6186e-07
616.4	1.6267e-07
616.6	1.6349e-07
616.8	1.6431e-07
617.0	1.6514e-07
617.2	1.6597e-07
617.4	1.661e-07
617.6	1.6596e-07
617.8	1.6582e-07
618.0	1.6568e-07
618.2	1.6553e-07
618.4	1.6539e-07
618.6	1.6525e-07
618.8	1.6511e-07
619.0	1.6497e-07
619.2	1.6483e-07
619.4	1.6469e-07
619.6	1.6455e-07
619.8	1.6441e-07
620.0	1.6427e-07
620.2	1.6413e-07
620.4	1.6399e-07
620.6	1.6385e-07
620.8	1.6371e-07
621.0	1.6357e-07
621.2	1.6343e-07
621.4	1.633e-07
621.6	1.6316e-07
621.8	1.6302e-07
622.0	1.6288e-07
622.2	1.6285e-07
622.4	1.6322e-07
622.6	1.6359e-07
622.8	1.6395e-07
623.0	1.6432e-07
623.2	1.647e-07
623.4	1.6507e-07
623.6	1.6544e-07
623.8	1.6581e-07
624.0	1.6619e-07
624.2	1.6656e-07
624.4	1.6694e-07
624.6	1.6732e-07
624.8	1.6769e-07
625.0	1.6807e-07
625.2	1.6845e-07
625.4	1.6883e-07
625.6	1.6921e-07
625.8	1.696e-07
626.0	1.6998e-07
626.2	1.7036e-07
626.4	1.7075e-07
626.6	1.7113e-07
626.8	1.7152e-07
627.0	1.7191e-07
627.2	1.7251e-07
627.4	1.7319e-07
627.6	1.7388e-07
627.8	1.7457e-07
628.0	1.7526e-07
628.2	1.7596e-07
628.4	1.7666e-07
628.6	1.7736e-07
628.8	1.7807e-07
629.0	1.7877e-07
629.2	1.7949e-07
629.4	1.802e-07
629.6	1.8091e-07
629.8	1.8163e-07
630.0	1.8236e-07
630.2	1.8308e-07
630.4	1.8381e-07
630.6	1.8454e-07
630.8	1.8527e-07
631.0	1.8601e-07
631.2	1.8675e-07
631.4	1.8749e-07
631.6	1.8823e-07
631.8	1.8898e-07
632.0	1.8927e-07
632.2	1.8804e-07
632.4	1.8681e-07
632.6	1.8558e-07
632.8	1.8437e-07
633.0	1.8316e-07
633.2	1.8197e-07
633.4	1.8078e-07
633.6	1.7959e-07
633.8	1.7842e-07
634.0	1.7725e-07
634.2	1.7609e-07
634.4	1.7494e-07
634.6	1.738e-07
634.8	1.7266e-07
635.0	1.7153e-07
635.2	1.7041e-07
635.4	1.6929e-07
635.6	1.6818e-07
635.8	1.6852e-07
636.0	1.7042e-07
636.2	1.7235e-07
636.4	1.743e-07
636.6	1.7627e-07
636.8	1.7826e-07
637.0	1.8027e-07
637.2	1.8231e-07
637.4	1.8437e-07
637.6	1.8645e-07
637.8	1.8856e-07
638.0	1.9069e-07
638.2	1.9284e-07
638.4	1.9502e-07
638.6	1.9723e-07
638.8	1.9945e-07
639.0	2.0171e-07
639.2	2.0399e-07
639.4	2.0619e-07
639.6	2.0841e-07
639.8	2.1066e-07
640.0	2.1293e-07
640.2	2.1523e-07
640.4	2.1755e-07
640.6	2.199e-07
640.8	2.2227e-07
641.0	2.2466e-07
641.2	2.2709e-07
641.4	2.2954e-07
641.6	2.1801e-07
641.8	1.7424e-07
642.0	1.3926e-07
642.2	1.113e-07
642.4	8.8956e-08
642.6	7.1096e-08
642.8	5.6822e-08
643.0	4.5414e-08
643.2	4.2271e-08
643.4	4.6724e-08
643.6	5.1645e-08
643.8	4.4171e-08
644.0	3.7531e-08
644.2	2.4358e-08
644.4	1.1806e-08
644.6	1.9678e-08
644.8	3.4302e-08
645.0	4.8019e-08
645.2	5.2497e-08
645.4	5.7392e-08
645.6	2.6481e-08
645.8	2.2744e-08
646.0	4.0959e-08
646.2	7.3761e-08
646.4	7.7237e-08
646.6	7.9531e-08
646.8	4.9661e-08
647.0	1.7839e-08
647.2	2.7599e-08
647.4	4.4669e-08
647.6	5.0381e-08
647.8	3.8119e-08
648.0	2.8842e-08
648.2	4.491e-08
648.4	5.3604e-08
648.6	4.633e-08
648.8	4.0043e-08
649.0	2.445e-08
649.2	1.477e-08
649.4	1.8803e-08
649.6	5.4565e-08
649.8	6.2572e-08
650.0	6.9377e-08
650.2	7.4263e-08
650.4	7.64e-08
650.6	7.8599e-08
650.8	5.8747e-08
651.0	5.2633e-08
651.2	5.6989e-08
651.4	6.1711e-08
651.6	6.802e-08
651.8	7.4974e-08
652.0	8.054e-08
652.2	8.4407e-08
652.4	8.8833e-08
652.6	9.3495e-08
652.8	9.3602e-08
653.0	8.9137e-08
653.2	8.5082e-08
653.4	1.2875e-07
653.6	1.5039e-07
653.8	1.3416e-07
654.0	1.1969e-07
654.2	1.6934e-07
654.4	2.4015e-07
654.6	2.9353e-07
654.8	3.092e-07
655.0	3.9889e-07
655.2	5.1672e-07
655.4	6.7576e-07
655.6	8.9271e-07
655.8	1.1793e-06
656.0	1.6186e-06
656.2	2.3017e-06
656.4	3.4082e-06
656.6	5.0467e-06
656.8	7.6916e-06
657.0	1.1731e-05
657.2	1.7803e-05
657.4	2.7148e-05
657.6	4.2646e-05
657.8	6.9184e-05
658.0	1.1157e-04
658.2	1.8657e-04
658.4	3.1763e-04
658.6	6.7367e-04
658.8	0.00112
659.0	0.00196
659.2	0.00357
659.4	0.00673
659.6	0.01353
659.8	0.02836
660.0	0.05822
660.2	0.12865
660.4	0.27897
660.6	0.53054
660.8	0.79645
661.0	0.93919
661.2	0.97824
661.4	0.96928
661.6	0.96682
661.8	0.96768
662.0	0.96982
662.2	0.97143
662.4	0.97175
662.6	0.97214
662.8	0.97296
663.0	0.97314
663.2	0.97557
663.4	0.97629
663.6	0.97799
663.8	0.97902
664.0	0.97946
664.2	0.97931
664.4	0.97916
664.6	0.97828
664.8	0.97811
665.0	0.97835
665.2	0.97873
665.4	0.97888
665.6	0.98009
665.8	0.98121
666.0	0.98193
666.2	0.98309
666.4	0.98374
666.6	0.98404
666.8	0.98365
667.0	0.98342
667.2	0.9827
667.4	0.98177
667.6	0.98168
667.8	0.98067
668.0	0.98015
668.2	0.98058
668.4	0.9809
668.6	0.9822
668.8	0.9831
669.0	0.98437
669.2	0.9855
669.4	0.98702
669.6	0.98786
669.8	0.98938
670.0	0.99028
670.2	0.9906
670.4	0.99106
670.6	0.99102
670.8	0.99015
671.0	0.98958
671.2	0.98925
671.4	0.98889
671.6	0.98844
671.8	0.98758
672.0	0.98798
672.2	0.98754
672.4	0.98733
672.6	0.98772
672.8	0.98807
673.0	0.99021
673.2	0.99259
673.4	0.9931
673.6	0.99351
673.8	0.99406
674.0	0.99428
674.2	0.9946
674.4	0.99433
674.6	0.99415
674.8	0.99328
675.0	0.99268
675.2	0.99168
675.4	0.99022
675.6	0.98943
675.8	0.98807
676.0	0.98662
676.2	0.98538
676.4	0.98419
676.6	0.98297
676.8	0.98269
677.0	0.98162
677.2	0.98132
677.4	0.9812
677.6	0.98093
677.8	0.98161
678.0	0.98204
678.2	0.9827
678.4	0.9835
678.6	0.98403
678.8	0.98479
679.0	0.98594
679.2	0.98632
679.4	0.98676
679.6	0.98734
679.8	0.98795
680.0	0.98798
680.2	0.98743
680.4	0.9874
680.6	0.98736
680.8	0.98673
681.0	0.98616
681.2	0.98567
681.4	0.98553
681.6	0.98483
681.8	0.98428
682.0	0.98411
682.2	0.98379
682.4	0.98426
682.6	0.98429
682.8	0.98462
683.0	0.98531
683.2	0.98602
683.4	0.98689
683.6	0.98783
683.8	0.98932
684.0	0.98988
684.2	0.99169
684.4	0.99255
684.6	0.99363
684.8	0.9947
685.0	0.99582
685.2	0.9966
685.4	0.99745
685.6	0.99768
685.8	0.99809
686.0	0.99826
686.2	0.99807
686.4	0.99763
686.6	0.99739
686.8	0.99666
687.0	0.99619
687.2	0.99553
687.4	0.99475
687.6	0.99405
687.8	0.99313
688.0	0.99235
688.2	0.99175
688.4	0.99109
688.6	0.99077
688.8	0.99041
689.0	0.99014
689.2	0.9899
689.4	0.98993
689.6	0.99005
689.8	0.99037
690.0	0.99079
690.2	0.99127
690.4	0.99131
690.6	0.99223
690.8	0.9926
691.0	0.99291
691.2	0.99302
691.4	0.99342
691.6	0.99359
691.8	0.99342
692.0	0.99354
692.2	0.99353
692.4	0.99309
692.6	0.99274
692.8	0.99215
693.0	0.9916
693.2	0.99087
693.4	0.98951
693.6	0.98866
693.8	0.98798
694.0	0.98693
694.2	0.9859
694.4	0.98501
694.6	0.984
694.8	0.98331
695.0	0.98246
695.2	0.98178
695.4	0.98145
695.6	0.98097
695.8	0.98044
696.0	0.98066
696.2	0.98081
696.4	0.98098
696.6	0.98135
696.8	0.98202
697.0	0.98224
697.2	0.98303
697.4	0.98336
697.6	0.98412
697.8	0.98509
698.0	0.98593
698.2	0.98646
698.4	0.98708
698.6	0.98753
698.8	0.98828
699.0	0.98873
699.2	0.98922
699.4	0.98954
699.6	0.98955
699.8	0.98981
700.0	0.98949
700.2	0.98938
700.4	0.98931
700.6	0.98948
700.8	0.98891
701.0	0.98859
701.2	0.98841
701.4	0.98789
701.6	0.98772
701.8	0.98722
702.0	0.98729
702.2	0.98649
702.4	0.98651
702.6	0.98658
702.8	0.98667
703.0	0.98667
703.2	0.98677
703.4	0.98692
703.6	0.98738
703.8	0.98811
704.0	0.98849
704.2	0.9892
704.4	0.98957
704.6	0.9904
704.8	0.99101
705.0	0.99205
705.2	0.99253
705.4	0.99361
705.6	0.99456
705.8	0.99499
706.0	0.99597
706.2	0.99641
706.4	0.99714
706.6	0.99673
706.8	0.9972
707.0	0.99718
707.2	0.99744
707.4	0.99776
707.6	0.99736
707.8	0.99719
708.0	0.9967
708.2	0.99666
708.4	0.99594
708.6	0.99563
708.8	0.99486
709.0	0.99407
709.2	0.99371
709.4	0.99297
709.6	0.99251
709.8	0.99167
710.0	0.99126
710.2	0.99078
710.4	0.99042
710.6	0.99015
710.8	0.99
711.0	0.98973
711.2	0.98948
711.4	0.98956
711.6	0.98931
711.8	0.98991
712.0	0.99042
712.2	0.99048
712.4	0.99085
712.6	0.99135
712.8	0.99187
713.0	0.99254
713.2	0.99302
713.4	0.99336
713.6	0.99417
713.8	0.99465
714.0	0.99515
714.2	0.99574
714.4	0.9961
714.6	0.99626
714.8	0.9966
715.0	0.99671
715.2	0.99695
715.4	0.99705
715.6	0.99693
715.8	0.99694
716.0	0.99662
716.2	0.99627
716.4	0.9961
716.6	0.99552
716.8	0.99511
717.0	0.99444
717.2	0.99399
717.4	0.9935
717.6	0.99302
717.8	0.99226
718.0	0.99155
718.2	0.99101
718.4	0.99079
718.6	0.99004
718.8	0.98957
719.0	0.98945
719.2	0.98936
719.4	0.9889
719.6	0.98877
719.8	0.98897
720.0	0.98869
720.2	0.98883
720.4	0.98915
720.6	0.98931
720.8	0.9897
721.0	0.99023
721.2	0.99083
721.4	0.99151
721.6	0.99225
721.8	0.99269
722.0	0.99306
722.2	0.99336
722.4	0.99409
722.6	0.99441
722.8	0.99507
723.0	0.99583
723.2	0.99638
723.4	0.99634
723.6	0.99709
723.8	0.99728
724.0	0.99732
724.2	0.99795
724.4	0.99806
724.6	0.998
724.8	0.99751
725.0	0.9972
725.2	0.99731
725.4	0.99698
725.6	0.9966
725.8	0.99621
726.0	0.99593
726.2	0.99586
726.4	0.99481
726.6	0.99441
726.8	0.99392
727.0	0.99392
727.2	0.99336
727.4	0.99302
727.6	0.99254
727.8	0.99213
728.0	0.99227
728.2	0.99159
728.4	0.99133
728.6	0.99133
728.8	0.99102
729.0	0.99173
729.2	0.9917
729.4	0.99167
729.6	0.99177
729.8	0.99173
730.0	0.99218
730.2	0.99229
730.4	0.9926
730.6	0.99294
730.8	0.99329
731.0	0.99364
731.2	0.99425
731.4	0.99417
731.6	0.99505
731.8	0.99507
732.0	0.99521
732.2	0.99559
732.4	0.99538
732.6	0.99554
732.8	0.99574
733.0	0.99611
733.2	0.99629
733.4	0.99612
733.6	0.99582
733.8	0.99577
734.0	0.99518
734.2	0.99441
734.4	0.99462
734.6	0.99408
734.8	0.99362
735.0	0.99334
735.2	0.99311
735.4	0.99255
735.6	0.99201
735.8	0.99125
736.0	0.99073
736.2	0.9907
736.4	0.99048
736.6	0.98975
736.8	0.98939
737.0	0.98886
737.2	0.98853
737.4	0.9887
737.6	0.9885
737.8	0.98801
738.0	0.98604
738.2	0.9854
738.4	0.98634
738.6	0.98657
738.8	0.98572
739.0	0.98653
739.2	0.98709
739.4	0.98703
739.6	0.98804
739.8	0.98843
740.0	0.98791
740.2	0.98889
740.4	0.98975
740.6	0.98986
740.8	0.99028
741.0	0.99144
741.2	0.99147
741.4	0.99197
741.6	0.99252
741.8	0.99284
742.0	0.99376
742.2	0.99355
742.4	0.99344
742.6	0.99384
742.8	0.99392
743.0	0.99457
743.2	0.99482
743.4	0.99442
743.6	0.99372
743.8	0.99445
744.0	0.99341
744.2	0.99394
744.4	0.99276
744.6	0.99219
744.8	0.99213
745.0	0.99199
745.2	0.99046
745.4	0.99016
745.6	0.98948
745.8	0.98975
746.0	0.98907
746.2	0.98829
746.4	0.98732
746.6	0.98751
746.8	0.98635
747.0	0.98556
747.2	0.98542
747.4	0.9853
747.6	0.98487
747.8	0.98427
748.0	0.98481
748.2	0.98389
748.4	0.98384
748.6	0.98368
748.8	0.98334
749.0	0.98412
749.2	0.98404
749.4	0.9844
749.6	0.98451
749.8	0.98497
750.0	0.98523
750.2	0.9856
750.4	0.98564
750.6	0.98691
750.8	0.98672
751.0	0.98727
751.2	0.988
751.4	0.98845
751.6	0.98876
751.8	0.98988
752.0	0.98951
752.2	0.99028
752.4	0.98999
752.6	0.99108
752.8	0.99121
753.0	0.99135
753.2	0.99165
753.4	0.99216
753.6	0.99259
753.8	0.99187
754.0	0.99193
754.2	0.99219
754.4	0.99171
754.6	0.9921
754.8	0.99148
755.0	0.99111
755.2	0.99122
755.4	0.99114
755.6	0.99077
755.8	0.99016
756.0	0.99025
756.2	0.99003
756.4	0.98897
756.6	0.98859
756.8	0.98851
757.0	0.98812
757.2	0.98735
757.4	0.9864
757.6	0.9868
757.8	0.98642
758.0	0.9864
758.2	0.98645
758.4	0.98599
758.6	0.98549
758.8	0.98583
759.0	0.98556
759.2	0.98581
759.4	0.98565
759.6	0.98555
759.8	0.98635
760.0	0.98638
760.2	0.98647
760.4	0.9866
760.6	0.98643
760.8	0.98688
761.0	0.98694
761.2	0.98698
761.4	0.98811
761.6	0.98839
761.8	0.98855
762.0	0.98931
762.2	0.98944
762.4	0.99
762.6	0.99038
762.8	0.99002
763.0	0.99143
763.2	0.99067
763.4	0.99152
763.6	0.99205
763.8	0.99105
764.0	0.99201
764.2	0.99167
764.4	0.99266
764.6	0.99148
764.8	0.99242
765.0	0.99148
765.2	0.99165
765.4	0.99237
765.6	0.99143
765.8	0.99139
766.0	0.99142
766.2	0.99087
766.4	0.99048
766.6	0.99019
766.8	0.98993
767.0	0.99013
767.2	0.98949
767.4	0.98887
767.6	0.98825
767.8	0.98794
768.0	0.98794
768.2	0.98781
768.4	0.98697
768.6	0.98665
768.8	0.98608
769.0	0.98567
769.2	0.98587
769.4	0.98552
769.6	0.98541
769.8	0.98523
770.0	0.98558
770.2	0.98513
770.4	0.9849
770.6	0.98427
770.8	0.98463
771.0	0.98435
771.2	0.98487
771.4	0.98476
771.6	0.9846
771.8	0.98477
772.0	0.98429
772.2	0.98445
772.4	0.98464
772.6	0.98421
772.8	0.98478
773.0	0.98484
773.2	0.98476
773.4	0.98514
773.6	0.98503
773.8	0.98521
774.0	0.9845
774.2	0.98494
774.4	0.98483
774.6	0.98452
774.8	0.98456
775.0	0.98474
775.2	0.98486
775.4	0.98451
775.6	0.98411
775.8	0.98412
776.0	0.98381
776.2	0.98322
776.4	0.98364
776.6	0.98355
776.8	0.98308
777.0	0.98294
777.2	0.98256
777.4	0.98232
777.6	0.98207
777.8	0.98233
778.0	0.98216
778.2	0.98161
778.4	0.98148
778.6	0.98147
778.8	0.9809
779.0	0.98076
779.2	0.98096
779.4	0.98154
779.6	0.98091
779.8	0.981
780.0	0.98147
780.2	0.98157
780.4	0.98209
780.6	0.98174
780.8	0.98236
781.0	0.98277
781.2	0.98271
781.4	0.98273
781.6	0.98257
781.8	0.98305
782.0	0.98369
782.2	0.98407
782.4	0.98477
782.6	0.98466
782.8	0.985
783.0	0.98446
783.2	0.98525
783.4	0.98528
783.6	0.98463
783.8	0.98555
784.0	0.98471
784.2	0.98478
784.4	0.98484
784.6	0.98433
784.8	0.98383
785.0	0.98351
785.2	0.98321
785.4	0.98249
785.6	0.98146
785.8	0.98057
786.0	0.97944
786.2	0.97904
786.4	0.97722
786.6	0.97638
786.8	0.97528
787.0	0.9734
787.2	0.97226
787.4	0.9708
787.6	0.96937
787.8	0.9677
788.0	0.96672
788.2	0.96531
788.4	0.96386
788.6	0.96244
788.8	0.96064
789.0	0.95841
789.2	0.95766
789.4	0.95583
789.6	0.95526
789.8	0.95451
790.0	0.95329
790.2	0.95229
790.4	0.95125
790.6	0.95076
790.8	0.94997
791.0	0.94996
791.2	0.94991
791.4	0.95013
791.6	0.95019
791.8	0.95006
792.0	0.95014
792.2	0.95099
792.4	0.95198
792.6	0.95306
792.8	0.95409
793.0	0.95496
793.2	0.95633
793.4	0.95753
793.6	0.95902
793.8	0.96006
794.0	0.9623
794.2	0.96441
794.4	0.96592
794.6	0.96768
794.8	0.96911
795.0	0.97162
795.2	0.97235
795.4	0.97434
795.6	0.97534
795.8	0.97554
796.0	0.9775
796.2	0.97835
796.4	0.97821
796.6	0.97897
796.8	0.97899
797.0	0.97959
797.2	0.97922
797.4	0.97873
797.6	0.97819
797.8	0.97738
798.0	0.97647
798.2	0.97467
798.4	0.97347
798.6	0.97238
798.8	0.97089
799.0	0.96874
799.2	0.96753
799.4	0.96551
799.6	0.96428
799.8	0.96404
800.0	0.96223
800.2	0.96195
800.4	0.96148
800.6	0.95995
800.8	0.96032
801.0	0.96143
801.2	0.96235
801.4	0.9633
801.6	0.96497
801.8	0.96716
802.0	0.96906
802.2	0.97124
802.4	0.97331
802.6	0.9737
802.8	0.97377
803.0	0.97202
803.2	0.96881
803.4	0.96244
803.6	0.95279
803.8	0.93986
804.0	0.92151
804.2	0.89913
804.4	0.87008
804.6	0.83598
804.8	0.79685
805.0	0.75227
805.2	0.70406
805.4	0.65299
805.6	0.60064
805.8	0.54713
806.0	0.49487
806.2	0.44401
806.4	0.39648
806.6	0.35215
806.8	0.31145
807.0	0.27447
807.2	0.24127
807.4	0.21192
807.6	0.18578
807.8	0.16287
808.0	0.14287
808.2	0.12528
808.4	0.10993
808.6	0.09667
808.8	0.08496
809.0	0.07475
809.2	0.0659
809.4	0.05817
809.6	0.05147
809.8	0.04557
810.0	0.04046
810.2	0.03596
810.4	0.03235
810.6	0.02885
810.8	0.02577
811.0	0.02302
811.2	0.02065
811.4	0.01851
811.6	0.01659
811.8	0.01493
812.0	0.01346
812.2	0.01212
812.4	0.01092
812.6	0.00987
812.8	0.00891
813.0	0.00808
813.2	0.00734
813.4	0.00665
813.6	0.00606
813.8	0.00552
814.0	0.00501
814.2	0.00458
814.4	0.00418
814.6	0.00382
814.8	0.0035
815.0	0.0032
815.2	0.00293
815.4	0.0027
815.6	0.00248
815.8	0.00228
816.0	0.00211
816.2	0.00194
816.4	0.00177
816.6	0.00165
816.8	0.00153
817.0	0.00141
817.2	0.00131
817.4	0.00121
817.6	0.00112
817.8	0.00104
818.0	9.6284e-04
818.2	8.9777e-04
818.4	8.3624e-04
818.6	7.7387e-04
818.8	7.2864e-04
819.0	6.7341e-04
819.2	6.2781e-04
819.4	5.8766e-04
819.6	5.5354e-04
819.8	5.163e-04
820.0	4.8107e-04
820.2	4.7216e-04
820.4	4.412e-04
820.6	4.1228e-04
820.8	3.8524e-04
821.0	3.6051e-04
821.2	3.3814e-04
821.4	3.1716e-04
821.6	2.9748e-04
821.8	2.7939e-04
822.0	2.6257e-04
822.2	2.4677e-04
822.4	2.3191e-04
822.6	2.187e-04
822.8	2.0624e-04
823.0	1.945e-04
823.2	1.8338e-04
823.4	1.7281e-04
823.6	1.6284e-04
823.8	1.5345e-04
824.0	1.4499e-04
824.2	1.3726e-04
824.4	1.2994e-04
824.6	1.23e-04
824.8	1.1639e-04
825.0	1.1012e-04
825.2	1.0419e-04
825.4	9.8618e-05
825.6	9.3508e-05
825.8	8.8664e-05
826.0	8.407e-05
826.2	8.0017e-05
826.4	7.6459e-05
826.6	7.306e-05
826.8	6.9812e-05
827.0	6.6277e-05
827.2	6.2813e-05
827.4	5.953e-05
827.6	5.6449e-05
827.8	5.382e-05
828.0	5.1314e-05
828.2	4.8925e-05
828.4	4.6714e-05
828.6	4.47e-05
828.8	4.2773e-05
829.0	4.0929e-05
829.2	3.9196e-05
829.4	3.7548e-05
829.6	3.597e-05
829.8	3.4459e-05
830.0	3.2832e-05
830.2	3.1281e-05
830.4	2.9804e-05
830.6	2.8397e-05
830.8	2.7056e-05
831.0	2.5778e-05
831.2	2.4561e-05
831.4	2.3468e-05
831.6	2.2569e-05
831.8	2.1705e-05
832.0	2.0873e-05
832.2	2.0074e-05
832.4	1.9305e-05
832.6	1.8565e-05
832.8	1.7854e-05
833.0	1.7171e-05
833.2	1.6513e-05
833.4	1.588e-05
833.6	1.5272e-05
833.8	1.4687e-05
834.0	1.4125e-05
834.2	1.3584e-05
834.4	1.3063e-05
834.6	1.2563e-05
834.8	1.2086e-05
835.0	1.1708e-05
835.2	1.1342e-05
835.4	1.0987e-05
835.6	1.0643e-05
835.8	1.031e-05
836.0	9.9874e-06
836.2	9.6749e-06
836.4	9.3722e-06
836.6	9.0789e-06
836.8	8.7949e-06
837.0	8.5197e-06
837.2	8.2531e-06
837.4	7.9949e-06
837.6	7.7447e-06
837.8	7.5024e-06
838.0	7.2677e-06
838.2	7.0403e-06
838.4	6.8031e-06
838.6	6.57e-06
838.8	6.3448e-06
839.0	6.1274e-06
839.2	5.9174e-06
839.4	5.7147e-06
839.6	5.5188e-06
839.8	5.3297e-06
840.0	5.1471e-06
840.2	4.9707e-06
840.4	4.8004e-06
840.6	4.6359e-06
840.8	4.477e-06
841.0	4.3236e-06
841.2	4.1883e-06
841.4	4.0921e-06
841.6	3.9981e-06
841.8	3.9063e-06
842.0	3.8166e-06
842.2	3.7289e-06
842.4	3.6433e-06
842.6	3.5596e-06
842.8	3.4778e-06
843.0	3.398e-06
843.2	3.3199e-06
843.4	3.2437e-06
843.6	3.1692e-06
843.8	3.0964e-06
844.0	3.0253e-06
844.2	2.9558e-06
844.4	2.8879e-06
844.6	2.8219e-06
844.8	2.774e-06
845.0	2.727e-06
845.2	2.6807e-06
845.4	2.6352e-06
845.6	2.5905e-06
845.8	2.5465e-06
846.0	2.5033e-06
846.2	2.4609e-06
846.4	2.4191e-06
846.6	2.3781e-06
846.8	2.3377e-06
847.0	2.2981e-06
847.2	2.2591e-06
847.4	2.2207e-06
847.6	2.1831e-06
847.8	2.146e-06
848.0	2.1096e-06
848.2	2.0702e-06
848.4	2.0306e-06
848.6	1.9918e-06
848.8	1.9537e-06
849.0	1.9163e-06
849.2	1.8797e-06
849.4	1.8437e-06
849.6	1.8085e-06
849.8	1.7739e-06
850.0	1.74e-06
850.2	1.7067e-06
850.4	1.674e-06
850.6	1.642e-06
850.8	1.6106e-06
851.0	1.5827e-06
851.2	1.5626e-06
851.4	1.5427e-06
851.6	1.5231e-06
851.8	1.5038e-06
852.0	1.4847e-06
852.2	1.4659e-06
852.4	1.4473e-06
852.6	1.4289e-06
852.8	1.4108e-06
853.0	1.3929e-06
853.2	1.3752e-06
853.4	1.3577e-06
853.6	1.3405e-06
853.8	1.3235e-06
854.0	1.3067e-06
854.2	1.2901e-06
854.4	1.2742e-06
854.6	1.2696e-06
854.8	1.265e-06
855.0	1.2604e-06
855.2	1.2559e-06
855.4	1.2513e-06
855.6	1.2468e-06
855.8	1.2423e-06
856.0	1.2378e-06
856.2	1.2333e-06
856.4	1.2289e-06
856.6	1.2244e-06
856.8	1.22e-06
857.0	1.2156e-06
857.2	1.2112e-06
857.4	1.2068e-06
857.6	1.2025e-06
857.8	1.1981e-06
858.0	1.1806e-06
858.2	1.1603e-06
858.4	1.1403e-06
858.6	1.1208e-06
858.8	1.1015e-06
859.0	1.0826e-06
859.2	1.064e-06
859.4	1.0457e-06
859.6	1.0278e-06
859.8	1.0101e-06
860.0	9.9275e-07
860.2	9.757e-07
860.4	9.5894e-07
860.6	9.4247e-07
860.8	9.2904e-07
861.0	9.2445e-07
861.2	9.1988e-07
861.4	9.1534e-07
861.6	9.1082e-07
861.8	9.0632e-07
862.0	9.0184e-07
862.2	8.9738e-07
862.4	8.9295e-07
862.6	8.8854e-07
862.8	8.8415e-07
863.0	8.7978e-07
863.2	8.7543e-07
863.4	8.7111e-07
863.6	8.6681e-07
863.8	8.6252e-07
864.0	8.5826e-07
864.2	8.5416e-07
864.4	8.5696e-07
864.6	8.5976e-07
864.8	8.6258e-07
865.0	8.654e-07
865.2	8.6823e-07
865.4	8.7108e-07
865.6	8.7393e-07
865.8	8.7679e-07
866.0	8.7966e-07
866.2	8.8254e-07
866.4	8.8543e-07
866.6	8.8832e-07
866.8	8.9123e-07
867.0	8.9415e-07
867.2	8.9708e-07
867.4	9.0001e-07
867.6	9.0296e-07
867.8	9.0209e-07
868.0	9.0031e-07
868.2	8.9853e-07
868.4	8.9675e-07
868.6	8.9497e-07
868.8	8.932e-07
869.0	8.9143e-07
869.2	8.8967e-07
869.4	8.8791e-07
869.6	8.8615e-07
869.8	8.844e-07
870.0	8.8265e-07
870.2	8.809e-07
870.4	8.7915e-07
870.6	8.7712e-07
870.8	8.7404e-07
871.0	8.7098e-07
871.2	8.6793e-07
871.4	8.6488e-07
871.6	8.6185e-07
871.8	8.5883e-07
872.0	8.5582e-07
872.2	8.5268e-07
872.4	8.4908e-07
872.6	8.455e-07
872.8	8.4194e-07
873.0	8.3839e-07
873.2	8.3485e-07
873.4	8.3133e-07
873.6	8.2782e-07
873.8	8.2433e-07
874.0	8.21e-07
874.2	8.3159e-07
874.4	8.4231e-07
874.6	8.5318e-07
874.8	8.6418e-07
875.0	8.7533e-07
875.2	8.8662e-07
875.4	8.9805e-07
875.6	9.0944e-07
875.8	9.1468e-07
876.0	9.1996e-07
876.2	9.2526e-07
876.4	9.3059e-07
876.6	9.3595e-07
876.8	9.4135e-07
877.0	9.4677e-07
877.2	9.5223e-07
877.4	9.5772e-07
877.6	9.6072e-07
877.8	9.6315e-07
878.0	9.6558e-07
878.2	9.6801e-07
878.4	9.7046e-07
878.6	9.7291e-07
878.8	9.7536e-07
879.0	9.7782e-07
879.2	9.5802e-07
879.4	9.3421e-07
879.6	9.11e-07
879.8	8.8836e-07
880.0	8.6628e-07
880.2	8.4475e-07
880.4	8.2376e-07
880.6	8.0329e-07
880.8	7.8332e-07
881.0	7.6386e-07
881.2	7.6102e-07
881.4	7.676e-07
881.6	7.7423e-07
881.8	7.8093e-07
882.0	7.8768e-07
882.2	7.9449e-07
882.4	8.0136e-07
882.6	8.0828e-07
882.8	8.1527e-07
883.0	8.3086e-07
883.2	8.5225e-07
883.4	8.7418e-07
883.6	8.9668e-07
883.8	9.1976e-07
884.0	9.4343e-07
884.2	9.6772e-07
884.4	9.9262e-07
884.6	1.0182e-06
884.8	1.03e-06
885.0	1.0322e-06
885.2	1.0343e-06
885.4	1.0365e-06
885.6	1.0387e-06
885.8	1.0408e-06
886.0	1.043e-06
886.2	1.0452e-06
886.4	1.0474e-06
886.6	1.0658e-06
886.8	1.0967e-06
887.0	1.1285e-06
887.2	1.1612e-06
887.4	1.1949e-06
887.6	1.2295e-06
887.8	1.2651e-06
888.0	1.3018e-06
888.2	1.3395e-06
888.4	1.3634e-06
888.6	1.3764e-06
888.8	1.3894e-06
889.0	1.4027e-06
889.2	1.416e-06
889.4	1.4295e-06
889.6	1.4431e-06
889.8	1.4568e-06
890.0	1.4707e-06
890.2	1.5012e-06
890.4	1.5457e-06
890.6	1.5916e-06
890.8	1.6388e-06
891.0	1.6874e-06
891.2	1.7375e-06
891.4	1.789e-06
891.6	1.8421e-06
891.8	1.8967e-06
892.0	1.9544e-06
892.2	2.0152e-06
892.4	2.0778e-06
892.6	2.1424e-06
892.8	2.209e-06
893.0	2.2777e-06
893.2	2.3485e-06
893.4	2.4215e-06
893.6	2.4967e-06
893.8	2.573e-06
894.0	2.6506e-06
894.2	2.7304e-06
894.4	2.8127e-06
894.6	2.8974e-06
894.8	2.9847e-06
895.0	3.0746e-06
895.2	3.1672e-06
895.4	3.2626e-06
895.6	3.3833e-06
895.8	3.5282e-06
896.0	3.6794e-06
896.2	3.837e-06
896.4	4.0014e-06
896.6	4.1728e-06
896.8	4.3516e-06
897.0	4.538e-06
897.2	4.7325e-06
897.4	4.8889e-06
897.6	5.0101e-06
897.8	5.1343e-06
898.0	5.2615e-06
898.2	5.392e-06
898.4	5.5256e-06
898.6	5.6626e-06
898.8	5.803e-06
899.0	5.9468e-06
899.2	6.1382e-06
899.4	6.3748e-06
899.6	6.6205e-06
899.8	6.8757e-06
900.0	7.1406e-06
900.2	7.4158e-06
900.4	7.7016e-06
900.6	7.9985e-06
900.8	8.3067e-06
901.0	8.5774e-06
901.2	8.8145e-06
901.4	9.0582e-06
901.6	9.3086e-06
901.8	9.5659e-06
902.0	9.8304e-06
902.2	1.0102e-05
902.4	1.0381e-05
902.6	1.0668e-05
902.8	1.0884e-05
903.0	1.1039e-05
903.2	1.1196e-05
903.4	1.1356e-05
903.6	1.1517e-05
903.8	1.1681e-05
904.0	1.1848e-05
904.2	1.2016e-05
904.4	1.2187e-05
904.6	1.2277e-05
904.8	1.2302e-05
905.0	1.2327e-05
905.2	1.2352e-05
905.4	1.2377e-05
905.6	1.2402e-05
905.8	1.2427e-05
906.0	1.2452e-05
906.2	1.2477e-05
906.4	1.2435e-05
906.6	1.2343e-05
906.8	1.2252e-05
907.0	1.2161e-05
907.2	1.2072e-05
907.4	1.1982e-05
907.6	1.1894e-05
907.8	1.1806e-05
908.0	1.1718e-05
908.2	1.1573e-05
908.4	1.1389e-05
908.6	1.1207e-05
908.8	1.1029e-05
909.0	1.0853e-05
909.2	1.068e-05
909.4	1.051e-05
909.6	1.0343e-05
909.8	1.0178e-05
910.0	1.0035e-05
910.2	9.9072e-06
910.4	9.7809e-06
910.6	9.6561e-06
910.8	9.533e-06
911.0	9.4114e-06
911.2	9.2914e-06
911.4	9.1729e-06
911.6	9.0559e-06
911.8	8.9469e-06
912.0	8.8433e-06
912.2	8.7409e-06
912.4	8.6397e-06
912.6	8.5397e-06
912.8	8.4408e-06
913.0	8.343e-06
913.2	8.2464e-06
913.4	8.1509e-06
913.6	8.0828e-06
913.8	8.03e-06
914.0	7.9775e-06
914.2	7.9254e-06
914.4	7.8736e-06
914.6	7.8221e-06
914.8	7.771e-06
915.0	7.7202e-06
915.2	7.6697e-06
915.4	7.6027e-06
915.6	7.5277e-06
915.8	7.4535e-06
916.0	7.38e-06
916.2	7.3072e-06
916.4	7.2352e-06
916.6	7.1638e-06
916.8	7.0931e-06
917.0	7.0232e-06
917.2	7.0059e-06
917.4	7.0126e-06
917.6	7.0194e-06
917.8	7.0261e-06
918.0	7.0329e-06
918.2	7.0396e-06
918.4	7.0464e-06
918.6	7.0531e-06
918.8	7.0599e-06
919.0	7.055e-06
919.2	7.0454e-06
919.4	7.0358e-06
919.6	7.0262e-06
919.8	7.0167e-06
920.0	7.0071e-06
920.2	6.9976e-06
920.4	6.9881e-06
920.6	6.9786e-06
920.8	7.0249e-06
921.0	7.0909e-06
921.2	7.1575e-06
921.4	7.2247e-06
921.6	7.2925e-06
921.8	7.361e-06
922.0	7.4301e-06
922.2	7.4999e-06
922.4	7.5703e-06
922.6	7.6229e-06
922.8	7.6705e-06
923.0	7.7184e-06
923.2	7.7666e-06
923.4	7.8151e-06
923.6	7.8639e-06
923.8	7.913e-06
924.0	7.9624e-06
924.2	8.0121e-06
924.4	8.1194e-06
924.6	8.2418e-06
924.8	8.366e-06
925.0	8.4921e-06
925.2	8.6201e-06
925.4	8.75e-06
925.6	8.8819e-06
925.8	9.0157e-06
926.0	9.1516e-06
926.2	9.3183e-06
926.4	9.4934e-06
926.6	9.6718e-06
926.8	9.8535e-06
927.0	1.0039e-05
927.2	1.0227e-05
927.4	1.042e-05
927.6	1.0615e-05
927.8	1.0815e-05
928.0	1.1021e-05
928.2	1.1232e-05
928.4	1.1447e-05
928.6	1.1667e-05
928.8	1.189e-05
929.0	1.2117e-05
929.2	1.2349e-05
929.4	1.2586e-05
929.6	1.2827e-05
929.8	1.3116e-05
930.0	1.3415e-05
930.2	1.3721e-05
930.4	1.4034e-05
930.6	1.4354e-05
930.8	1.4681e-05
931.0	1.5016e-05
931.2	1.5358e-05
931.4	1.5709e-05
931.6	1.5872e-05
931.8	1.6032e-05
932.0	1.6193e-05
932.2	1.6525e-05
932.4	1.6864e-05
932.6	1.7209e-05
932.8	1.7562e-05
933.0	1.7922e-05
933.2	1.829e-05
933.4	1.8665e-05
933.6	1.9047e-05
933.8	1.9438e-05
934.0	1.9836e-05
934.2	2.0243e-05
934.4	2.0658e-05
934.6	2.1081e-05
934.8	2.1309e-05
935.0	2.1526e-05
935.2	2.1746e-05
935.4	2.1968e-05
935.6	2.2192e-05
935.8	2.2419e-05
936.0	2.2647e-05
936.2	2.2879e-05
936.4	2.3112e-05
936.6	2.3348e-05
936.8	2.3586e-05
937.0	2.3827e-05
937.2	2.407e-05
937.4	2.4316e-05
937.6	2.4564e-05
937.8	2.4815e-05
938.0	2.5068e-05
938.2	2.5324e-05
938.4	2.5014e-05
938.6	2.4705e-05
938.8	2.44e-05
939.0	2.4098e-05
939.2	2.38e-05
939.4	2.3506e-05
939.6	2.3216e-05
939.8	2.2929e-05
940.0	2.2645e-05
940.2	2.2365e-05
940.4	2.2089e-05
940.6	2.1816e-05
940.8	2.1546e-05
941.0	2.128e-05
941.2	2.1017e-05
941.4	2.0758e-05
941.6	2.0501e-05
941.8	2.0234e-05
942.0	1.9724e-05
942.2	1.9226e-05
942.4	1.8741e-05
942.6	1.8268e-05
942.8	1.7807e-05
943.0	1.7357e-05
943.2	1.6919e-05
943.4	1.6492e-05
943.6	1.6076e-05
943.8	1.567e-05
944.0	1.5275e-05
944.2	1.4889e-05
944.4	1.4513e-05
944.6	1.4147e-05
944.8	1.379e-05
945.0	1.3442e-05
945.2	1.3103e-05
945.4	1.2778e-05
945.6	1.2501e-05
945.8	1.223e-05
946.0	1.1965e-05
946.2	1.1706e-05
946.4	1.1452e-05
946.6	1.1204e-05
946.8	1.0961e-05
947.0	1.0724e-05
947.2	1.0492e-05
947.4	1.0264e-05
947.6	1.0042e-05
947.8	9.8243e-06
948.0	9.6115e-06
948.2	9.4032e-06
948.4	9.1995e-06
948.6	9.0002e-06
948.8	8.8052e-06
949.0	8.622e-06
949.2	8.4733e-06
949.4	8.3271e-06
949.6	8.1834e-06
949.8	8.0422e-06
950.0	7.9035e-06
950.2	7.7671e-06
950.4	7.6331e-06
950.6	7.5014e-06
950.8	7.372e-06
951.0	7.2448e-06
951.2	7.1198e-06
951.4	6.9969e-06
951.6	6.8762e-06
951.8	6.7576e-06
952.0	6.641e-06
952.2	6.5264e-06
952.4	6.4138e-06
952.6	6.318e-06
952.8	6.2612e-06
953.0	6.205e-06
953.2	6.1493e-06
953.4	6.0941e-06
953.6	6.0394e-06
953.8	5.9852e-06
954.0	5.9315e-06
954.2	5.8782e-06
954.4	5.8254e-06
954.6	5.7731e-06
954.8	5.7213e-06
955.0	5.67e-06
955.2	5.6191e-06
955.4	5.5686e-06
955.6	5.5186e-06
955.8	5.4691e-06
956.0	5.42e-06
956.2	5.3823e-06
956.4	5.3632e-06
956.6	5.3441e-06
956.8	5.3251e-06
957.0	5.3061e-06
957.2	5.2872e-06
957.4	5.2684e-06
957.6	5.2497e-06
957.8	5.231e-06
958.0	5.2124e-06
958.2	5.1939e-06
958.4	5.1754e-06
958.6	5.157e-06
958.8	5.1386e-06
959.0	5.1203e-06
959.2	5.1021e-06
959.4	5.084e-06
959.6	5.0659e-06
959.8	5.063e-06
960.0	5.0764e-06
960.2	5.09e-06
960.4	5.1035e-06
960.6	5.1171e-06
960.8	5.1308e-06
961.0	5.1444e-06
961.2	5.1582e-06
961.4	5.1719e-06
961.6	5.1857e-06
961.8	5.1995e-06
962.0	5.2134e-06
962.2	5.2273e-06
962.4	5.2412e-06
962.6	5.2551e-06
962.8	5.2692e-06
963.0	5.2832e-06
963.2	5.2973e-06
963.4	5.334e-06
963.6	5.3864e-06
963.8	5.4394e-06
964.0	5.4929e-06
964.2	5.547e-06
964.4	5.6016e-06
964.6	5.6567e-06
964.8	5.7123e-06
965.0	5.7685e-06
965.2	5.8253e-06
965.4	5.8826e-06
965.6	5.9404e-06
965.8	5.9989e-06
966.0	6.0579e-06
966.2	6.1175e-06
966.4	6.1777e-06
966.6	6.2384e-06
966.8	6.2998e-06
967.0	6.3915e-06
967.2	6.4963e-06
967.4	6.6027e-06
967.6	6.711e-06
967.8	6.821e-06
968.0	6.9328e-06
968.2	7.0464e-06
968.4	7.1619e-06
968.6	7.2793e-06
968.8	7.3986e-06
969.0	7.5199e-06
969.2	7.6432e-06
969.4	7.7685e-06
969.6	7.8958e-06
969.8	8.0252e-06
970.0	8.1568e-06
970.2	8.2905e-06
970.4	8.4264e-06
970.6	8.6265e-06
970.8	8.8423e-06
971.0	9.0635e-06
971.2	9.2901e-06
971.4	9.5225e-06
971.6	9.7607e-06
971.8	1.0005e-05
972.0	1.0255e-05
972.2	1.0476e-05
972.4	1.0702e-05
972.6	1.0933e-05
972.8	1.1168e-05
973.0	1.1409e-05
973.2	1.1655e-05
973.4	1.1906e-05
973.6	1.2163e-05
973.8	1.2425e-05
974.0	1.2693e-05
974.2	1.2967e-05
974.4	1.3246e-05
974.6	1.3554e-05
974.8	1.3961e-05
975.0	1.4381e-05
975.2	1.4814e-05
975.4	1.5259e-05
975.6	1.5718e-05
975.8	1.6191e-05
976.0	1.6678e-05
976.2	1.7179e-05
976.4	1.7696e-05
976.6	1.8228e-05
976.8	1.8776e-05
977.0	1.9341e-05
977.2	1.9923e-05
977.4	2.0522e-05
977.6	2.1139e-05
977.8	2.1774e-05
978.0	2.2429e-05
978.2	2.3109e-05
978.4	2.3826e-05
978.6	2.4564e-05
978.8	2.5326e-05
979.0	2.6111e-05
979.2	2.692e-05
979.4	2.7755e-05
979.6	2.8615e-05
979.8	2.9502e-05
980.0	3.0417e-05
980.2	3.136e-05
980.4	3.2332e-05
980.6	3.3334e-05
980.8	3.4368e-05
981.0	3.5433e-05
981.2	3.6531e-05
981.4	3.7664e-05
981.6	3.8831e-05
981.8	3.9779e-05
982.0	4.0232e-05
982.2	4.069e-05
982.4	4.1154e-05
982.6	4.1623e-05
982.8	4.2098e-05
983.0	4.2577e-05
983.2	4.3063e-05
983.4	4.3553e-05
983.6	4.405e-05
983.8	4.4552e-05
984.0	4.5059e-05
984.2	4.5573e-05
984.4	4.6092e-05
984.6	4.6617e-05
984.8	4.7149e-05
985.0	4.7686e-05
985.2	4.823e-05
985.4	4.8159e-05
985.6	4.7245e-05
985.8	4.6349e-05
986.0	4.547e-05
986.2	4.4608e-05
986.4	4.3762e-05
986.6	4.2932e-05
986.8	4.2117e-05
987.0	4.1319e-05
987.2	4.0535e-05
987.4	3.9766e-05
987.6	3.9012e-05
987.8	3.8272e-05
988.0	3.7546e-05
988.2	3.6834e-05
988.4	3.6135e-05
988.6	3.545e-05
988.8	3.4778e-05
989.0	3.3924e-05
989.2	3.2913e-05
989.4	3.1932e-05
989.6	3.0981e-05
989.8	3.0058e-05
990.0	2.9162e-05
990.2	2.8294e-05
990.4	2.7451e-05
990.6	2.6633e-05
990.8	2.5839e-05
991.0	2.5069e-05
991.2	2.4323e-05
991.4	2.3598e-05
991.6	2.2895e-05
991.8	2.2213e-05
992.0	2.1551e-05
992.2	2.0909e-05
992.4	2.0286e-05
992.6	1.9714e-05
992.8	1.9177e-05
993.0	1.8655e-05
993.2	1.8147e-05
993.4	1.7654e-05
993.6	1.7173e-05
993.8	1.6706e-05
994.0	1.6251e-05
994.2	1.5809e-05
994.4	1.5378e-05
994.6	1.496e-05
994.8	1.4553e-05
995.0	1.4157e-05
995.2	1.3771e-05
995.4	1.3396e-05
995.6	1.3032e-05
995.8	1.2677e-05
996.0	1.2332e-05
996.2	1.2055e-05
996.4	1.1806e-05
996.6	1.1561e-05
996.8	1.1322e-05
997.0	1.1087e-05
997.2	1.0858e-05
997.4	1.0633e-05
997.6	1.0413e-05
997.8	1.0198e-05
998.0	9.9864e-06
998.2	9.7797e-06
998.4	9.5773e-06
998.6	9.379e-06
998.8	9.1849e-06
999.0	8.9948e-06
999.2	8.8086e-06
999.4	8.6262e-06
999.6	8.4477e-06
999.8	8.5083e-06
1000.0	8.6119e-06
1000.2	8.6791e-06
1000.4	8.7469e-06
1000.6	8.8152e-06
1000.8	8.7563e-06
1001.0	8.6926e-06
1001.2	8.6293e-06
1001.4	8.5664e-06
1001.6	8.4502e-06
1001.8	8.2796e-06
1002.0	8.1124e-06
1002.2	7.9486e-06
1002.4	7.7886e-06
1002.6	7.7167e-06
1002.8	7.6455e-06
1003.0	7.575e-06
1003.2	7.5051e-06
1003.4	7.354e-06
1003.6	7.1355e-06
1003.8	6.9236e-06
1004.0	6.7179e-06
1004.2	6.5339e-06
1004.4	6.6204e-06
1004.6	6.7081e-06
1004.8	6.7969e-06
1005.0	6.8869e-06
1005.2	6.8742e-06
1005.4	6.7872e-06
1005.6	6.7014e-06
1005.8	6.6166e-06
1006.0	6.5489e-06
1006.2	6.6181e-06
1006.4	6.6881e-06
1006.6	6.7589e-06
1006.8	6.8303e-06
1007.0	6.7349e-06
1007.2	6.5455e-06
1007.4	6.3615e-06
1007.6	6.1826e-06
1007.8	6.0366e-06
1008.0	6.0386e-06
1008.2	6.0405e-06
1008.4	6.0425e-06
1008.6	6.0445e-06
1008.8	5.9941e-06
1009.0	5.9203e-06
1009.2	5.8474e-06
1009.4	5.7754e-06
1009.6	5.7512e-06
1009.8	5.9006e-06
1010.0	6.0539e-06
1010.2	6.2111e-06
1010.4	6.3725e-06
1010.6	6.2634e-06
1010.8	6.0641e-06
1011.0	5.8711e-06
1011.2	5.6842e-06
1011.4	5.5663e-06
1011.6	5.621e-06
1011.8	5.6762e-06
1012.0	5.732e-06
1012.2	5.7883e-06
1012.4	5.8843e-06
1012.6	5.9919e-06
1012.8	6.1015e-06
1013.0	6.213e-06
1013.2	6.2394e-06
1013.4	6.0917e-06
1013.6	5.9475e-06
1013.8	5.8067e-06
1014.0	5.6692e-06
1014.2	5.5206e-06
1014.4	5.3736e-06
1014.6	5.2306e-06
1014.8	5.0913e-06
1015.0	5.0791e-06
1015.2	5.2614e-06
1015.4	5.4502e-06
1015.6	5.6459e-06
1015.8	5.8485e-06
1016.0	5.9779e-06
1016.2	6.1036e-06
1016.4	6.232e-06
1016.6	6.363e-06
1016.8	6.3939e-06
1017.0	6.3056e-06
1017.2	6.2186e-06
1017.4	6.1328e-06
1017.6	6.0481e-06
1017.8	6.1596e-06
1018.0	6.2753e-06
1018.2	6.3931e-06
1018.4	6.5131e-06
1018.6	6.4905e-06
1018.8	6.34e-06
1019.0	6.193e-06
1019.2	6.0495e-06
1019.4	5.9278e-06
1019.6	6.1007e-06
1019.8	6.2787e-06
1020.0	6.4618e-06
1020.2	6.6503e-06
1020.4	6.7031e-06
1020.6	6.6612e-06
1020.8	6.6196e-06
1021.0	6.5782e-06
1021.2	6.5398e-06
1021.4	6.5197e-06
1021.6	6.4996e-06
1021.8	6.4796e-06
1022.0	6.4597e-06
1022.2	6.5497e-06
1022.4	6.6978e-06
1022.6	6.8493e-06
1022.8	7.0041e-06
1023.0	7.1701e-06
1023.2	7.37e-06
1023.4	7.5755e-06
1023.6	7.7868e-06
1023.8	8.0039e-06
1024.0	7.9438e-06
1024.2	7.7876e-06
1024.4	7.6345e-06
1024.6	7.4843e-06
1024.8	7.5418e-06
1025.0	8.1566e-06
1025.2	8.3563e-06
1025.4	8.5608e-06
1025.6	8.7703e-06
1025.8	8.9027e-06
1026.0	8.9925e-06
1026.2	9.0832e-06
1026.4	9.1748e-06
1026.6	9.3277e-06
1026.8	9.7587e-06
1027.0	1.021e-05
1027.2	1.0681e-05
1027.4	1.1175e-05
1027.6	1.1129e-05
1027.8	1.0869e-05
1028.0	1.0615e-05
1028.2	1.0366e-05
1028.4	1.0213e-05
1028.6	1.034e-05
1028.8	1.0469e-05
1029.0	1.06e-05
1029.2	1.0732e-05
1029.4	1.1067e-05
1029.6	1.1473e-05
1029.8	1.1894e-05
1030.0	1.233e-05
1030.2	1.2524e-05
1030.4	1.2154e-05
1030.6	1.1795e-05
1030.8	1.1446e-05
1031.0	1.1108e-05
1031.2	1.1499e-05
1031.4	1.2046e-05
1031.6	1.2618e-05
1031.8	1.3218e-05
1032.0	1.3681e-05
1032.2	1.3887e-05
1032.4	1.4096e-05
1032.6	1.4308e-05
1032.8	1.4523e-05
1033.0	1.466e-05
1033.2	1.4791e-05
1033.4	1.4923e-05
1033.6	1.5056e-05
1033.8	1.5377e-05
1034.0	1.5939e-05
1034.2	1.6522e-05
1034.4	1.7127e-05
1034.6	1.7753e-05
1034.8	1.7679e-05
1035.0	1.7598e-05
1035.2	1.7518e-05
1035.4	1.7437e-05
1035.6	1.793e-05
1035.8	1.8987e-05
1036.0	2.0105e-05
1036.2	2.129e-05
1036.4	2.2493e-05
1036.6	2.2947e-05
1036.8	2.341e-05
1037.0	2.3883e-05
1037.2	2.4365e-05
1037.4	2.4806e-05
1037.6	2.522e-05
1037.8	2.5641e-05
1038.0	2.6069e-05
1038.2	2.6589e-05
1038.4	2.7656e-05
1038.6	2.8766e-05
1038.8	2.992e-05
1039.0	3.112e-05
1039.2	3.1946e-05
1039.4	3.2588e-05
1039.6	3.3242e-05
1039.8	3.391e-05
1040.0	3.4788e-05
1040.2	3.6437e-05
1040.4	3.8165e-05
1040.6	3.9975e-05
1040.8	4.187e-05
1041.0	4.2765e-05
1041.2	4.3323e-05
1041.4	4.3889e-05
1041.6	4.4462e-05
1041.8	4.5439e-05
1042.0	4.7396e-05
1042.2	4.9437e-05
1042.4	5.1567e-05
1042.6	5.3788e-05
1042.8	5.5839e-05
1043.0	5.7915e-05
1043.2	6.0068e-05
1043.4	6.2302e-05
1043.6	6.4417e-05
1043.8	6.6265e-05
1044.0	6.8167e-05
1044.2	7.0123e-05
1044.4	7.2135e-05
1044.6	7.5623e-05
1044.8	7.9402e-05
1045.0	8.337e-05
1045.2	8.6903e-05
1045.4	9.0586e-05
1045.6	9.4442e-05
1045.8	9.9347e-05
1046.0	1.0451e-04
1046.2	1.0993e-04
1046.4	1.1564e-04
1046.6	1.2115e-04
1046.8	1.269e-04
1047.0	1.3293e-04
1047.2	1.3924e-04
1047.4	1.462e-04
1047.6	1.5354e-04
1047.8	1.6126e-04
1048.0	1.6937e-04
1048.2	1.8009e-04
1048.4	1.919e-04
1048.6	2.045e-04
1048.8	2.1792e-04
1049.0	2.3159e-04
1049.2	2.4595e-04
1049.4	2.612e-04
1049.6	2.774e-04
1049.8	2.9635e-04
1050.0	3.1725e-04
1050.2	3.3962e-04
1050.4	3.6358e-04
1050.6	3.9147e-04
1050.8	4.2263e-04
1051.0	4.5626e-04
1051.2	4.9257e-04
1051.4	5.3203e-04
1051.6	5.748e-04
1051.8	6.2102e-04
1052.0	6.7094e-04
1052.2	7.3486e-04
1052.4	8.1305e-04
1052.6	8.9955e-04
1052.8	9.9525e-04
1053.0	0.00111
1053.2	0.00123
1053.4	0.00138
1053.6	0.00154
1053.8	0.00172
1054.0	0.00193
1054.2	0.00217
1054.4	0.00243
1054.6	0.00275
1054.8	0.00314
1055.0	0.00358
1055.2	0.00409
1055.4	0.0046
1055.6	0.00503
1055.8	0.00549
1056.0	0.006
1056.2	0.00642
1056.4	0.00654
1056.6	0.00666
1056.8	0.00679
1057.0	0.00676
1057.2	0.00633
1057.4	0.00593
1057.6	0.00555
1057.8	0.00516
1058.0	0.00463
1058.2	0.00416
1058.4	0.00373
1058.6	0.00336
1058.8	0.00307
1059.0	0.00281
1059.2	0.00257
1059.4	0.00235
1059.6	0.00216
1059.8	0.00198
1060.0	0.00182
1060.2	0.00167
1060.4	0.00156
1060.6	0.00145
1060.8	0.00135
1061.0	0.00126
1061.2	0.00119
1061.4	0.00113
1061.6	0.00107
1061.8	0.00101
1062.0	9.5669e-04
1062.2	9.0861e-04
1062.4	8.6294e-04
1062.6	8.1958e-04
1062.8	7.8164e-04
1063.0	7.457e-04
1063.2	7.1142e-04
1063.4	6.7872e-04
1063.6	6.5415e-04
1063.8	6.3135e-04
1064.0	6.0935e-04
1064.2	5.8811e-04
1064.4	5.7381e-04
1064.6	5.6106e-04
1064.8	5.486e-04
1065.0	5.3641e-04
1065.2	5.169e-04
1065.4	4.9811e-04
1065.6	4.8e-04
1065.8	4.6255e-04
1066.0	4.4573e-04
1066.2	4.3632e-04
1066.4	4.2966e-04
1066.6	4.2309e-04
1066.8	4.1663e-04
1067.0	4.1027e-04
1067.2	4.04e-04
1067.4	3.9783e-04
1067.6	3.9176e-04
1067.8	3.8577e-04
1068.0	3.7988e-04
1068.2	3.7408e-04
1068.4	3.6837e-04
1068.6	3.6274e-04
1068.8	3.572e-04
1069.0	3.5175e-04
1069.2	3.4637e-04
1069.4	3.4288e-04
1069.6	3.4105e-04
1069.8	3.3922e-04
1070.0	3.3741e-04
1070.2	3.356e-04
1070.4	3.338e-04
1070.6	3.3201e-04
1070.8	3.3024e-04
1071.0	3.2847e-04
1071.2	3.2671e-04
1071.4	3.2496e-04
1071.6	3.2322e-04
1071.8	3.2149e-04
1072.0	3.1977e-04
1072.2	3.1806e-04
1072.4	3.1636e-04
1072.6	3.1558e-04
1072.8	3.1663e-04
1073.0	3.1768e-04
1073.2	3.1874e-04
1073.4	3.198e-04
1073.6	3.2086e-04
1073.8	3.2193e-04
1074.0	3.23e-04
1074.2	3.2407e-04
1074.4	3.2515e-04
1074.6	3.2623e-04
1074.8	3.2731e-04
1075.0	3.284e-04
1075.2	3.2949e-04
1075.4	3.3059e-04
1075.6	3.3169e-04
1075.8	3.3325e-04
1076.0	3.3745e-04
1076.2	3.4171e-04
1076.4	3.4602e-04
1076.6	3.5039e-04
1076.8	3.5481e-04
1077.0	3.5929e-04
1077.2	3.6382e-04
1077.4	3.6841e-04
1077.6	3.7306e-04
1077.8	3.7777e-04
1078.0	3.8253e-04
1078.2	3.8736e-04
1078.4	3.9225e-04
1078.6	3.9719e-04
1078.8	4.0221e-04
1079.0	4.0728e-04
1079.2	4.1471e-04
1079.4	4.2234e-04
1079.6	4.3012e-04
1079.8	4.3804e-04
1080.0	4.461e-04
1080.2	4.5432e-04
1080.4	4.6268e-04
1080.6	4.712e-04
1080.8	4.7987e-04
1081.0	4.8871e-04
1081.2	4.9771e-04
1081.4	5.0687e-04
1081.6	5.162e-04
1081.8	5.2571e-04
1082.0	5.3539e-04
1082.2	5.4524e-04
1082.4	5.6034e-04
1082.6	5.7711e-04
1082.8	5.9439e-04
1083.0	6.1219e-04
1083.2	6.3052e-04
1083.4	6.494e-04
1083.6	6.6884e-04
1083.8	6.8887e-04
1084.0	7.095e-04
1084.2	7.3074e-04
1084.4	7.5262e-04
1084.6	7.7516e-04
1084.8	7.9837e-04
1085.0	8.2227e-04
1085.2	8.4689e-04
1085.4	8.7225e-04
1085.6	9.0569e-04
1085.8	9.4464e-04
1086.0	9.8525e-04
1086.2	0.00103
1086.4	0.00107
1086.6	0.00112
1086.8	0.00117
1087.0	0.00122
1087.2	0.00127
1087.4	0.00132
1087.6	0.00138
1087.8	0.00144
1088.0	0.0015
1088.2	0.00157
1088.4	0.00163
1088.6	0.0017
1088.8	0.0018
1089.0	0.00192
1089.2	0.00205
1089.4	0.00219
1089.6	0.00234
1089.8	0.0025
1090.0	0.00267
1090.2	0.0027
1090.4	0.00273
1090.6	0.00275
1090.8	0.00278
1091.0	0.00281
1091.2	0.00284
1091.4	0.00292
1091.6	0.00304
1091.8	0.00317
1092.0	0.0033
1092.2	0.00343
1092.4	0.00358
1092.6	0.00372
1092.8	0.00388
1093.0	0.00403
1093.2	0.0042
1093.4	0.00437
1093.6	0.00455
1093.8	0.00474
1094.0	0.00493
1094.2	0.00514
1094.4	0.00535
1094.6	0.00557
1094.8	0.0058
1095.0	0.00572
1095.2	0.00558
1095.4	0.00545
1095.6	0.00532
1095.8	0.00519
1096.0	0.00507
1096.2	0.00495
1096.4	0.00483
1096.6	0.00472
1096.8	0.0046
1097.0	0.00449
1097.2	0.00439
1097.4	0.00428
1097.6	0.00418
1097.8	0.00408
1098.0	0.00399
1098.2	0.00389
1098.4	0.00379
1098.6	0.00361
1098.8	0.00344
1099.0	0.00327
1099.2	0.00312
1099.4	0.00297
1099.6	0.00283
1099.8	0.00269
1100.0	0.00256
1100.2	0.00244
1100.4	0.00233
1100.6	0.00221
1100.8	0.00211
1101.0	0.00201
1101.2	0.00191
1101.4	0.00182
1101.6	0.00173
1101.8	0.00165
1102.0	0.00158
1102.2	0.00152
1102.4	0.00146
1102.6	0.00141
1102.8	0.00136
1103.0	0.00131
1103.2	0.00126
1103.4	0.00122
1103.6	0.00117
1103.8	0.00113
1104.0	0.00109
1104.2	0.00105
1104.4	0.00101
1104.6	9.7112e-04
1104.8	9.3551e-04
1105.0	9.0121e-04
1105.2	8.6817e-04
1105.4	8.3634e-04
1105.6	8.1101e-04
1105.8	7.9087e-04
1106.0	7.7123e-04
1106.2	7.5208e-04
1106.4	7.3341e-04
1106.6	7.1519e-04
1106.8	6.9744e-04
1107.0	6.8012e-04
1107.2	6.6323e-04
1107.4	6.4676e-04
1107.6	6.307e-04
1107.8	6.1504e-04
1108.0	5.9977e-04
1108.2	5.8488e-04
1108.4	5.7035e-04
1108.6	5.5619e-04
1108.8	5.4238e-04
1109.0	5.2891e-04
1109.2	5.2027e-04
1109.4	5.1294e-04
1109.6	5.0572e-04
1109.8	4.986e-04
1110.0	4.9158e-04
1110.2	4.8466e-04
1110.4	4.7783e-04
1110.6	4.7111e-04
1110.8	4.6447e-04
1111.0	4.5793e-04
1111.2	4.5148e-04
1111.4	4.4513e-04
1111.6	4.3886e-04
1111.8	4.3268e-04
1112.0	4.2659e-04
1112.2	4.2058e-04
1112.4	4.1466e-04
1112.6	4.0892e-04
1112.8	4.0499e-04
1113.0	4.011e-04
1113.2	3.9726e-04
1113.4	3.9344e-04
1113.6	3.8967e-04
1113.8	3.8593e-04
1114.0	3.8222e-04
1114.2	3.7856e-04
1114.4	3.7492e-04
1114.6	3.7133e-04
1114.8	3.6776e-04
1115.0	3.6423e-04
1115.2	3.6074e-04
1115.4	3.5728e-04
1115.6	3.5385e-04
1115.8	3.5045e-04
1116.0	3.4709e-04
1116.2	3.4451e-04
1116.4	3.4349e-04
1116.6	3.4248e-04
1116.8	3.4147e-04
1117.0	3.4047e-04
1117.2	3.3946e-04
1117.4	3.3847e-04
1117.6	3.3747e-04
1117.8	3.3648e-04
1118.0	3.3548e-04
1118.2	3.345e-04
1118.4	3.3351e-04
1118.6	3.3253e-04
1118.8	3.3155e-04
1119.0	3.3058e-04
1119.2	3.296e-04
1119.4	3.2863e-04
1119.6	3.2767e-04
1119.8	3.0968e-04
1120.0	2.8263e-04
1120.2	2.8137e-04
1120.4	2.8011e-04
1120.6	2.7885e-04
1120.8	2.7761e-04
1121.0	2.7637e-04
1121.2	2.7515e-04
1121.4	2.7394e-04
1121.6	2.7273e-04
1121.8	2.7153e-04
1122.0	2.7033e-04
1122.2	2.7148e-04
1122.4	2.7262e-04
1122.6	2.7377e-04
1122.8	2.7493e-04
1123.0	2.7609e-04
1123.2	2.7692e-04
1123.4	2.7776e-04
1123.6	2.786e-04
1123.8	2.7945e-04
1124.0	2.8029e-04
1124.2	2.8039e-04
1124.4	2.805e-04
1124.6	2.806e-04
1124.8	2.8071e-04
1125.0	2.8081e-04
1125.2	2.8242e-04
1125.4	2.8403e-04
1125.6	2.8566e-04
1125.8	2.8729e-04
1126.0	2.8893e-04
1126.2	2.8896e-04
1126.4	2.8899e-04
1126.6	2.8902e-04
1126.8	2.8905e-04
1127.0	2.8908e-04
1127.2	2.9191e-04
1127.4	2.9477e-04
1127.6	2.9766e-04
1127.8	3.0057e-04
1128.0	3.0352e-04
1128.2	3.0487e-04
1128.4	3.0624e-04
1128.6	3.0761e-04
1128.8	3.0899e-04
1129.0	3.1037e-04
1129.2	3.1265e-04
1129.4	3.1495e-04
1129.6	3.1727e-04
1129.8	3.196e-04
1130.0	3.2195e-04
1130.2	3.2463e-04
1130.4	3.2733e-04
1130.6	3.3005e-04
1130.8	3.328e-04
1131.0	3.3556e-04
1131.2	3.3958e-04
1131.4	3.4365e-04
1131.6	3.4776e-04
1131.8	3.5193e-04
1132.0	3.5614e-04
1132.2	3.5971e-04
1132.4	3.633e-04
1132.6	3.6694e-04
1132.8	3.7061e-04
1133.0	3.7432e-04
1133.2	3.7935e-04
1133.4	3.8445e-04
1133.6	3.8962e-04
1133.8	3.9485e-04
1134.0	4.0016e-04
1134.2	4.0452e-04
1134.4	4.0893e-04
1134.6	4.1339e-04
1134.8	4.179e-04
1135.0	4.2245e-04
1135.2	4.2892e-04
1135.4	4.3549e-04
1135.6	4.4216e-04
1135.8	4.4893e-04
1136.0	4.5581e-04
1136.2	4.6354e-04
1136.4	4.714e-04
1136.6	4.794e-04
1136.8	4.8753e-04
1137.0	4.9579e-04
1137.2	5.048e-04
1137.4	5.1396e-04
1137.6	5.233e-04
1137.8	5.328e-04
1138.0	5.4248e-04
1138.2	5.5322e-04
1138.4	5.6418e-04
1138.6	5.7535e-04
1138.8	5.8675e-04
1139.0	5.9837e-04
1139.2	6.0905e-04
1139.4	6.1991e-04
1139.6	6.3097e-04
1139.8	6.4223e-04
1140.0	6.5369e-04
1140.2	6.6954e-04
1140.4	6.8579e-04
1140.6	7.0242e-04
1140.8	7.1946e-04
1141.0	7.3692e-04
1141.2	7.5434e-04
1141.4	7.7217e-04
1141.6	7.9042e-04
1141.8	8.091e-04
1142.0	8.2823e-04
1142.2	8.5168e-04
1142.4	8.7579e-04
1142.6	9.0058e-04
1142.8	9.2608e-04
1143.0	9.523e-04
1143.2	9.7717e-04
1143.4	0.001
1143.6	0.00103
1143.8	0.00106
1144.0	0.00108
1144.2	0.00112
1144.4	0.00115
1144.6	0.00119
1144.8	0.00123
1145.0	0.00127
1145.2	0.00131
1145.4	0.00135
1145.6	0.0014
1145.8	0.00145
1146.0	0.00149
1146.2	0.00155
1146.4	0.00161
1146.6	0.00167
1146.8	0.00173
1147.0	0.0018
1147.2	0.00186
1147.4	0.00194
1147.6	0.00201
1147.8	0.00209
1148.0	0.00217
1148.2	0.00225
1148.4	0.00234
1148.6	0.00244
1148.8	0.00253
1149.0	0.00263
1149.2	0.00274
1149.4	0.00286
1149.6	0.00298
1149.8	0.00311
1150.0	0.00324
1150.2	0.00337
1150.4	0.0035
1150.6	0.00363
1150.8	0.00378
1151.0	0.00392
1151.2	0.00408
1151.4	0.00424
1151.6	0.00441
1151.8	0.00458
1152.0	0.00476
1152.2	0.00492
1152.4	0.00508
1152.6	0.00524
1152.8	0.00541
1153.0	0.00559
1153.2	0.00574
1153.4	0.00589
1153.6	0.00605
1153.8	0.00621
1154.0	0.00637
1154.2	0.00647
1154.4	0.00657
1154.6	0.00668
1154.8	0.00678
1155.0	0.00689
1155.2	0.00692
1155.4	0.00696
1155.6	0.007
1155.8	0.00703
1156.0	0.00707
1156.2	0.00703
1156.4	0.00699
1156.6	0.00694
1156.8	0.0069
1157.0	0.00686
1157.2	0.00675
1157.4	0.00665
1157.6	0.00655
1157.8	0.00645
1158.0	0.00635
1158.2	0.0062
1158.4	0.00605
1158.6	0.00591
1158.8	0.00577
1159.0	0.00564
1159.2	0.00548
1159.4	0.00533
1159.6	0.00518
1159.8	0.00503
1160.0	0.00489
1160.2	0.00474
1160.4	0.0046
1160.6	0.00445
1160.8	0.00432
1161.0	0.00418
1161.2	0.00405
1161.4	0.00392
1161.6	0.00379
1161.8	0.00366
1162.0	0.00354
1162.2	0.00344
1162.4	0.00334
1162.6	0.00324
1162.8	0.00314
1163.0	0.00305
1163.2	0.00296
1163.4	0.00287
1163.6	0.00279
1163.8	0.00271
1164.0	0.00263
1164.2	0.00256
1164.4	0.00249
1164.6	0.00242
1164.8	0.00236
1165.0	0.0023
1165.2	0.00224
1165.4	0.00218
1165.6	0.00213
1165.8	0.00208
1166.0	0.00202
1166.2	0.00198
1166.4	0.00194
1166.6	0.0019
1166.8	0.00185
1167.0	0.00181
1167.2	0.00178
1167.4	0.00174
1167.6	0.00171
1167.8	0.00167
1168.0	0.00164
1168.2	0.00161
1168.4	0.00158
1168.6	0.00155
1168.8	0.00152
1169.0	0.0015
1169.2	0.00147
1169.4	0.00145
1169.6	0.00142
1169.8	0.0014
1170.0	0.00137
1170.2	0.00135
1170.4	0.00133
1170.6	0.00131
1170.8	0.00129
1171.0	0.00127
1171.2	0.00125
1171.4	0.00124
1171.6	0.00122
1171.8	0.0012
1172.0	0.00119
1172.2	0.00118
1172.4	0.00116
1172.6	0.00115
1172.8	0.00114
1173.0	0.00112
1173.2	0.00111
1173.4	0.0011
1173.6	0.00109
1173.8	0.00108
1174.0	0.00106
1174.2	0.00105
1174.4	0.00104
1174.6	0.00103
1174.8	0.00102
1175.0	0.00101
1175.2	0.00101
1175.4	9.9571e-04
1175.6	9.8633e-04
1175.8	9.7704e-04
1176.0	9.6783e-04
1176.2	9.6105e-04
1176.4	9.5431e-04
1176.6	9.4762e-04
1176.8	9.4098e-04
1177.0	9.3438e-04
1177.2	9.2853e-04
1177.4	9.2272e-04
1177.6	9.1695e-04
1177.8	9.1121e-04
1178.0	9.055e-04
1178.2	9.0035e-04
1178.4	8.9523e-04
1178.6	8.9014e-04
1178.8	8.8508e-04
1179.0	8.8005e-04
1179.2	8.7875e-04
1179.4	8.7745e-04
1179.6	8.7616e-04
1179.8	8.7486e-04
1180.0	8.7357e-04
1180.2	8.7097e-04
1180.4	8.6837e-04
1180.6	8.6578e-04
1180.8	8.632e-04
1181.0	8.6063e-04
1181.2	8.5915e-04
1181.4	8.5766e-04
1181.6	8.5618e-04
1181.8	8.547e-04
1182.0	8.5323e-04
1182.2	8.5506e-04
1182.4	8.5691e-04
1182.6	8.5875e-04
1182.8	8.606e-04
1183.0	8.6245e-04
1183.2	8.6359e-04
1183.4	8.6474e-04
1183.6	8.6589e-04
1183.8	8.6703e-04
1184.0	8.6818e-04
1184.2	8.6762e-04
1184.4	8.6706e-04
1184.6	8.6649e-04
1184.8	8.6593e-04
1185.0	8.6537e-04
1185.2	8.6638e-04
1185.4	8.674e-04
1185.6	8.6841e-04
1185.8	8.6943e-04
1186.0	8.7045e-04
1186.2	8.7431e-04
1186.4	8.7819e-04
1186.6	8.8208e-04
1186.8	8.8598e-04
1187.0	8.8991e-04
1187.2	8.9351e-04
1187.4	8.9712e-04
1187.6	9.0075e-04
1187.8	9.044e-04
1188.0	9.0805e-04
1188.2	9.1157e-04
1188.4	9.1509e-04
1188.6	9.1863e-04
1188.8	9.2218e-04
1189.0	9.2575e-04
1189.2	9.2976e-04
1189.4	9.3379e-04
1189.6	9.3784e-04
1189.8	9.4191e-04
1190.0	9.4599e-04
1190.2	9.5316e-04
1190.4	9.6039e-04
1190.6	9.6767e-04
1190.8	9.75e-04
1191.0	9.8239e-04
1191.2	9.8839e-04
1191.4	9.9444e-04
1191.6	0.001
1191.8	0.00101
1192.0	0.00101
1192.2	0.00102
1192.4	0.00103
1192.6	0.00104
1192.8	0.00104
1193.0	0.00105
1193.2	0.00106
1193.4	0.00107
1193.6	0.00108
1193.8	0.00109
1194.0	0.0011
1194.2	0.0011
1194.4	0.00111
1194.6	0.00112
1194.8	0.00113
1195.0	0.00114
1195.2	0.00115
1195.4	0.00116
1195.6	0.00117
1195.8	0.00118
1196.0	0.00119
1196.2	0.00121
1196.4	0.00122
1196.6	0.00123
1196.8	0.00124
1197.0	0.00126
1197.2	0.00127
1197.4	0.00129
1197.6	0.0013
1197.8	0.00132
1198.0	0.00133
1198.2	0.00135
1198.4	0.00137
1198.6	0.00138
1198.8	0.0014
1199.0	0.00142
1199.2	0.00143
1199.4	0.00145
1199.6	0.00147
1199.8	0.00148
1200.0	0.0015
1200.2	0.00152
1200.4	0.00154
1200.6	0.00156
1200.8	0.00158
1201.0	0.00161
1201.2	0.00163
1201.4	0.00166
1201.6	0.00169
1201.8	0.00172
1202.0	0.00174
1202.2	0.00177
1202.4	0.0018
1202.6	0.00183
1202.8	0.00186
1203.0	0.00189
1203.2	0.00192
1203.4	0.00195
1203.6	0.00198
1203.8	0.00202
1204.0	0.00205
1204.2	0.00208
1204.4	0.00212
1204.6	0.00215
1204.8	0.00219
1205.0	0.00223
1205.2	0.00227
1205.4	0.00231
1205.6	0.00235
1205.8	0.00239
1206.0	0.00244
1206.2	0.00249
1206.4	0.00254
1206.6	0.00259
1206.8	0.00265
1207.0	0.0027
1207.2	0.00276
1207.4	0.00282
1207.6	0.00287
1207.8	0.00293
1208.0	0.00299
1208.2	0.00306
1208.4	0.00312
1208.6	0.00319
1208.8	0.00325
1209.0	0.00332
1209.2	0.00339
1209.4	0.00347
1209.6	0.00354
1209.8	0.00361
1210.0	0.00369
