Typical Measured Spectrum of Semrock FF01-390/40 Optical Filter	
For wavelengths between 320 and 1120 nm, values near or below 1e-6 (Optical Density 6) are measurement noise limited.
For wavelengths < 320 nm and > 1120 nm, values near or below 3e-6 (Optical Density 5.5) are measurement noise limited. 
Data format:  Wavelength (nm) <tab> Transmission (0 to 1)
200.0	1.0e-07
200.2	3.3656e-06
200.4	1.1646e-05
200.6	5.7997e-06
200.8	3.7841e-07
201.0	3.7841e-07
201.2	1.0e-07
201.4	1.43e-07
201.6	3.0274e-06
201.8	1.0e-07
202.0	1.0e-07
202.2	1.0e-07
202.4	1.0e-07
202.6	1.0313e-06
202.8	7.7007e-07
203.0	1.37e-06
203.2	3.8838e-07
203.4	1.451e-07
203.6	1.0e-07
203.8	1.9549e-06
204.0	1.0e-07
204.2	9.4305e-07
204.4	2.8731e-06
204.6	3.7596e-07
204.8	3.8262e-06
205.0	1.1263e-05
205.2	3.7027e-07
205.4	7.871e-06
205.6	3.3203e-06
205.8	1.4939e-06
206.0	6.6535e-06
206.2	1.0e-07
206.4	5.1753e-07
206.6	1.7634e-06
206.8	1.0e-07
207.0	9.5088e-07
207.2	1.5008e-06
207.4	6.488e-07
207.6	1.0e-07
207.8	1.0e-07
208.0	2.6013e-07
208.2	2.4631e-07
208.4	2.7535e-06
208.6	1.0e-07
208.8	6.6883e-07
209.0	1.0e-07
209.2	1.3047e-06
209.4	4.2121e-06
209.6	4.4829e-06
209.8	3.4468e-07
210.0	3.4468e-07
210.2	4.5943e-06
210.4	2.8796e-07
210.6	1.0e-07
210.8	1.0e-07
211.0	1.0e-07
211.2	1.0e-07
211.4	1.0e-07
211.6	2.4769e-07
211.8	1.0e-07
212.0	1.0e-07
212.2	1.1179e-06
212.4	8.1269e-07
212.6	4.231e-07
212.8	1.0e-07
213.0	1.0e-07
213.2	1.0e-07
213.4	1.0e-07
213.6	1.0e-07
213.8	1.0e-07
214.0	1.0e-07
214.2	1.0e-07
214.4	1.5995e-06
214.6	1.0e-07
214.8	1.0e-07
215.0	1.0322e-06
215.2	2.061e-07
215.4	7.4424e-07
215.6	1.0e-07
215.8	8.3114e-07
216.0	1.0e-07
216.2	3.1699e-06
216.4	1.5033e-07
216.6	1.5033e-07
216.8	1.0e-07
217.0	1.0e-07
217.2	1.0e-07
217.4	1.0e-07
217.6	1.0e-07
217.8	1.0e-07
218.0	1.0e-07
218.2	1.0e-07
218.4	7.5647e-07
218.6	1.717e-06
218.8	1.0e-07
219.0	1.0e-07
219.2	1.0e-07
219.4	3.3716e-06
219.6	2.1487e-06
219.8	2.5164e-06
220.0	1.0194e-06
220.2	1.7368e-07
220.4	1.378e-06
220.6	1.2205e-07
220.8	1.2205e-07
221.0	1.0e-07
221.2	5.7321e-07
221.4	4.8617e-07
221.6	2.9676e-07
221.8	1.0e-07
222.0	1.0e-07
222.2	1.0e-07
222.4	1.0e-07
222.6	4.8045e-07
222.8	2.3306e-06
223.0	3.7406e-07
223.2	1.6379e-06
223.4	4.607e-07
223.6	2.1835e-06
223.8	2.7952e-07
224.0	1.0e-07
224.2	7.1096e-07
224.4	1.0e-07
224.6	1.0e-07
224.8	1.2746e-07
225.0	2.5051e-07
225.2	1.9573e-07
225.4	1.0e-07
225.6	3.3803e-07
225.8	6.6795e-07
226.0	6.6787e-07
226.2	5.3258e-07
226.4	4.8592e-07
226.6	1.7716e-07
226.8	1.7716e-07
227.0	1.0e-07
227.2	7.4793e-07
227.4	5.8884e-07
227.6	1.3553e-06
227.8	1.0e-07
228.0	1.0266e-07
228.2	5.451e-07
228.4	6.6828e-07
228.6	7.5237e-07
228.8	1.0e-07
229.0	1.0e-07
229.2	1.0e-07
229.4	1.0e-07
229.6	4.5991e-07
229.8	1.0e-07
230.0	8.2435e-07
230.2	1.0e-07
230.4	1.0e-07
230.6	1.0e-07
230.8	1.0e-07
231.0	3.7366e-07
231.2	5.6952e-07
231.4	1.2858e-06
231.6	2.6282e-07
231.8	1.0e-07
232.0	1.4088e-07
232.2	1.4088e-07
232.4	1.0e-07
232.6	1.567e-07
232.8	1.567e-07
233.0	1.0e-07
233.2	1.3426e-07
233.4	1.1517e-07
233.6	1.0e-07
233.8	2.401e-07
234.0	1.0e-07
234.2	6.8748e-07
234.4	2.8418e-07
234.6	4.6551e-07
234.8	1.0e-07
235.0	3.3181e-07
235.2	4.6096e-07
235.4	2.7994e-07
235.6	1.0e-07
235.8	1.0e-07
236.0	1.0e-07
236.2	1.0e-07
236.4	5.3958e-07
236.6	1.0e-07
236.8	1.0e-07
237.0	3.4099e-07
237.2	1.0e-07
237.4	4.6144e-07
237.6	1.5689e-07
237.8	2.8164e-07
238.0	2.9847e-07
238.2	1.0e-07
238.4	5.8625e-07
238.6	1.3516e-06
238.8	1.5737e-06
239.0	1.0e-07
239.2	2.8044e-07
239.4	1.0e-07
239.6	1.0663e-06
239.8	2.7119e-07
240.0	1.0e-07
240.2	1.0e-07
240.4	1.4633e-07
240.6	1.2335e-07
240.8	1.0e-07
241.0	3.959e-07
241.2	4.0706e-07
241.4	4.5924e-07
241.6	1.0e-07
241.8	1.0e-07
242.0	1.0e-07
242.2	2.7843e-07
242.4	1.571e-07
242.6	3.6487e-07
242.8	1.0e-07
243.0	1.0e-07
243.2	1.0963e-06
243.4	9.9961e-07
243.6	2.4502e-07
243.8	1.0e-07
244.0	4.2188e-07
244.2	2.1125e-07
244.4	6.0202e-07
244.6	8.778e-07
244.8	1.2361e-07
245.0	8.8444e-07
245.2	1.0e-07
245.4	4.082e-07
245.6	6.8178e-07
245.8	6.171e-07
246.0	1.1817e-07
246.2	4.014e-07
246.4	7.2979e-07
246.6	4.0179e-07
246.8	6.6264e-07
247.0	1.0e-07
247.2	1.0e-07
247.4	1.0e-07
247.6	1.0e-07
247.8	1.0e-07
248.0	8.9753e-07
248.2	1.0e-07
248.4	2.911e-07
248.6	2.5929e-07
248.8	2.3232e-07
249.0	1.0e-07
249.2	1.0e-07
249.4	1.0e-07
249.6	1.0e-07
249.8	1.0e-07
250.0	1.1934e-07
250.2	1.0e-07
250.4	1.0e-07
250.6	2.9914e-07
250.8	1.9538e-07
251.0	1.0e-07
251.2	1.0193e-06
251.4	7.7856e-07
251.6	3.5553e-07
251.8	3.0551e-07
252.0	1.0e-07
252.2	1.0e-07
252.4	4.6719e-07
252.6	1.0e-07
252.8	1.0e-07
253.0	1.0e-07
253.2	4.5821e-07
253.4	1.0e-07
253.6	1.868e-07
253.8	1.0909e-06
254.0	9.37e-07
254.2	2.2881e-07
254.4	2.2881e-07
254.6	1.0e-07
254.8	1.7613e-07
255.0	4.2035e-07
255.2	1.9044e-07
255.4	6.8754e-07
255.6	7.6036e-07
255.8	1.1184e-06
256.0	1.0e-07
256.2	2.057e-07
256.4	5.5881e-07
256.6	1.9687e-06
256.8	4.2374e-07
257.0	1.0e-07
257.2	1.0e-07
257.4	1.0e-07
257.6	1.0e-07
257.8	1.0e-07
258.0	1.5993e-07
258.2	8.9307e-07
258.4	1.2683e-07
258.6	1.0e-07
258.8	1.0e-07
259.0	3.5e-07
259.2	1.0e-07
259.4	1.0e-07
259.6	1.0e-07
259.8	1.0e-07
260.0	7.7419e-07
260.2	6.435e-07
260.4	2.4371e-07
260.6	6.08e-07
260.8	1.0e-07
261.0	4.6785e-07
261.2	1.0e-07
261.4	1.0e-07
261.6	1.0481e-07
261.8	1.0e-07
262.0	1.6246e-07
262.2	1.6246e-07
262.4	3.2138e-07
262.6	7.2735e-07
262.8	1.0093e-06
263.0	1.0724e-07
263.2	2.4412e-07
263.4	1.0e-07
263.6	7.0317e-07
263.8	1.0e-07
264.0	1.0e-07
264.2	1.0e-07
264.4	5.289e-07
264.6	2.834e-07
264.8	1.3114e-07
265.0	5.1121e-07
265.2	1.8361e-07
265.4	1.0e-07
265.6	1.0e-07
265.8	1.0e-07
266.0	1.0e-07
266.2	1.6034e-07
266.4	1.0e-07
266.6	1.0715e-07
266.8	1.8255e-07
267.0	5.344e-07
267.2	1.0e-07
267.4	1.0e-07
267.6	1.0e-07
267.8	1.0e-07
268.0	1.6155e-07
268.2	1.1694e-06
268.4	3.2165e-07
268.6	1.0e-07
268.8	1.0e-07
269.0	1.0e-07
269.2	6.3611e-07
269.4	2.2068e-07
269.6	1.0e-07
269.8	3.245e-07
270.0	1.0e-07
270.2	1.0e-07
270.4	2.1841e-07
270.6	1.0e-07
270.8	3.8141e-07
271.0	4.4976e-07
271.2	1.8826e-07
271.4	1.0e-07
271.6	1.6089e-07
271.8	1.6089e-07
272.0	1.0e-07
272.2	1.0e-07
272.4	1.0e-07
272.6	5.1284e-07
272.8	4.3105e-07
273.0	3.4189e-07
273.2	1.9076e-07
273.4	2.0065e-07
273.6	6.8071e-07
273.8	1.0e-07
274.0	1.0e-07
274.2	1.0e-07
274.4	1.0e-07
274.6	2.9774e-07
274.8	1.0e-07
275.0	1.0e-07
275.2	1.0e-07
275.4	1.0e-07
275.6	1.0e-07
275.8	1.0671e-06
276.0	2.0399e-07
276.2	1.0e-07
276.4	1.0e-07
276.6	1.0e-07
276.8	1.0e-07
277.0	2.7882e-07
277.2	1.0e-07
277.4	1.0e-07
277.6	1.0e-07
277.8	1.0e-07
278.0	1.0e-07
278.2	1.0e-07
278.4	1.0e-07
278.6	1.0e-07
278.8	1.6568e-07
279.0	1.6568e-07
279.2	1.0e-07
279.4	1.6412e-07
279.6	1.6412e-07
279.8	1.5472e-07
280.0	1.5525e-07
280.2	2.1838e-07
280.4	1.0e-07
280.6	1.0e-07
280.8	1.0e-07
281.0	1.0e-07
281.2	1.7247e-07
281.4	7.2317e-07
281.6	2.9978e-07
281.8	3.0732e-07
282.0	1.0e-07
282.2	1.0e-07
282.4	7.3209e-07
282.6	1.7121e-07
282.8	2.5172e-07
283.0	1.5938e-07
283.2	6.1195e-07
283.4	1.2904e-06
283.6	1.0e-07
283.8	1.1837e-07
284.0	1.0e-07
284.2	1.0e-07
284.4	1.7909e-07
284.6	5.6145e-07
284.8	1.0e-07
285.0	1.0e-07
285.2	1.0e-07
285.4	1.0251e-07
285.6	3.5963e-07
285.8	1.0e-07
286.0	1.6799e-07
286.2	1.4e-07
286.4	1.0737e-07
286.6	1.0e-07
286.8	1.0e-07
287.0	1.0e-07
287.2	1.0e-07
287.4	1.0e-07
287.6	1.0e-07
287.8	1.0e-07
288.0	1.0e-07
288.2	2.7496e-07
288.4	1.0e-07
288.6	6.2906e-07
288.8	1.0e-07
289.0	1.0e-07
289.2	1.0e-07
289.4	1.0e-07
289.6	1.0e-07
289.8	5.3733e-07
290.0	7.9055e-07
290.2	7.48e-07
290.4	1.4588e-07
290.6	1.0e-07
290.8	2.3464e-07
291.0	6.6703e-07
291.2	7.8699e-07
291.4	1.5952e-07
291.6	1.5952e-07
291.8	1.0e-07
292.0	2.0129e-07
292.2	8.1264e-07
292.4	7.8953e-07
292.6	2.3331e-07
292.8	7.3704e-07
293.0	1.0e-07
293.2	1.0e-07
293.4	1.0e-07
293.6	1.0e-07
293.8	1.0e-07
294.0	1.0e-07
294.2	1.0e-07
294.4	1.0e-07
294.6	5.7769e-07
294.8	1.043e-06
295.0	6.4567e-07
295.2	1.4963e-07
295.4	1.0e-07
295.6	1.0e-07
295.8	1.8504e-07
296.0	1.6655e-06
296.2	1.0753e-06
296.4	1.5475e-07
296.6	1.0e-07
296.8	1.7672e-07
297.0	1.7672e-07
297.2	1.0026e-06
297.4	1.1369e-06
297.6	6.5957e-07
297.8	4.3199e-07
298.0	3.8898e-07
298.2	1.1286e-07
298.4	7.3097e-07
298.6	2.019e-07
298.8	1.0e-07
299.0	1.0e-07
299.2	1.8271e-07
299.4	5.7848e-07
299.6	1.0e-07
299.8	1.0e-07
300.0	1.0e-07
300.2	1.0e-07
300.4	7.2996e-07
300.6	1.8386e-07
300.8	6.4736e-07
301.0	3.0317e-07
301.2	3.0957e-07
301.4	8.9892e-07
301.6	2.3531e-07
301.8	2.3531e-07
302.0	1.0e-07
302.2	2.2804e-07
302.4	6.0422e-07
302.6	3.2405e-07
302.8	1.0e-07
303.0	1.0e-07
303.2	1.171e-06
303.4	1.784e-06
303.6	8.9776e-07
303.8	2.7649e-06
304.0	7.3574e-07
304.2	1.1278e-07
304.4	1.0e-07
304.6	5.9484e-07
304.8	2.377e-07
305.0	1.0e-07
305.2	1.0e-07
305.4	3.7624e-07
305.6	1.0e-07
305.8	2.0949e-07
306.0	9.8571e-07
306.2	1.0e-07
306.4	1.0e-07
306.6	4.0495e-07
306.8	1.0e-07
307.0	1.0e-07
307.2	1.0e-07
307.4	1.9146e-06
307.6	8.7918e-07
307.8	9.8865e-07
308.0	4.5509e-07
308.2	7.8573e-07
308.4	4.0351e-07
308.6	5.6451e-07
308.8	5.8861e-07
309.0	1.0e-07
309.2	1.0e-07
309.4	1.0e-07
309.6	1.0e-07
309.8	6.1046e-07
310.0	3.1781e-07
310.2	1.2137e-06
310.4	1.9142e-07
310.6	1.2215e-06
310.8	1.9454e-06
311.0	2.6443e-06
311.2	7.398e-07
311.4	7.3971e-07
311.6	8.1775e-07
311.8	1.5317e-06
312.0	5.1413e-07
312.2	1.0e-07
312.4	1.1029e-06
312.6	1.8824e-07
312.8	1.0e-07
313.0	1.1114e-06
313.2	2.1071e-07
313.4	2.2781e-07
313.6	4.6834e-07
313.8	1.0415e-06
314.0	5.2686e-07
314.2	2.0335e-07
314.4	1.652e-06
314.6	2.697e-06
314.8	2.0778e-07
315.0	1.0e-07
315.2	2.6403e-07
315.4	1.643e-07
315.6	1.643e-07
315.8	1.5018e-06
316.0	1.192e-06
316.2	9.7552e-07
316.4	1.0e-07
316.6	2.9864e-07
316.8	1.0e-07
317.0	1.0e-07
317.2	1.3571e-07
317.4	5.2762e-07
317.6	1.0e-07
317.8	1.8039e-07
318.0	4.242e-07
318.2	8.1795e-07
318.4	1.0e-07
318.6	1.0e-07
318.8	1.0e-07
319.0	1.0468e-06
319.2	5.9305e-07
319.4	6.205e-06
319.6	2.4574e-07
319.8	1.0e-07
320.0	2.3957e-06
320.2	1.5808e-06
320.4	1.0431e-06
320.6	1.4623e-06
320.8	2.7682e-06
321.0	9.4237e-07
321.2	9.58e-07
321.4	9.7389e-07
321.6	1.3893e-06
321.8	2.193e-06
322.0	2.8529e-06
322.2	1.9065e-06
322.4	1.274e-06
322.6	1.1241e-06
322.8	1.1225e-06
323.0	1.1133e-06
323.2	1.0851e-06
323.4	1.0575e-06
323.6	1.025e-06
323.8	9.9156e-07
324.0	9.6373e-07
324.2	9.2363e-07
324.4	8.852e-07
324.6	8.5555e-07
324.8	8.2928e-07
325.0	8.5362e-07
325.2	1.1175e-06
325.4	1.4631e-06
325.6	2.6685e-06
325.8	5.5713e-06
326.0	8.8245e-06
326.2	6.2367e-06
326.4	4.4078e-06
326.6	2.5384e-06
326.8	1.3445e-06
327.0	7.9472e-07
327.2	7.7892e-07
327.4	7.6344e-07
327.6	7.4491e-07
327.8	7.2582e-07
328.0	7.0866e-07
328.2	6.9691e-07
328.4	6.8536e-07
328.6	6.7522e-07
328.8	6.6175e-07
329.0	6.4892e-07
329.2	6.373e-07
329.4	6.2587e-07
329.6	6.2022e-07
329.8	6.1668e-07
330.0	6.1459e-07
330.2	6.0711e-07
330.4	5.9973e-07
330.6	8.1473e-07
330.8	1.2379e-06
331.0	1.679e-06
331.2	1.4249e-06
331.4	1.2093e-06
331.6	9.3066e-07
331.8	6.9248e-07
332.0	5.5203e-07
332.2	5.4423e-07
332.4	5.3654e-07
332.6	8.7332e-07
332.8	1.7623e-06
333.0	2.0078e-06
333.2	1.5043e-06
333.4	1.1271e-06
333.6	8.5117e-07
333.8	6.4451e-07
334.0	5.1696e-07
334.2	5.1842e-07
334.4	5.1988e-07
334.6	5.1866e-07
334.8	5.132e-07
335.0	5.9398e-07
335.2	1.1003e-06
335.4	2.0381e-06
335.6	2.2726e-06
335.8	2.0596e-06
336.0	5.3158e-07
336.2	6.758e-07
336.4	8.5914e-07
336.6	8.9959e-07
336.8	8.8597e-07
337.0	8.2452e-07
337.2	6.2777e-07
337.4	4.7797e-07
337.6	1.7761e-06
337.8	2.41e-06
338.0	2.7629e-06
338.2	1.9604e-06
338.4	1.391e-06
338.6	9.2362e-07
338.8	5.9769e-07
339.0	1.5117e-06
339.2	2.1231e-06
339.4	2.9816e-06
339.6	1.6928e-06
339.8	7.3324e-07
340.0	3.8458e-07
340.2	3.8271e-07
340.4	3.8086e-07
340.6	3.7874e-07
340.8	3.7427e-07
341.0	4.4741e-07
341.2	8.9482e-07
341.4	1.7897e-06
341.6	1.2995e-06
341.8	6.4253e-07
342.0	3.6281e-07
342.2	3.5869e-07
342.4	3.5462e-07
342.6	6.0099e-07
342.8	1.2019e-06
343.0	1.9845e-06
343.2	1.6933e-06
343.4	1.4448e-06
343.6	1.2695e-06
343.8	5.9142e-07
344.0	4.0557e-07
344.2	8.128e-07
344.4	1.6289e-06
344.6	1.1933e-06
344.8	5.9105e-07
345.0	3.3314e-07
345.2	3.2928e-07
345.4	3.2546e-07
345.6	4.8674e-07
345.8	8.2967e-07
346.0	1.1159e-06
346.2	6.4801e-07
346.4	3.763e-07
346.6	6.1188e-07
346.8	1.0519e-06
347.0	1.3332e-06
347.2	7.0954e-07
347.4	3.7761e-07
347.6	3.2005e-07
347.8	3.2655e-07
348.0	1.8043e-06
348.2	8.4939e-07
348.4	3.9986e-07
348.6	3.3249e-07
348.8	3.3089e-07
349.0	4.0251e-07
349.2	9.9773e-07
349.4	2.4732e-06
349.6	3.2884e-07
349.8	3.2338e-07
350.0	3.6588e-07
350.2	7.157e-06
350.4	5.9749e-06
350.6	2.1471e-06
350.8	2.1237e-06
351.0	2.466e-06
351.2	1.6699e-06
351.4	2.6852e-06
351.6	2.1317e-06
351.8	2.7511e-06
352.0	7.8552e-06
352.2	6.6767e-06
352.4	7.6678e-06
352.6	4.1277e-06
352.8	1.9762e-06
353.0	4.6668e-06
353.2	4.9094e-06
353.4	4.8478e-06
353.6	6.0062e-06
353.8	8.6296e-06
354.0	2.2633e-06
354.2	1.5013e-06
354.4	2.7017e-06
354.6	7.9815e-06
354.8	4.5657e-06
355.0	4.3143e-06
355.2	4.2793e-06
355.4	3.9524e-06
355.6	2.8673e-06
355.8	2.8168e-06
356.0	5.0212e-06
356.2	5.2757e-06
356.4	1.7539e-06
356.6	1.5116e-06
356.8	1.4533e-06
357.0	1.4653e-06
357.2	1.8696e-06
357.4	7.7652e-06
357.6	9.5644e-06
357.8	7.5084e-06
358.0	4.24e-06
358.2	1.4149e-06
358.4	2.1911e-06
358.6	3.8122e-06
358.8	6.2007e-06
359.0	8.4885e-06
359.2	7.1238e-06
359.4	9.3489e-06
359.6	1.2498e-05
359.8	1.2946e-05
360.0	1.0879e-05
360.2	1.0407e-05
360.4	9.9531e-06
360.6	9.8169e-06
360.8	1.0918e-05
361.0	7.5898e-06
361.2	1.1069e-05
361.4	1.5158e-05
361.6	1.3237e-05
361.8	1.3698e-05
362.0	1.0282e-05
362.2	7.7672e-06
362.4	7.4345e-06
362.6	1.0693e-05
362.8	1.2287e-05
363.0	1.1234e-05
363.2	9.9957e-06
363.4	1.2215e-05
363.6	7.8931e-06
363.8	9.9967e-06
364.0	1.7272e-05
364.2	2.7768e-05
364.4	2.7447e-05
364.6	3.1967e-05
364.8	4.4956e-05
365.0	7.3199e-05
365.2	1.1826e-04
365.4	1.9717e-04
365.6	3.1725e-04
365.8	5.1415e-04
366.0	9.2363e-04
366.2	0.00177
366.4	0.00356
366.6	0.00741
366.8	0.01574
367.0	0.03365
367.2	0.07257
367.4	0.15659
367.6	0.31208
367.8	0.52353
368.0	0.71721
368.2	0.83873
368.4	0.89841
368.6	0.92271
368.8	0.93828
369.0	0.94857
369.2	0.95387
369.4	0.95521
369.6	0.95724
369.8	0.95689
370.0	0.95407
370.2	0.95379
370.4	0.95491
370.6	0.95524
370.8	0.95767
371.0	0.96008
371.2	0.96146
371.4	0.96341
371.6	0.96408
371.8	0.96283
372.0	0.96162
372.2	0.96154
372.4	0.96125
372.6	0.96109
372.8	0.96093
373.0	0.96305
373.2	0.96512
373.4	0.96839
373.6	0.97108
373.8	0.97313
374.0	0.97239
374.2	0.9726
374.4	0.97119
374.6	0.96869
374.8	0.96583
375.0	0.9622
375.2	0.96331
375.4	0.96529
375.6	0.96779
375.8	0.97138
376.0	0.97587
376.2	0.97526
376.4	0.97727
376.6	0.97529
376.8	0.97371
377.0	0.97048
377.2	0.96853
377.4	0.96754
377.6	0.96683
377.8	0.96639
378.0	0.96572
378.2	0.96349
378.4	0.96348
378.6	0.96346
378.8	0.96453
379.0	0.96771
379.2	0.96884
379.4	0.97223
379.6	0.97488
379.8	0.97722
380.0	0.97781
380.2	0.97789
380.4	0.97929
380.6	0.97792
380.8	0.9781
381.0	0.97924
381.2	0.97989
381.4	0.98048
381.6	0.98216
381.8	0.98051
382.0	0.97926
382.2	0.97795
382.4	0.97797
382.6	0.97369
382.8	0.97406
383.0	0.97429
383.2	0.97476
383.4	0.97524
383.6	0.97748
383.8	0.9808
384.0	0.98394
384.2	0.98365
384.4	0.98307
384.6	0.98241
384.8	0.98035
385.0	0.97891
385.2	0.97842
385.4	0.97858
385.6	0.97739
385.8	0.97813
386.0	0.97647
386.2	0.97581
386.4	0.97487
386.6	0.97336
386.8	0.97401
387.0	0.97625
387.2	0.97668
387.4	0.97806
387.6	0.98102
387.8	0.98126
388.0	0.97994
388.2	0.98035
388.4	0.97983
388.6	0.98075
388.8	0.98125
389.0	0.98152
389.2	0.98386
389.4	0.98493
389.6	0.98479
389.8	0.98513
390.0	0.98463
390.2	0.98359
390.4	0.98167
390.6	0.98074
390.8	0.97904
391.0	0.97862
391.2	0.97877
391.4	0.97977
391.6	0.98022
391.8	0.98111
392.0	0.98217
392.2	0.98434
392.4	0.98544
392.6	0.98448
392.8	0.98446
393.0	0.98449
393.2	0.9852
393.4	0.98509
393.6	0.98556
393.8	0.98375
394.0	0.98562
394.2	0.9856
394.4	0.98787
394.6	0.98894
394.8	0.98733
395.0	0.9864
395.2	0.98782
395.4	0.98722
395.6	0.98735
395.8	0.98724
396.0	0.98692
396.2	0.98659
396.4	0.98436
396.6	0.98435
396.8	0.98607
397.0	0.98568
397.2	0.98529
397.4	0.98592
397.6	0.9855
397.8	0.98496
398.0	0.984
398.2	0.98411
398.4	0.98642
398.6	0.98465
398.8	0.98684
399.0	0.98722
399.2	0.98779
399.4	0.98974
399.6	0.98944
399.8	0.98987
400.0	0.98897
400.2	0.98826
400.4	0.98672
400.6	0.98514
400.8	0.98303
401.0	0.98038
401.2	0.97668
401.4	0.97547
401.6	0.97497
401.8	0.97497
402.0	0.97744
402.2	0.97854
402.4	0.98058
402.6	0.98355
402.8	0.98575
403.0	0.98819
403.2	0.98812
403.4	0.98898
403.6	0.98969
403.8	0.98992
404.0	0.98728
404.2	0.9878
404.4	0.98615
404.6	0.98435
404.8	0.98211
405.0	0.9809
405.2	0.98017
405.4	0.97876
405.6	0.97962
405.8	0.98113
406.0	0.98293
406.2	0.98477
406.4	0.98751
406.6	0.98796
406.8	0.98742
407.0	0.98756
407.2	0.98756
407.4	0.98493
407.6	0.98455
407.8	0.98559
408.0	0.98564
408.2	0.98692
408.4	0.98598
408.6	0.98409
408.8	0.98195
409.0	0.98016
409.2	0.98004
409.4	0.98084
409.6	0.98255
409.8	0.98721
410.0	0.98774
410.2	0.9875
410.4	0.98554
410.6	0.98235
410.8	0.98081
411.0	0.98066
411.2	0.98141
411.4	0.98216
411.6	0.98223
411.8	0.97019
412.0	0.92299
412.2	0.80772
412.4	0.61234
412.6	0.39081
412.8	0.22058
413.0	0.12152
413.2	0.06333
413.4	0.03537
413.6	0.0206
413.8	0.01274
414.0	0.00755
414.2	0.00443
414.4	0.00294
414.6	0.00197
414.8	0.00133
415.0	8.8495e-04
415.2	5.9247e-04
415.4	4.063e-04
415.6	2.7483e-04
415.8	1.855e-04
416.0	1.2757e-04
416.2	9.021e-05
416.4	6.3793e-05
416.6	4.5423e-05
416.8	3.3703e-05
417.0	2.6429e-05
417.2	2.0725e-05
417.4	1.5509e-05
417.6	1.1535e-05
417.8	8.3185e-06
418.0	5.6705e-06
418.2	4.0581e-06
418.4	2.9125e-06
418.6	1.9998e-06
418.8	1.2879e-06
419.0	8.2949e-07
419.2	1.1301e-06
419.4	9.5868e-07
419.6	3.7e-07
419.8	1.428e-07
420.0	1.286e-07
420.2	1.2823e-07
420.4	1.2796e-07
420.6	1.2786e-07
420.8	1.6329e-07
421.0	2.1387e-07
421.2	2.2858e-07
421.4	1.7317e-07
421.6	1.3119e-07
421.8	1.2518e-07
422.0	1.2463e-07
422.2	1.2391e-07
422.4	1.2319e-07
422.6	1.5662e-07
422.8	2.0492e-07
423.0	2.0488e-07
423.2	1.269e-07
423.4	1.207e-07
423.6	1.2011e-07
423.8	1.1959e-07
424.0	1.1919e-07
424.2	1.1879e-07
424.4	1.1857e-07
424.6	1.1829e-07
424.8	1.1789e-07
425.0	1.1749e-07
425.2	2.2048e-07
425.4	4.4641e-07
425.6	4.4788e-07
425.8	1.3062e-07
426.0	1.1584e-07
426.2	1.1512e-07
426.4	1.2335e-07
426.6	1.497e-07
426.8	1.8169e-07
427.0	2.0649e-07
427.2	2.2593e-07
427.4	2.472e-07
427.6	1.8103e-07
427.8	1.262e-07
428.0	1.0e-07
428.2	1.0e-07
428.4	1.0e-07
428.6	1.0e-07
428.8	1.0e-07
429.0	1.0e-07
429.2	1.0e-07
429.4	1.0e-07
429.6	1.0e-07
429.8	1.0e-07
430.0	1.0e-07
430.2	1.0e-07
430.4	1.0e-07
430.6	1.0e-07
430.8	1.0e-07
431.0	1.0e-07
431.2	1.0e-07
431.4	1.0e-07
431.6	1.0e-07
431.8	1.0e-07
432.0	1.0e-07
432.2	1.0e-07
432.4	1.0e-07
432.6	1.0e-07
432.8	1.0e-07
433.0	1.0e-07
433.2	1.0e-07
433.4	1.0e-07
433.6	1.0e-07
433.8	1.0e-07
434.0	1.0e-07
434.2	1.0e-07
434.4	1.0e-07
434.6	1.0e-07
434.8	1.0e-07
435.0	1.0e-07
435.2	1.0e-07
435.4	1.0e-07
435.6	1.0e-07
435.8	1.0e-07
436.0	1.0e-07
436.2	1.0e-07
436.4	1.0e-07
436.6	1.0e-07
436.8	1.0e-07
437.0	1.0e-07
437.2	1.0e-07
437.4	1.0e-07
437.6	1.0e-07
437.8	1.0e-07
438.0	1.0e-07
438.2	1.0e-07
438.4	1.0e-07
438.6	1.0e-07
438.8	1.0e-07
439.0	1.0e-07
439.2	1.0e-07
439.4	1.0e-07
439.6	1.0e-07
439.8	1.0e-07
440.0	1.0e-07
440.2	1.0e-07
440.4	1.0e-07
440.6	1.0e-07
440.8	1.0e-07
441.0	1.0e-07
441.2	1.0e-07
441.4	1.0e-07
441.6	1.0e-07
441.8	1.0e-07
442.0	1.0e-07
442.2	1.0e-07
442.4	1.0e-07
442.6	1.0e-07
442.8	1.0e-07
443.0	1.0e-07
443.2	1.0e-07
443.4	1.0e-07
443.6	1.0e-07
443.8	1.0e-07
444.0	1.0e-07
444.2	1.0e-07
444.4	1.0e-07
444.6	1.0e-07
444.8	1.0e-07
445.0	1.0e-07
445.2	1.0e-07
445.4	1.0e-07
445.6	1.0e-07
445.8	1.0e-07
446.0	1.0e-07
446.2	1.0e-07
446.4	1.0e-07
446.6	1.0e-07
446.8	1.0e-07
447.0	1.0e-07
447.2	1.0e-07
447.4	1.0e-07
447.6	1.0e-07
447.8	1.0e-07
448.0	1.0e-07
448.2	1.0e-07
448.4	1.0e-07
448.6	1.0e-07
448.8	1.0e-07
449.0	1.0e-07
449.2	1.0e-07
449.4	1.0e-07
449.6	1.0e-07
449.8	1.0e-07
450.0	1.0e-07
450.2	1.0e-07
450.4	1.0e-07
450.6	1.0e-07
450.8	1.0e-07
451.0	1.0e-07
451.2	1.0e-07
451.4	1.0e-07
451.6	1.0e-07
451.8	1.0e-07
452.0	1.0e-07
452.2	1.0e-07
452.4	1.0e-07
452.6	1.0e-07
452.8	1.0e-07
453.0	1.0e-07
453.2	1.0e-07
453.4	1.0e-07
453.6	1.0e-07
453.8	1.0e-07
454.0	1.0e-07
454.2	1.0e-07
454.4	1.0e-07
454.6	1.0e-07
454.8	1.0e-07
455.0	1.0e-07
455.2	1.0e-07
455.4	1.0e-07
455.6	1.0e-07
455.8	1.0e-07
456.0	1.0e-07
456.2	1.0e-07
456.4	1.0e-07
456.6	1.0e-07
456.8	1.0e-07
457.0	1.0e-07
457.2	1.0e-07
457.4	1.0e-07
457.6	1.0e-07
457.8	1.0e-07
458.0	1.0e-07
458.2	1.0e-07
458.4	1.0e-07
458.6	1.0e-07
458.8	1.0e-07
459.0	1.0e-07
459.2	1.0e-07
459.4	1.0e-07
459.6	1.0e-07
459.8	1.0e-07
460.0	1.0e-07
460.2	1.0e-07
460.4	1.0e-07
460.6	1.0e-07
460.8	1.0e-07
461.0	1.0e-07
461.2	1.0e-07
461.4	1.0e-07
461.6	1.0e-07
461.8	1.0e-07
462.0	1.0e-07
462.2	1.0e-07
462.4	1.0e-07
462.6	1.0e-07
462.8	1.0e-07
463.0	1.0e-07
463.2	1.0e-07
463.4	1.0e-07
463.6	1.0e-07
463.8	1.0e-07
464.0	1.0e-07
464.2	1.0e-07
464.4	1.0e-07
464.6	1.0e-07
464.8	1.0e-07
465.0	1.0e-07
465.2	1.0e-07
465.4	1.0e-07
465.6	1.0e-07
465.8	1.0e-07
466.0	1.0e-07
466.2	1.0e-07
466.4	1.0e-07
466.6	1.0e-07
466.8	1.0e-07
467.0	1.0e-07
467.2	1.0e-07
467.4	1.0e-07
467.6	1.0e-07
467.8	1.0e-07
468.0	1.0e-07
468.2	1.0e-07
468.4	1.0e-07
468.6	1.0e-07
468.8	1.0e-07
469.0	1.0e-07
469.2	1.0e-07
469.4	1.0e-07
469.6	1.0e-07
469.8	1.0e-07
470.0	1.0e-07
470.2	1.0e-07
470.4	1.0e-07
470.6	1.0e-07
470.8	1.0e-07
471.0	1.0e-07
471.2	1.0e-07
471.4	1.0e-07
471.6	1.0e-07
471.8	1.0e-07
472.0	1.0e-07
472.2	1.0e-07
472.4	1.0e-07
472.6	1.0e-07
472.8	1.0e-07
473.0	1.0e-07
473.2	1.0e-07
473.4	1.0e-07
473.6	1.0e-07
473.8	1.0e-07
474.0	1.0e-07
474.2	1.0e-07
474.4	1.0e-07
474.6	1.0e-07
474.8	1.0e-07
475.0	1.0e-07
475.2	1.0e-07
475.4	1.0e-07
475.6	1.0e-07
475.8	1.0e-07
476.0	1.0e-07
476.2	1.0e-07
476.4	1.0e-07
476.6	1.0e-07
476.8	1.0e-07
477.0	1.0e-07
477.2	1.0e-07
477.4	1.0e-07
477.6	1.0e-07
477.8	1.0e-07
478.0	1.0e-07
478.2	1.0e-07
478.4	1.0e-07
478.6	1.0e-07
478.8	1.0e-07
479.0	1.0e-07
479.2	1.0e-07
479.4	1.0e-07
479.6	1.0e-07
479.8	1.0e-07
480.0	1.0e-07
480.2	1.0e-07
480.4	1.0e-07
480.6	1.0e-07
480.8	1.0e-07
481.0	1.0e-07
481.2	1.0e-07
481.4	1.0e-07
481.6	1.0e-07
481.8	1.0e-07
482.0	1.0e-07
482.2	1.0e-07
482.4	1.0e-07
482.6	1.0e-07
482.8	1.0e-07
483.0	1.0e-07
483.2	1.0e-07
483.4	1.0e-07
483.6	1.0e-07
483.8	1.0e-07
484.0	1.0e-07
484.2	1.0e-07
484.4	1.0e-07
484.6	1.0e-07
484.8	1.0e-07
485.0	1.0e-07
485.2	1.0e-07
485.4	1.0e-07
485.6	1.0e-07
485.8	1.0e-07
486.0	1.0e-07
486.2	1.0e-07
486.4	1.0e-07
486.6	1.0e-07
486.8	1.0e-07
487.0	1.0e-07
487.2	1.0e-07
487.4	1.0e-07
487.6	1.0e-07
487.8	1.0e-07
488.0	1.0e-07
488.2	1.0e-07
488.4	1.0e-07
488.6	1.0e-07
488.8	1.0e-07
489.0	1.0e-07
489.2	1.0e-07
489.4	1.0e-07
489.6	1.0e-07
489.8	1.0e-07
490.0	1.0e-07
490.2	1.0e-07
490.4	1.0e-07
490.6	1.0e-07
490.8	1.0e-07
491.0	1.0e-07
491.2	1.0e-07
491.4	1.0e-07
491.6	1.0e-07
491.8	1.0e-07
492.0	1.0e-07
492.2	1.0e-07
492.4	1.0e-07
492.6	1.0e-07
492.8	1.0e-07
493.0	1.0e-07
493.2	1.0e-07
493.4	1.0e-07
493.6	1.0e-07
493.8	1.0e-07
494.0	1.0e-07
494.2	1.0e-07
494.4	1.0e-07
494.6	1.0e-07
494.8	1.0e-07
495.0	1.0e-07
495.2	1.0e-07
495.4	1.0e-07
495.6	1.0e-07
495.8	1.0e-07
496.0	1.0e-07
496.2	1.0e-07
496.4	1.0e-07
496.6	1.0e-07
496.8	1.0e-07
497.0	1.0e-07
497.2	1.0e-07
497.4	1.0e-07
497.6	1.0e-07
497.8	1.0e-07
498.0	1.0e-07
498.2	1.0e-07
498.4	1.0e-07
498.6	1.0e-07
498.8	1.0e-07
499.0	1.0e-07
499.2	1.0e-07
499.4	1.0e-07
499.6	1.0e-07
499.8	1.0e-07
500.0	1.0e-07
500.2	1.0e-07
500.4	1.0e-07
500.6	1.0e-07
500.8	1.0e-07
501.0	1.0e-07
501.2	1.0e-07
501.4	1.0e-07
501.6	1.0e-07
501.8	1.0e-07
502.0	1.0e-07
502.2	1.0e-07
502.4	1.0e-07
502.6	1.0e-07
502.8	1.0e-07
503.0	1.0e-07
503.2	1.0e-07
503.4	1.0e-07
503.6	1.0e-07
503.8	1.0e-07
504.0	1.0e-07
504.2	1.0e-07
504.4	1.0e-07
504.6	1.0e-07
504.8	1.0e-07
505.0	1.0e-07
505.2	1.0e-07
505.4	1.0e-07
505.6	1.0e-07
505.8	1.0e-07
506.0	1.0e-07
506.2	1.0e-07
506.4	1.0e-07
506.6	1.0e-07
506.8	1.0e-07
507.0	1.0e-07
507.2	1.0e-07
507.4	1.0e-07
507.6	1.0e-07
507.8	1.0e-07
508.0	1.0e-07
508.2	1.0e-07
508.4	1.0e-07
508.6	1.0e-07
508.8	1.0e-07
509.0	1.0e-07
509.2	1.0e-07
509.4	1.0e-07
509.6	1.0e-07
509.8	1.0e-07
510.0	1.0e-07
510.2	1.0e-07
510.4	1.0e-07
510.6	1.0e-07
510.8	1.0e-07
511.0	1.0e-07
511.2	1.0e-07
511.4	1.0e-07
511.6	1.0e-07
511.8	1.0e-07
512.0	1.0e-07
512.2	1.0e-07
512.4	1.0e-07
512.6	1.0e-07
512.8	1.0e-07
513.0	1.0e-07
513.2	1.0e-07
513.4	1.0e-07
513.6	1.0e-07
513.8	1.0e-07
514.0	1.0e-07
514.2	1.0e-07
514.4	1.0e-07
514.6	1.0e-07
514.8	1.0e-07
515.0	1.0e-07
515.2	1.0e-07
515.4	1.0e-07
515.6	1.0e-07
515.8	1.0356e-07
516.0	1.0793e-07
516.2	1.1249e-07
516.4	1.1725e-07
516.6	1.222e-07
516.8	1.2737e-07
517.0	1.3275e-07
517.2	1.3836e-07
517.4	1.4421e-07
517.6	1.503e-07
517.8	1.5665e-07
518.0	1.6327e-07
518.2	1.7017e-07
518.4	1.7737e-07
518.6	1.8486e-07
518.8	1.9267e-07
519.0	2.0082e-07
519.2	2.093e-07
519.4	2.2165e-07
519.6	2.4075e-07
519.8	2.6149e-07
520.0	2.8402e-07
520.2	3.085e-07
520.4	3.3508e-07
520.6	3.6395e-07
520.8	3.9531e-07
521.0	4.2937e-07
521.2	4.6637e-07
521.4	5.0655e-07
521.6	5.502e-07
521.8	5.9761e-07
522.0	6.491e-07
522.2	7.0503e-07
522.4	7.6578e-07
522.6	8.3176e-07
522.8	9.0343e-07
523.0	9.8127e-07
523.2	8.7712e-07
523.4	7.7474e-07
523.6	6.8431e-07
523.8	6.0444e-07
524.0	5.3389e-07
524.2	4.7158e-07
524.4	4.1653e-07
524.6	3.6792e-07
524.8	3.2497e-07
525.0	2.8704e-07
525.2	2.5354e-07
525.4	2.2395e-07
525.6	1.9781e-07
525.8	1.7472e-07
526.0	1.5433e-07
526.2	1.3631e-07
526.4	1.204e-07
526.6	1.0635e-07
526.8	1.0076e-07
527.0	1.023e-07
527.2	1.0386e-07
527.4	1.0544e-07
527.6	1.0704e-07
527.8	1.0867e-07
528.0	1.1033e-07
528.2	1.1201e-07
528.4	1.1371e-07
528.6	1.1544e-07
528.8	1.172e-07
529.0	1.1898e-07
529.2	1.2079e-07
529.4	1.2263e-07
529.6	1.245e-07
529.8	1.264e-07
530.0	1.2832e-07
530.2	1.3027e-07
530.4	1.3286e-07
530.6	1.4272e-07
530.8	1.5331e-07
531.0	1.6468e-07
531.2	1.769e-07
531.4	1.9002e-07
531.6	2.0412e-07
531.8	2.1927e-07
532.0	2.3553e-07
532.2	2.5301e-07
532.4	2.7178e-07
532.6	2.9194e-07
532.8	3.136e-07
533.0	3.3687e-07
533.2	3.6186e-07
533.4	3.8871e-07
533.6	4.1755e-07
533.8	4.4853e-07
534.0	4.8181e-07
534.2	5.1927e-07
534.4	5.6056e-07
534.6	6.0514e-07
534.8	6.5327e-07
535.0	7.0522e-07
535.2	7.6131e-07
535.4	8.2185e-07
535.6	8.8721e-07
535.8	9.5776e-07
536.0	1.0339e-06
536.2	1.1162e-06
536.4	1.2049e-06
536.6	1.3007e-06
536.8	1.4042e-06
537.0	1.5159e-06
537.2	1.6364e-06
537.4	1.7665e-06
537.6	1.907e-06
537.8	2.0331e-06
538.0	2.0913e-06
538.2	2.1512e-06
538.4	2.2128e-06
538.6	2.2762e-06
538.8	2.3414e-06
539.0	2.4084e-06
539.2	2.4774e-06
539.4	2.5483e-06
539.6	2.6213e-06
539.8	2.6963e-06
540.0	2.7735e-06
540.2	2.8529e-06
540.4	2.9346e-06
540.6	3.0187e-06
540.8	3.1051e-06
541.0	3.194e-06
541.2	3.2855e-06
541.4	3.3795e-06
541.6	3.3924e-06
541.8	3.3923e-06
542.0	3.3922e-06
542.2	3.3922e-06
542.4	3.3921e-06
542.6	3.3921e-06
542.8	3.392e-06
543.0	3.392e-06
543.2	3.4668e-06
543.4	3.6219e-06
543.6	3.7839e-06
543.8	3.7729e-06
544.0	3.4119e-06
544.2	3.0855e-06
544.4	2.7903e-06
544.6	2.5233e-06
544.8	2.2819e-06
545.0	2.0636e-06
545.2	1.8661e-06
545.4	1.6876e-06
545.6	1.5261e-06
545.8	1.3801e-06
546.0	1.2481e-06
546.2	1.1286e-06
546.4	1.0207e-06
546.6	9.2301e-07
546.8	8.347e-07
547.0	7.5484e-07
547.2	6.8262e-07
547.4	6.1731e-07
547.6	5.9311e-07
547.8	5.7673e-07
548.0	5.608e-07
548.2	5.4532e-07
548.4	5.3026e-07
548.6	5.1561e-07
548.8	5.0137e-07
549.0	4.8753e-07
549.2	4.7407e-07
549.4	4.6097e-07
549.6	4.4824e-07
549.8	4.3587e-07
550.0	4.2383e-07
550.2	4.1212e-07
550.4	4.0074e-07
550.6	3.8968e-07
550.8	3.7892e-07
551.0	3.6845e-07
551.2	3.7956e-07
551.4	4.3296e-07
551.6	4.9387e-07
551.8	5.6336e-07
552.0	6.4262e-07
552.2	7.3303e-07
552.4	8.3617e-07
552.6	9.5381e-07
552.8	1.088e-06
553.0	1.2411e-06
553.2	1.4157e-06
553.4	1.6149e-06
553.6	1.8421e-06
553.8	2.1012e-06
554.0	2.3969e-06
554.2	2.7341e-06
554.4	3.1187e-06
554.6	3.5575e-06
554.8	4.0581e-06
555.0	3.9273e-06
555.2	3.7266e-06
555.4	3.5363e-06
555.6	3.3556e-06
555.8	3.1842e-06
556.0	3.0215e-06
556.2	2.8671e-06
556.4	2.7207e-06
556.6	2.5817e-06
556.8	2.4498e-06
557.0	2.3246e-06
557.2	2.2059e-06
557.4	2.0932e-06
557.6	1.9862e-06
557.8	1.8847e-06
558.0	1.7885e-06
558.2	1.6971e-06
558.4	1.6104e-06
558.6	1.5763e-06
558.8	1.6053e-06
559.0	1.6348e-06
559.2	1.6649e-06
559.4	1.6955e-06
559.6	1.7266e-06
559.8	1.7584e-06
560.0	1.7907e-06
560.2	1.8236e-06
560.4	1.8571e-06
560.6	1.8912e-06
560.8	1.926e-06
561.0	1.9614e-06
561.2	1.9974e-06
561.4	2.0342e-06
561.6	2.0715e-06
561.8	2.1096e-06
562.0	2.1484e-06
562.2	2.1879e-06
562.4	2.0938e-06
562.6	2.0033e-06
562.8	1.9167e-06
563.0	1.8339e-06
563.2	1.7547e-06
563.4	1.6788e-06
563.6	1.6063e-06
563.8	1.5368e-06
564.0	1.4704e-06
564.2	1.4069e-06
564.4	1.3461e-06
564.6	1.2879e-06
564.8	1.2322e-06
565.0	1.179e-06
565.2	1.128e-06
565.4	1.0793e-06
565.6	1.0326e-06
565.8	9.8801e-07
566.0	9.8452e-07
566.2	1.0125e-06
566.4	1.0413e-06
566.6	1.0709e-06
566.8	1.1013e-06
567.0	1.1326e-06
567.2	1.1648e-06
567.4	1.1979e-06
567.6	1.232e-06
567.8	1.267e-06
568.0	1.303e-06
568.2	1.3401e-06
568.4	1.3782e-06
568.6	1.4173e-06
568.8	1.4576e-06
569.0	1.499e-06
569.2	1.5417e-06
569.4	1.5855e-06
569.6	1.6235e-06
569.8	1.6164e-06
570.0	1.6094e-06
570.2	1.6024e-06
570.4	1.5954e-06
570.6	1.5885e-06
570.8	1.5815e-06
571.0	1.5747e-06
571.2	1.5678e-06
571.4	1.561e-06
571.6	1.5542e-06
571.8	1.5474e-06
572.0	1.5407e-06
572.2	1.534e-06
572.4	1.5273e-06
572.6	1.5207e-06
572.8	1.5141e-06
573.0	1.5075e-06
573.2	1.5009e-06
573.4	1.5408e-06
573.6	1.6006e-06
573.8	1.6628e-06
574.0	1.7273e-06
574.2	1.7944e-06
574.4	1.864e-06
574.6	1.9364e-06
574.8	2.0115e-06
575.0	2.0896e-06
575.2	2.1707e-06
575.4	2.2549e-06
575.6	2.3425e-06
575.8	2.4334e-06
576.0	2.5278e-06
576.2	2.626e-06
576.4	2.7279e-06
576.6	2.8338e-06
576.8	2.9438e-06
577.0	2.8966e-06
577.2	2.5367e-06
577.4	2.2215e-06
577.6	1.9455e-06
577.8	1.7038e-06
578.0	1.4921e-06
578.2	1.3067e-06
578.4	1.1444e-06
578.6	1.0022e-06
578.8	8.7769e-07
579.0	7.6864e-07
579.2	6.7314e-07
579.4	5.8951e-07
579.6	5.1627e-07
579.8	4.5213e-07
580.0	3.9595e-07
580.2	3.4676e-07
580.4	3.0368e-07
580.6	2.6595e-07
580.8	2.8814e-07
581.0	3.1768e-07
581.2	3.5025e-07
581.4	3.8615e-07
581.6	4.2574e-07
581.8	4.6938e-07
582.0	5.175e-07
582.2	5.7055e-07
582.4	6.2904e-07
582.6	6.9353e-07
582.8	7.6463e-07
583.0	8.4301e-07
583.2	9.2943e-07
583.4	1.0247e-06
583.6	1.1298e-06
583.8	1.2456e-06
584.0	1.3733e-06
584.2	1.514e-06
584.4	1.6532e-06
584.6	1.7905e-06
584.8	1.9392e-06
585.0	2.1002e-06
585.2	2.2746e-06
585.4	2.4635e-06
585.6	2.6681e-06
585.8	2.8896e-06
586.0	3.1296e-06
586.2	3.3894e-06
586.4	3.6709e-06
586.6	3.9757e-06
586.8	4.3058e-06
587.0	4.6634e-06
587.2	5.0506e-06
587.4	5.47e-06
587.6	5.9242e-06
587.8	6.4161e-06
588.0	6.8037e-06
588.2	6.4959e-06
588.4	6.202e-06
588.6	5.9214e-06
588.8	5.6535e-06
589.0	5.3977e-06
589.2	5.1535e-06
589.4	4.9204e-06
589.6	4.6977e-06
589.8	4.4852e-06
590.0	4.2823e-06
590.2	4.0885e-06
590.4	3.9036e-06
590.6	3.7269e-06
590.8	3.5583e-06
591.0	3.3973e-06
591.2	3.2436e-06
591.4	3.0969e-06
591.6	2.9568e-06
591.8	2.527e-06
592.0	2.1023e-06
592.2	1.7489e-06
592.4	1.4549e-06
592.6	1.2104e-06
592.8	1.0069e-06
593.0	8.3766e-07
593.2	6.9685e-07
593.4	5.7972e-07
593.6	4.8227e-07
593.8	4.0121e-07
594.0	3.3377e-07
594.2	2.7767e-07
594.4	2.3099e-07
594.6	1.9216e-07
594.8	1.5986e-07
595.0	1.3299e-07
595.2	1.1064e-07
595.4	1.0e-07
595.6	1.0e-07
595.8	1.0e-07
596.0	1.0e-07
596.2	1.0e-07
596.4	1.0e-07
596.6	1.0e-07
596.8	1.0e-07
597.0	1.0e-07
597.2	1.0e-07
597.4	1.0e-07
597.6	1.0e-07
597.8	1.0e-07
598.0	1.0e-07
598.2	1.0e-07
598.4	1.0e-07
598.6	1.0e-07
598.8	1.0e-07
599.0	1.0093e-07
599.2	1.1004e-07
599.4	1.1997e-07
599.6	1.308e-07
599.8	1.4261e-07
600.0	1.5548e-07
600.2	1.6951e-07
600.4	1.8481e-07
600.6	2.0149e-07
600.8	2.1967e-07
601.0	2.395e-07
601.2	2.6111e-07
601.4	2.8468e-07
601.6	3.1037e-07
601.8	3.3838e-07
602.0	3.6892e-07
602.2	4.0222e-07
602.4	4.3852e-07
602.6	4.781e-07
602.8	5.0733e-07
603.0	5.3412e-07
603.2	5.6232e-07
603.4	5.9201e-07
603.6	6.2327e-07
603.8	6.5618e-07
604.0	6.9083e-07
604.2	7.273e-07
604.4	7.6571e-07
604.6	8.0614e-07
604.8	8.487e-07
605.0	8.9351e-07
605.2	9.4069e-07
605.4	9.9036e-07
605.6	1.0427e-06
605.8	1.0977e-06
606.0	1.1557e-06
606.2	1.2167e-06
606.4	1.2945e-06
606.6	1.3947e-06
606.8	1.5027e-06
607.0	1.6191e-06
607.2	1.7445e-06
607.4	1.8796e-06
607.6	2.0251e-06
607.8	2.1819e-06
608.0	2.3509e-06
608.2	2.4871e-06
608.4	2.5705e-06
608.6	2.6567e-06
608.8	2.7457e-06
609.0	2.8477e-06
609.2	2.9601e-06
609.4	3.0769e-06
609.6	3.1984e-06
609.8	3.3247e-06
610.0	3.4559e-06
610.2	3.5923e-06
610.4	3.7341e-06
610.6	3.8815e-06
610.8	4.0348e-06
611.0	4.194e-06
611.2	4.3596e-06
611.4	4.5317e-06
611.6	4.7106e-06
611.8	4.8965e-06
612.0	5.0898e-06
612.2	5.2907e-06
612.4	5.4996e-06
612.6	5.6268e-06
612.8	5.3919e-06
613.0	5.1668e-06
613.2	4.951e-06
613.4	4.7443e-06
613.6	4.5462e-06
613.8	4.3564e-06
614.0	4.1745e-06
614.2	4.0002e-06
614.4	3.8332e-06
614.6	3.6732e-06
614.8	3.5198e-06
615.0	3.3729e-06
615.2	3.232e-06
615.4	3.0971e-06
615.6	2.9678e-06
615.8	2.8439e-06
616.0	2.7251e-06
616.2	2.6114e-06
616.4	2.6528e-06
616.6	2.7355e-06
616.8	2.8208e-06
617.0	2.9087e-06
617.2	2.9994e-06
617.4	3.0929e-06
617.6	3.1893e-06
617.8	3.2887e-06
618.0	3.3912e-06
618.2	3.4969e-06
618.4	3.6059e-06
618.6	3.7183e-06
618.8	3.8342e-06
619.0	3.9538e-06
619.2	4.077e-06
619.4	4.2041e-06
619.6	4.3351e-06
619.8	4.4703e-06
620.0	4.52e-06
620.2	4.4392e-06
620.4	4.3598e-06
620.6	4.2819e-06
620.8	4.2053e-06
621.0	4.1301e-06
621.2	4.0563e-06
621.4	3.9838e-06
621.6	3.9126e-06
621.8	3.8426e-06
622.0	3.7739e-06
622.2	3.7065e-06
622.4	3.6402e-06
622.6	3.5751e-06
622.8	3.5112e-06
623.0	3.4485e-06
623.2	3.3868e-06
623.4	3.3263e-06
623.6	3.2721e-06
623.8	3.4316e-06
624.0	3.599e-06
624.2	3.7744e-06
624.4	3.9585e-06
624.6	4.1515e-06
624.8	4.3539e-06
625.0	4.5662e-06
625.2	4.7889e-06
625.4	5.0224e-06
625.6	5.2673e-06
625.8	5.5241e-06
626.0	5.7935e-06
626.2	6.0759e-06
626.4	6.3722e-06
626.6	6.6829e-06
626.8	7.0088e-06
627.0	7.3505e-06
627.2	7.7089e-06
627.4	7.812e-06
627.6	7.7755e-06
627.8	7.739e-06
628.0	7.7028e-06
628.2	7.6667e-06
628.4	7.6308e-06
628.6	7.5951e-06
628.8	7.5595e-06
629.0	7.5241e-06
629.2	7.4889e-06
629.4	7.4538e-06
629.6	7.4189e-06
629.8	7.3842e-06
630.0	7.3496e-06
630.2	7.3152e-06
630.4	7.2809e-06
630.6	7.2468e-06
630.8	7.2129e-06
631.0	7.1418e-06
631.2	6.983e-06
631.4	6.8277e-06
631.6	6.6759e-06
631.8	6.5274e-06
632.0	6.3823e-06
632.2	6.2403e-06
632.4	6.1016e-06
632.6	5.9659e-06
632.8	5.8332e-06
633.0	5.7035e-06
633.2	5.5767e-06
633.4	5.4527e-06
633.6	5.3314e-06
633.8	5.2129e-06
634.0	5.097e-06
634.2	4.9836e-06
634.4	4.8728e-06
634.6	4.7644e-06
634.8	4.605e-06
635.0	4.4479e-06
635.2	4.2962e-06
635.4	4.1496e-06
635.6	4.008e-06
635.8	3.8713e-06
636.0	3.7392e-06
636.2	3.6116e-06
636.4	3.4884e-06
636.6	3.3694e-06
636.8	3.2544e-06
637.0	3.1434e-06
637.2	3.0362e-06
637.4	2.9326e-06
637.6	2.8325e-06
637.8	2.7359e-06
638.0	2.6425e-06
638.2	2.5524e-06
638.4	2.5792e-06
638.6	2.6841e-06
638.8	2.7932e-06
639.0	2.9067e-06
639.2	3.0248e-06
639.4	3.1478e-06
639.6	3.2757e-06
639.8	3.4089e-06
640.0	3.5474e-06
640.2	3.6916e-06
640.4	3.8417e-06
640.6	3.9978e-06
640.8	4.1603e-06
641.0	4.3294e-06
641.2	4.5053e-06
641.4	4.6885e-06
641.6	4.879e-06
641.8	5.0773e-06
642.0	5.1517e-06
642.2	4.8943e-06
642.4	4.6498e-06
642.6	4.4174e-06
642.8	4.1967e-06
643.0	3.987e-06
643.2	3.7878e-06
643.4	3.5986e-06
643.6	3.4188e-06
643.8	3.2479e-06
644.0	3.0857e-06
644.2	2.9315e-06
644.4	2.785e-06
644.6	2.6459e-06
644.8	2.5137e-06
645.0	2.3881e-06
645.2	2.2687e-06
645.4	2.1554e-06
645.6	2.0477e-06
645.8	1.9002e-06
646.0	1.7614e-06
646.2	1.6328e-06
646.4	1.5135e-06
646.6	1.4029e-06
646.8	1.3005e-06
647.0	1.2055e-06
647.2	1.1174e-06
647.4	1.0358e-06
647.6	9.6012e-07
647.8	8.8999e-07
648.0	8.2498e-07
648.2	7.6471e-07
648.4	7.0885e-07
648.6	6.5707e-07
648.8	6.0907e-07
649.0	5.6458e-07
649.2	5.2334e-07
649.4	5.3007e-07
649.6	5.6361e-07
649.8	5.9928e-07
650.0	6.372e-07
650.2	6.7752e-07
650.4	7.2039e-07
650.6	7.6598e-07
650.8	8.1445e-07
651.0	8.6599e-07
651.2	9.2079e-07
651.4	9.7905e-07
651.6	1.041e-06
651.8	1.1069e-06
652.0	1.1769e-06
652.2	1.2514e-06
652.4	1.3306e-06
652.6	1.4148e-06
652.8	1.5043e-06
653.0	1.6021e-06
653.2	1.7116e-06
653.4	1.8285e-06
653.6	1.9534e-06
653.8	2.0868e-06
654.0	2.2294e-06
654.2	2.3817e-06
654.4	2.5444e-06
654.6	2.7182e-06
654.8	2.9038e-06
655.0	3.1022e-06
655.2	3.3141e-06
655.4	3.5405e-06
655.6	3.7824e-06
655.8	4.0407e-06
656.0	4.3168e-06
656.2	4.6117e-06
656.4	4.9267e-06
656.6	5.2366e-06
656.8	5.1343e-06
657.0	5.034e-06
657.2	4.9357e-06
657.4	4.8393e-06
657.6	4.7447e-06
657.8	4.6521e-06
658.0	4.5612e-06
658.2	4.4721e-06
658.4	4.3847e-06
658.6	4.2991e-06
658.8	4.2151e-06
659.0	4.1328e-06
659.2	4.0521e-06
659.4	3.9729e-06
659.6	3.8953e-06
659.8	3.8192e-06
660.0	3.7446e-06
660.2	3.6715e-06
660.4	3.7363e-06
660.6	3.8422e-06
660.8	3.9511e-06
661.0	4.0631e-06
661.2	4.1783e-06
661.4	4.2967e-06
661.6	4.4185e-06
661.8	4.5438e-06
662.0	4.6726e-06
662.2	4.805e-06
662.4	4.9412e-06
662.6	5.0813e-06
662.8	5.2253e-06
663.0	5.3734e-06
663.2	5.5257e-06
663.4	5.6824e-06
663.6	5.8434e-06
663.8	6.0091e-06
664.0	5.9063e-06
664.2	5.5609e-06
664.4	5.2357e-06
664.6	4.9295e-06
664.8	4.6412e-06
665.0	4.3698e-06
665.2	4.1143e-06
665.4	3.8737e-06
665.6	3.6472e-06
665.8	3.4339e-06
666.0	3.2331e-06
666.2	3.044e-06
666.4	2.866e-06
666.6	2.6984e-06
666.8	2.5406e-06
667.0	2.392e-06
667.2	2.2521e-06
667.4	2.1204e-06
667.6	1.993e-06
667.8	1.864e-06
668.0	1.7433e-06
668.2	1.6304e-06
668.4	1.5248e-06
668.6	1.4261e-06
668.8	1.3338e-06
669.0	1.2474e-06
669.2	1.1666e-06
669.4	1.0911e-06
669.6	1.0204e-06
669.8	9.5437e-07
670.0	8.9257e-07
670.2	8.3478e-07
670.4	7.8072e-07
670.6	7.3017e-07
670.8	6.8289e-07
671.0	6.3867e-07
671.2	5.9764e-07
671.4	6.1506e-07
671.6	6.3298e-07
671.8	6.5142e-07
672.0	6.704e-07
672.2	6.8994e-07
672.4	7.1004e-07
672.6	7.3073e-07
672.8	7.5202e-07
673.0	7.7393e-07
673.2	7.8938e-07
673.4	7.934e-07
673.6	7.9744e-07
673.8	8.015e-07
674.0	8.0558e-07
674.2	8.7468e-07
674.4	9.5852e-07
674.6	1.0504e-06
674.8	1.1511e-06
675.0	1.2614e-06
675.2	1.3824e-06
675.4	1.5149e-06
675.6	1.6601e-06
675.8	1.8192e-06
676.0	1.9936e-06
676.2	2.1847e-06
676.4	2.3941e-06
676.6	2.6236e-06
676.8	2.8751e-06
677.0	3.1507e-06
677.2	3.4527e-06
677.4	3.7837e-06
677.6	4.1464e-06
677.8	4.2991e-06
678.0	4.2675e-06
678.2	4.2361e-06
678.4	4.2049e-06
678.6	4.174e-06
678.8	4.1433e-06
679.0	4.1128e-06
679.2	4.0825e-06
679.4	4.0525e-06
679.6	4.0226e-06
679.8	3.993e-06
680.0	3.9637e-06
680.2	3.9345e-06
680.4	3.9055e-06
680.6	3.8768e-06
680.8	3.8483e-06
681.0	3.8199e-06
681.2	3.7918e-06
681.4	3.7571e-06
681.6	3.7007e-06
681.8	3.6452e-06
682.0	3.5906e-06
682.2	3.5367e-06
682.4	3.4837e-06
682.6	3.4315e-06
682.8	3.38e-06
683.0	3.3293e-06
683.2	3.2794e-06
683.4	3.2302e-06
683.6	3.1818e-06
683.8	3.1341e-06
684.0	3.0871e-06
684.2	3.0408e-06
684.4	2.9952e-06
684.6	2.9503e-06
684.8	2.9061e-06
685.0	2.8625e-06
685.2	2.9396e-06
685.4	3.0293e-06
685.6	3.1217e-06
685.8	3.217e-06
686.0	3.3152e-06
686.2	3.4163e-06
686.4	3.5206e-06
686.6	3.628e-06
686.8	3.7387e-06
687.0	3.8528e-06
687.2	3.9704e-06
687.4	4.0916e-06
687.6	4.2164e-06
687.8	4.3451e-06
688.0	4.4777e-06
688.2	4.6143e-06
688.4	4.7551e-06
688.6	4.9002e-06
688.8	4.982e-06
689.0	5.0233e-06
689.2	5.0649e-06
689.4	5.1068e-06
689.6	5.1491e-06
689.8	5.1918e-06
690.0	5.2348e-06
690.2	5.2782e-06
690.4	5.3219e-06
690.6	5.366e-06
690.8	5.4104e-06
691.0	5.4552e-06
691.2	5.5004e-06
691.4	5.546e-06
691.6	5.5919e-06
691.8	5.6382e-06
692.0	5.6849e-06
692.2	5.732e-06
692.4	5.6699e-06
692.6	5.3911e-06
692.8	5.1259e-06
693.0	4.8738e-06
693.2	4.6341e-06
693.4	4.4061e-06
693.6	4.1894e-06
693.8	3.9834e-06
694.0	3.7875e-06
694.2	3.6012e-06
694.4	3.4241e-06
694.6	3.2557e-06
694.8	3.0955e-06
695.0	2.9433e-06
695.2	2.7985e-06
695.4	2.6609e-06
695.6	2.53e-06
695.8	2.4056e-06
696.0	2.2935e-06
696.2	2.3245e-06
696.4	2.3558e-06
696.6	2.3876e-06
696.8	2.4198e-06
697.0	2.4525e-06
697.2	2.4856e-06
697.4	2.5191e-06
697.6	2.5531e-06
697.8	2.5876e-06
698.0	2.6225e-06
698.2	2.6579e-06
698.4	2.6938e-06
698.6	2.7301e-06
698.8	2.767e-06
699.0	2.8043e-06
699.2	2.8421e-06
699.4	2.8805e-06
699.6	2.9194e-06
699.8	3.0397e-06
700.0	3.1908e-06
700.2	3.3494e-06
700.4	3.5158e-06
700.6	3.6905e-06
700.8	3.8739e-06
701.0	4.0664e-06
701.2	4.2685e-06
701.4	4.4806e-06
701.6	4.7032e-06
701.8	4.937e-06
702.0	5.1823e-06
702.2	5.4398e-06
702.4	5.7101e-06
702.6	5.9939e-06
702.8	6.2917e-06
703.0	6.6044e-06
703.2	6.9326e-06
703.4	7.0372e-06
703.6	6.909e-06
703.8	6.7831e-06
704.0	6.6595e-06
704.2	6.5382e-06
704.4	6.4191e-06
704.6	6.3021e-06
704.8	6.1873e-06
705.0	6.0745e-06
705.2	5.9639e-06
705.4	5.8552e-06
705.6	5.7485e-06
705.8	5.6438e-06
706.0	5.5409e-06
706.2	5.44e-06
706.4	5.3408e-06
706.6	5.2435e-06
706.8	5.148e-06
707.0	5.1093e-06
707.2	5.2409e-06
707.4	5.3759e-06
707.6	5.5143e-06
707.8	5.6563e-06
708.0	5.8019e-06
708.2	5.9513e-06
708.4	6.1046e-06
708.6	6.2618e-06
708.8	6.423e-06
709.0	6.5884e-06
709.2	6.758e-06
709.4	6.9321e-06
709.6	7.1106e-06
709.8	7.2937e-06
710.0	7.4815e-06
710.2	7.6741e-06
710.4	7.8717e-06
710.6	8.0761e-06
710.8	8.6799e-06
711.0	9.329e-06
711.2	1.0026e-05
711.4	1.0776e-05
711.6	1.1582e-05
711.8	1.2448e-05
712.0	1.3379e-05
712.2	1.4379e-05
712.4	1.5454e-05
712.6	1.661e-05
712.8	1.7852e-05
713.0	1.9187e-05
713.2	2.0621e-05
713.4	2.2163e-05
713.6	2.382e-05
713.8	2.5601e-05
714.0	2.7516e-05
714.2	2.9573e-05
714.4	3.1166e-05
714.6	3.2654e-05
714.8	3.4212e-05
715.0	3.5845e-05
715.2	3.7556e-05
715.4	3.9349e-05
715.6	4.1227e-05
715.8	4.3195e-05
716.0	4.5257e-05
716.2	4.7417e-05
716.4	4.968e-05
716.6	5.2051e-05
716.8	5.4536e-05
717.0	5.7139e-05
717.2	5.9866e-05
717.4	6.2724e-05
717.6	6.5718e-05
717.8	6.8855e-05
718.0	7.0109e-05
718.2	6.9754e-05
718.4	6.94e-05
718.6	6.9049e-05
718.8	6.8699e-05
719.0	6.8351e-05
719.2	6.8004e-05
719.4	6.766e-05
719.6	6.7317e-05
719.8	6.6976e-05
720.0	6.6637e-05
720.2	6.6299e-05
720.4	6.5963e-05
720.6	6.5629e-05
720.8	6.5296e-05
721.0	6.4965e-05
721.2	6.4636e-05
721.4	6.4309e-05
721.6	6.4225e-05
721.8	6.4616e-05
722.0	6.5008e-05
722.2	6.5404e-05
722.4	6.5801e-05
722.6	6.6201e-05
722.8	6.6604e-05
723.0	6.7009e-05
723.2	6.7416e-05
723.4	6.7826e-05
723.6	6.8239e-05
723.8	6.8653e-05
724.0	6.9071e-05
724.2	6.9491e-05
724.4	6.9913e-05
724.6	7.0338e-05
724.8	7.0766e-05
725.0	7.1196e-05
725.2	7.1263e-05
725.4	6.9045e-05
725.6	6.6897e-05
725.8	6.4815e-05
726.0	6.2797e-05
726.2	6.0843e-05
726.4	5.8949e-05
726.6	5.7115e-05
726.8	5.5337e-05
727.0	5.3615e-05
727.2	5.1946e-05
727.4	5.0329e-05
727.6	4.8763e-05
727.8	4.7245e-05
728.0	4.5775e-05
728.2	4.435e-05
728.4	4.297e-05
728.6	4.1633e-05
728.8	4.0337e-05
729.0	3.891e-05
729.2	3.7523e-05
729.4	3.6186e-05
729.6	3.4897e-05
729.8	3.3653e-05
730.0	3.2454e-05
730.2	3.1298e-05
730.4	3.0182e-05
730.6	2.9107e-05
730.8	2.807e-05
731.0	2.707e-05
731.2	2.6105e-05
731.4	2.5175e-05
731.6	2.4278e-05
731.8	2.3413e-05
732.0	2.2578e-05
732.2	2.1774e-05
732.4	2.0998e-05
732.6	2.1253e-05
732.8	2.1844e-05
733.0	2.2452e-05
733.2	2.3076e-05
733.4	2.3718e-05
733.6	2.4377e-05
733.8	2.5055e-05
734.0	2.5752e-05
734.2	2.6468e-05
734.4	2.7204e-05
734.6	2.796e-05
734.8	2.8738e-05
735.0	2.9537e-05
735.2	3.0358e-05
735.4	3.1203e-05
735.6	3.207e-05
735.8	3.2962e-05
736.0	3.3879e-05
736.2	3.5359e-05
736.4	3.7307e-05
736.6	3.9363e-05
736.8	4.1531e-05
737.0	4.3819e-05
737.2	4.6233e-05
737.4	4.878e-05
737.6	5.1468e-05
737.8	5.4303e-05
738.0	5.7295e-05
738.2	6.02e-05
738.4	6.2692e-05
738.6	6.5288e-05
738.8	6.7991e-05
739.0	7.0805e-05
739.2	7.305e-05
739.4	7.2561e-05
739.6	7.2076e-05
739.8	7.1595e-05
740.0	7.1116e-05
740.2	7.0641e-05
740.4	7.0168e-05
740.6	6.9699e-05
740.8	6.9233e-05
741.0	6.8771e-05
741.2	6.8311e-05
741.4	6.7854e-05
741.6	6.7401e-05
741.8	6.695e-05
742.0	6.6502e-05
742.2	6.6058e-05
742.4	6.5616e-05
742.6	6.5178e-05
742.8	6.4742e-05
743.0	6.2207e-05
743.2	5.9643e-05
743.4	5.7185e-05
743.6	5.4829e-05
743.8	5.2569e-05
744.0	5.0403e-05
744.2	4.8326e-05
744.4	4.6334e-05
744.6	4.4425e-05
744.8	4.2594e-05
745.0	4.0839e-05
745.2	3.9156e-05
745.4	3.7542e-05
745.6	3.5995e-05
745.8	3.4511e-05
746.0	3.3089e-05
746.2	3.1726e-05
746.4	3.0418e-05
746.6	3.0088e-05
746.8	3.0169e-05
747.0	3.025e-05
747.2	3.0332e-05
747.4	3.0413e-05
747.6	3.0495e-05
747.8	3.0577e-05
748.0	3.066e-05
748.2	3.0742e-05
748.4	3.0825e-05
748.6	3.0908e-05
748.8	3.0991e-05
749.0	3.1075e-05
749.2	3.1158e-05
749.4	3.1242e-05
749.6	3.1326e-05
749.8	3.1411e-05
750.0	3.1495e-05
750.2	3.2168e-05
750.4	3.3579e-05
750.6	3.5053e-05
750.8	3.6591e-05
751.0	3.8197e-05
751.2	3.9873e-05
751.4	4.1622e-05
751.6	4.3449e-05
751.8	4.5356e-05
752.0	4.7346e-05
752.2	4.9423e-05
752.4	5.1592e-05
752.6	5.3856e-05
752.8	5.6219e-05
753.0	5.8686e-05
753.2	6.1262e-05
753.4	6.395e-05
753.6	6.6756e-05
753.8	6.855e-05
754.0	6.6716e-05
754.2	6.4931e-05
754.4	6.3193e-05
754.6	6.1503e-05
754.8	5.9857e-05
755.0	5.8256e-05
755.2	5.6697e-05
755.4	5.518e-05
755.6	5.3704e-05
755.8	5.2267e-05
756.0	5.0868e-05
756.2	4.9507e-05
756.4	4.8183e-05
756.6	4.6894e-05
756.8	4.5639e-05
757.0	4.4418e-05
757.2	4.3229e-05
757.4	4.2092e-05
757.6	4.2145e-05
757.8	4.2197e-05
758.0	4.225e-05
758.2	4.2303e-05
758.4	4.2356e-05
758.6	4.2409e-05
758.8	4.2462e-05
759.0	4.2515e-05
759.2	4.2568e-05
759.4	4.2621e-05
759.6	4.2674e-05
759.8	4.2728e-05
760.0	4.2781e-05
760.2	4.2835e-05
760.4	4.2888e-05
760.6	4.2942e-05
760.8	4.2995e-05
761.0	4.3049e-05
761.2	4.4475e-05
761.4	4.628e-05
761.6	4.8159e-05
761.8	5.0114e-05
762.0	5.2148e-05
762.2	5.4265e-05
762.4	5.6468e-05
762.6	5.876e-05
762.8	6.1146e-05
763.0	6.3628e-05
763.2	6.6211e-05
763.4	6.8899e-05
763.6	7.1695e-05
763.8	7.4606e-05
764.0	7.7634e-05
764.2	8.0786e-05
764.4	8.4065e-05
764.6	8.7478e-05
764.8	8.6666e-05
765.0	8.3257e-05
765.2	7.9981e-05
765.4	7.6834e-05
765.6	7.3811e-05
765.8	7.0907e-05
766.0	6.8117e-05
766.2	6.5437e-05
766.4	6.2862e-05
766.6	6.0389e-05
766.8	5.8013e-05
767.0	5.5731e-05
767.2	5.3538e-05
767.4	5.1431e-05
767.6	4.9408e-05
767.8	4.7464e-05
768.0	4.5596e-05
768.2	4.3802e-05
768.4	4.26e-05
768.6	4.2109e-05
768.8	4.1623e-05
769.0	4.1143e-05
769.2	4.0669e-05
769.4	4.02e-05
769.6	3.9737e-05
769.8	3.9278e-05
770.0	3.8825e-05
770.2	3.8378e-05
770.4	3.7935e-05
770.6	3.7498e-05
770.8	3.7066e-05
771.0	3.6638e-05
771.2	3.6216e-05
771.4	3.5798e-05
771.6	3.5385e-05
771.8	3.4977e-05
772.0	3.4806e-05
772.2	3.5325e-05
772.4	3.5853e-05
772.6	3.6388e-05
772.8	3.6931e-05
773.0	3.7482e-05
773.2	3.8042e-05
773.4	3.8609e-05
773.6	3.9186e-05
773.8	3.9771e-05
774.0	4.0364e-05
774.2	4.0967e-05
774.4	4.1578e-05
774.6	4.2199e-05
774.8	4.2829e-05
775.0	4.3468e-05
775.2	4.4117e-05
775.4	4.4776e-05
775.6	4.5368e-05
775.8	4.5197e-05
776.0	4.5025e-05
776.2	4.4855e-05
776.4	4.4685e-05
776.6	4.4515e-05
776.8	4.4347e-05
777.0	4.4179e-05
777.2	4.4011e-05
777.4	4.3845e-05
777.6	4.3678e-05
777.8	4.3513e-05
778.0	4.3348e-05
778.2	4.3184e-05
778.4	4.302e-05
778.6	4.2857e-05
778.8	4.2695e-05
779.0	4.2533e-05
779.2	4.2372e-05
779.4	4.3038e-05
779.6	4.3777e-05
779.8	4.453e-05
780.0	4.5295e-05
780.2	4.6073e-05
780.4	4.6864e-05
780.6	4.767e-05
780.8	4.8489e-05
781.0	4.9322e-05
781.2	5.0169e-05
781.4	5.1031e-05
781.6	5.1908e-05
781.8	5.28e-05
782.0	5.3707e-05
782.2	5.4629e-05
782.4	5.5568e-05
782.6	5.6523e-05
782.8	5.7494e-05
783.0	5.8373e-05
783.2	5.9236e-05
783.4	6.0111e-05
783.6	6.1e-05
783.8	6.1901e-05
784.0	6.2816e-05
784.2	6.3745e-05
784.4	6.4687e-05
784.6	6.5643e-05
784.8	6.6613e-05
785.0	6.7597e-05
785.2	6.8597e-05
785.4	6.961e-05
785.6	7.0639e-05
785.8	7.1683e-05
786.0	7.2743e-05
786.2	7.3818e-05
786.4	7.4909e-05
786.6	7.52e-05
786.8	7.5062e-05
787.0	7.4925e-05
787.2	7.4787e-05
787.4	7.4651e-05
787.6	7.4514e-05
787.8	7.4378e-05
788.0	7.4241e-05
788.2	7.4106e-05
788.4	7.397e-05
788.6	7.3835e-05
788.8	7.3699e-05
789.0	7.3565e-05
789.2	7.343e-05
789.4	7.3296e-05
789.6	7.3161e-05
789.8	7.3027e-05
790.0	7.2894e-05
790.2	7.2662e-05
790.4	7.2343e-05
790.6	7.2025e-05
790.8	7.1708e-05
791.0	7.1393e-05
791.2	7.1079e-05
791.4	7.0767e-05
791.6	7.0456e-05
791.8	7.0146e-05
792.0	6.9838e-05
792.2	6.9531e-05
792.4	6.9226e-05
792.6	6.8921e-05
792.8	6.8619e-05
793.0	6.8317e-05
793.2	6.8017e-05
793.4	6.7718e-05
793.6	6.742e-05
793.8	6.6431e-05
794.0	6.4496e-05
794.2	6.2617e-05
794.4	6.0793e-05
794.6	5.9022e-05
794.8	5.7303e-05
795.0	5.5634e-05
795.2	5.3626e-05
795.4	5.0675e-05
795.6	4.7886e-05
795.8	4.5251e-05
796.0	4.2761e-05
796.2	4.0408e-05
796.4	3.8185e-05
796.6	3.6084e-05
796.8	3.4098e-05
797.0	3.2222e-05
797.2	3.0449e-05
797.4	2.9079e-05
797.6	2.8362e-05
797.8	2.7663e-05
798.0	2.6981e-05
798.2	2.6315e-05
798.4	2.5666e-05
798.6	2.5034e-05
798.8	2.4416e-05
799.0	2.3814e-05
799.2	2.3227e-05
799.4	2.2654e-05
799.6	2.2096e-05
799.8	2.1551e-05
800.0	2.1019e-05
800.2	2.0501e-05
800.4	1.9996e-05
800.6	1.9503e-05
800.8	1.9022e-05
801.0	1.8766e-05
801.2	1.9191e-05
801.4	1.9625e-05
801.6	2.007e-05
801.8	2.0524e-05
802.0	2.0989e-05
802.2	2.1464e-05
802.4	2.195e-05
802.6	2.2447e-05
802.8	2.2955e-05
803.0	2.3475e-05
803.2	2.3968e-05
803.4	2.4357e-05
803.6	2.4752e-05
803.8	2.5154e-05
804.0	2.5563e-05
804.2	2.5978e-05
804.4	2.6337e-05
804.6	2.659e-05
804.8	2.6845e-05
805.0	2.7103e-05
805.2	2.7364e-05
805.4	2.7627e-05
805.6	2.7892e-05
805.8	2.816e-05
806.0	2.8431e-05
806.2	2.8704e-05
806.4	2.898e-05
806.6	2.9259e-05
806.8	2.954e-05
807.0	2.9824e-05
807.2	3.011e-05
807.4	3.04e-05
807.6	3.0692e-05
807.8	3.0987e-05
808.0	3.1041e-05
808.2	3.0134e-05
808.4	2.9254e-05
808.6	2.8399e-05
808.8	2.7569e-05
809.0	2.6764e-05
809.2	2.5982e-05
809.4	2.5223e-05
809.6	2.4486e-05
809.8	2.3771e-05
810.0	2.3077e-05
810.2	2.2402e-05
810.4	2.1748e-05
810.6	2.1113e-05
810.8	2.0496e-05
811.0	1.9897e-05
811.2	1.9316e-05
811.4	1.8752e-05
811.6	1.8231e-05
811.8	1.8286e-05
812.0	1.8341e-05
812.2	1.8396e-05
812.4	1.8451e-05
812.6	1.8507e-05
812.8	1.8562e-05
813.0	1.8618e-05
813.2	1.8674e-05
813.4	1.873e-05
813.6	1.8786e-05
813.8	1.8843e-05
814.0	1.8899e-05
814.2	1.8956e-05
814.4	1.9013e-05
814.6	1.907e-05
814.8	1.9127e-05
815.0	1.9185e-05
815.2	1.9242e-05
815.4	2.0149e-05
815.6	2.1197e-05
815.8	2.2299e-05
816.0	2.3458e-05
816.2	2.4678e-05
816.4	2.5961e-05
816.6	2.731e-05
816.8	2.873e-05
817.0	3.0224e-05
817.2	3.1795e-05
817.4	3.3449e-05
817.6	3.5188e-05
817.8	3.7017e-05
818.0	3.8942e-05
818.2	4.0966e-05
818.4	4.3096e-05
818.6	4.5337e-05
818.8	4.7694e-05
819.0	4.9329e-05
819.2	5.0755e-05
819.4	5.2221e-05
819.6	5.373e-05
819.8	5.5282e-05
820.0	5.688e-05
820.2	5.8523e-05
820.4	6.0214e-05
820.6	6.1954e-05
820.8	6.3744e-05
821.0	6.5586e-05
821.2	6.7481e-05
821.4	6.9431e-05
821.6	7.1437e-05
821.8	7.3501e-05
822.0	7.5625e-05
822.2	7.781e-05
822.4	8.0058e-05
822.6	8.0324e-05
822.8	7.9463e-05
823.0	7.8612e-05
823.2	7.777e-05
823.4	7.6936e-05
823.6	7.6112e-05
823.8	7.5296e-05
824.0	7.449e-05
824.2	7.3691e-05
824.4	7.2902e-05
824.6	7.2121e-05
824.8	7.1348e-05
825.0	7.0583e-05
825.2	6.9827e-05
825.4	6.9079e-05
825.6	6.8339e-05
825.8	6.7607e-05
826.0	6.6882e-05
826.2	6.6664e-05
826.4	6.6904e-05
826.6	6.7144e-05
826.8	6.7385e-05
827.0	6.7627e-05
827.2	6.7871e-05
827.4	6.8114e-05
827.6	6.8359e-05
827.8	6.8605e-05
828.0	6.8851e-05
828.2	6.9099e-05
828.4	6.9347e-05
828.6	6.9596e-05
828.8	6.9846e-05
829.0	7.0097e-05
829.2	7.0349e-05
829.4	7.0602e-05
829.6	7.0856e-05
829.8	7.0147e-05
830.0	6.8146e-05
830.2	6.6202e-05
830.4	6.4313e-05
830.6	6.2478e-05
830.8	6.0696e-05
831.0	5.8964e-05
831.2	5.7282e-05
831.4	5.5648e-05
831.6	5.406e-05
831.8	5.2518e-05
832.0	5.102e-05
832.2	4.9564e-05
832.4	4.815e-05
832.6	4.6777e-05
832.8	4.5442e-05
833.0	4.4146e-05
833.2	4.2886e-05
833.4	4.1706e-05
833.6	4.0646e-05
833.8	3.9613e-05
834.0	3.8607e-05
834.2	3.7626e-05
834.4	3.667e-05
834.6	3.5738e-05
834.8	3.483e-05
835.0	3.3945e-05
835.2	3.3083e-05
835.4	3.2242e-05
835.6	3.1423e-05
835.8	3.0625e-05
836.0	2.9846e-05
836.2	2.9088e-05
836.4	2.8349e-05
836.6	2.7629e-05
836.8	2.6927e-05
837.0	2.6528e-05
837.2	2.7085e-05
837.4	2.7653e-05
837.6	2.8233e-05
837.8	2.8826e-05
838.0	2.943e-05
838.2	3.0048e-05
838.4	3.0678e-05
838.6	3.1322e-05
838.8	3.1979e-05
839.0	3.265e-05
839.2	3.3335e-05
839.4	3.4035e-05
839.6	3.4749e-05
839.8	3.5478e-05
840.0	3.6222e-05
840.2	3.6982e-05
840.4	3.7758e-05
840.6	3.8635e-05
840.8	4.0009e-05
841.0	4.1432e-05
841.2	4.2906e-05
841.4	4.4433e-05
841.6	4.6013e-05
841.8	4.765e-05
842.0	4.9345e-05
842.2	5.1101e-05
842.4	5.2919e-05
842.6	5.4801e-05
842.8	5.6751e-05
843.0	5.877e-05
843.2	6.086e-05
843.4	6.3025e-05
843.6	6.5267e-05
843.8	6.7589e-05
844.0	6.9994e-05
844.2	7.2127e-05
844.4	7.0533e-05
844.6	6.8974e-05
844.8	6.7449e-05
845.0	6.5958e-05
845.2	6.45e-05
845.4	6.3074e-05
845.6	6.168e-05
845.8	6.0317e-05
846.0	5.8983e-05
846.2	5.768e-05
846.4	5.6405e-05
846.6	5.5158e-05
846.8	5.3938e-05
847.0	5.2746e-05
847.2	5.158e-05
847.4	5.044e-05
847.6	4.9325e-05
847.8	4.8239e-05
848.0	4.7322e-05
848.2	4.6423e-05
848.4	4.5541e-05
848.6	4.4676e-05
848.8	4.3827e-05
849.0	4.2994e-05
849.2	4.2177e-05
849.4	4.1376e-05
849.6	4.059e-05
849.8	3.9818e-05
850.0	3.9062e-05
850.2	3.832e-05
850.4	3.7591e-05
850.6	3.6877e-05
850.8	3.6176e-05
851.0	3.5489e-05
851.2	3.4815e-05
851.4	3.4153e-05
851.6	3.4743e-05
851.8	3.5371e-05
852.0	3.6009e-05
852.2	3.6659e-05
852.4	3.7321e-05
852.6	3.7995e-05
852.8	3.8681e-05
853.0	3.938e-05
853.2	4.0091e-05
853.4	4.0815e-05
853.6	4.1551e-05
853.8	4.2302e-05
854.0	4.3065e-05
854.2	4.3843e-05
854.4	4.4635e-05
854.6	4.5441e-05
854.8	4.6261e-05
855.0	4.7096e-05
855.2	4.7879e-05
855.4	4.867e-05
855.6	4.9474e-05
855.8	5.0291e-05
856.0	5.1122e-05
856.2	5.1967e-05
856.4	5.2825e-05
856.6	5.3698e-05
856.8	5.4585e-05
857.0	5.5486e-05
857.2	5.6403e-05
857.4	5.7335e-05
857.6	5.8282e-05
857.8	5.9245e-05
858.0	6.0224e-05
858.2	6.1218e-05
858.4	6.223e-05
858.6	6.3258e-05
858.8	6.2883e-05
859.0	6.2369e-05
859.2	6.1859e-05
859.4	6.1353e-05
859.6	6.0851e-05
859.8	6.0354e-05
860.0	5.986e-05
860.2	5.9371e-05
860.4	5.8885e-05
860.6	5.8404e-05
860.8	5.7926e-05
861.0	5.7453e-05
861.2	5.6983e-05
861.4	5.6517e-05
861.6	5.6055e-05
861.8	5.5596e-05
862.0	5.5142e-05
862.2	5.4691e-05
862.4	5.4983e-05
862.6	5.5374e-05
862.8	5.5769e-05
863.0	5.6166e-05
863.2	5.6565e-05
863.4	5.6968e-05
863.6	5.7374e-05
863.8	5.7782e-05
864.0	5.8194e-05
864.2	5.8608e-05
864.4	5.9025e-05
864.6	5.9445e-05
864.8	5.9869e-05
865.0	6.0295e-05
865.2	6.0724e-05
865.4	6.1156e-05
865.6	6.1592e-05
865.8	6.203e-05
866.0	6.2599e-05
866.2	6.319e-05
866.4	6.3787e-05
866.6	6.439e-05
866.8	6.4999e-05
867.0	6.5613e-05
867.2	6.6233e-05
867.4	6.6859e-05
867.6	6.7491e-05
867.8	6.8128e-05
868.0	6.8772e-05
868.2	6.943e-05
868.4	7.0126e-05
868.6	7.083e-05
868.8	7.154e-05
869.0	7.2258e-05
869.2	7.2983e-05
869.4	7.3715e-05
869.6	7.27e-05
869.8	7.0509e-05
870.0	6.8385e-05
870.2	6.6324e-05
870.4	6.4326e-05
870.6	6.2388e-05
870.8	6.0508e-05
871.0	5.8685e-05
871.2	5.6916e-05
871.4	5.5202e-05
871.6	5.3538e-05
871.8	5.1925e-05
872.0	5.0361e-05
872.2	4.8843e-05
872.4	4.7372e-05
872.6	4.5944e-05
872.8	4.456e-05
873.0	4.3217e-05
873.2	4.1935e-05
873.4	4.0709e-05
873.6	3.9519e-05
873.8	3.8364e-05
874.0	3.7242e-05
874.2	3.6154e-05
874.4	3.5097e-05
874.6	3.4071e-05
874.8	3.3075e-05
875.0	3.2108e-05
875.2	3.117e-05
875.4	3.0259e-05
875.6	2.9374e-05
875.8	2.8515e-05
876.0	2.7682e-05
876.2	2.6873e-05
876.4	2.6087e-05
876.6	2.5325e-05
876.8	2.4949e-05
877.0	2.5052e-05
877.2	2.5155e-05
877.4	2.5258e-05
877.6	2.5362e-05
877.8	2.5466e-05
878.0	2.5571e-05
878.2	2.5676e-05
878.4	2.5782e-05
878.6	2.5888e-05
878.8	2.5994e-05
879.0	2.6101e-05
879.2	2.6208e-05
879.4	2.6316e-05
879.6	2.6424e-05
879.8	2.6533e-05
880.0	2.6642e-05
880.2	2.6751e-05
880.4	2.7155e-05
880.6	2.8074e-05
880.8	2.9024e-05
881.0	3.0006e-05
881.2	3.1021e-05
881.4	3.2071e-05
881.6	3.3156e-05
881.8	3.4278e-05
882.0	3.5438e-05
882.2	3.6637e-05
882.4	3.7877e-05
882.6	3.9159e-05
882.8	4.0484e-05
883.0	4.1854e-05
883.2	4.327e-05
883.4	4.4734e-05
883.6	4.6248e-05
883.8	4.7813e-05
884.0	4.9289e-05
884.2	5.0499e-05
884.4	5.1739e-05
884.6	5.3009e-05
884.8	5.4311e-05
885.0	5.5645e-05
885.2	5.7011e-05
885.4	5.8411e-05
885.6	5.9845e-05
885.8	6.1314e-05
886.0	6.282e-05
886.2	6.4363e-05
886.4	6.5943e-05
886.6	6.7562e-05
886.8	6.9221e-05
887.0	7.0921e-05
887.2	7.2662e-05
887.4	7.4446e-05
887.6	7.5474e-05
887.8	7.4429e-05
888.0	7.3399e-05
888.2	7.2383e-05
888.4	7.1381e-05
888.6	7.0393e-05
888.8	6.9418e-05
889.0	6.8457e-05
889.2	6.7509e-05
889.4	6.6575e-05
889.6	6.5653e-05
889.8	6.4744e-05
890.0	6.3848e-05
890.2	6.2964e-05
890.4	6.2093e-05
890.6	6.1233e-05
890.8	6.0385e-05
891.0	5.9549e-05
891.2	5.8851e-05
891.4	5.8553e-05
891.6	5.8255e-05
891.8	5.796e-05
892.0	5.7665e-05
892.2	5.7373e-05
892.4	5.7081e-05
892.6	5.6791e-05
892.8	5.6503e-05
893.0	5.6216e-05
893.2	5.5931e-05
893.4	5.5647e-05
893.6	5.5364e-05
893.8	5.5083e-05
894.0	5.4804e-05
894.2	5.4526e-05
894.4	5.4249e-05
894.6	5.3973e-05
894.8	5.394e-05
895.0	5.4773e-05
895.2	5.5619e-05
895.4	5.6478e-05
895.6	5.735e-05
895.8	5.8236e-05
896.0	5.9135e-05
896.2	6.0049e-05
896.4	6.0976e-05
896.6	6.1918e-05
896.8	6.2874e-05
897.0	6.3845e-05
897.2	6.4831e-05
897.4	6.5832e-05
897.6	6.6848e-05
897.8	6.7881e-05
898.0	6.8929e-05
898.2	6.9993e-05
898.4	7.0891e-05
898.6	7.1088e-05
898.8	7.1285e-05
899.0	7.1483e-05
899.2	7.1681e-05
899.4	7.188e-05
899.6	7.208e-05
899.8	7.228e-05
900.0	7.2481e-05
900.2	7.2682e-05
900.4	7.2884e-05
900.6	7.3086e-05
900.8	7.3289e-05
901.0	7.3493e-05
901.2	7.3697e-05
901.4	7.3901e-05
901.6	7.4107e-05
901.8	7.4312e-05
902.0	7.4207e-05
902.2	7.2852e-05
902.4	7.1522e-05
902.6	7.0216e-05
902.8	6.8933e-05
903.0	6.7675e-05
903.2	6.6439e-05
903.4	6.5226e-05
903.6	6.4035e-05
903.8	6.2865e-05
904.0	6.1717e-05
904.2	6.059e-05
904.4	5.9484e-05
904.6	5.8398e-05
904.8	5.7331e-05
905.0	5.6284e-05
905.2	5.5257e-05
905.4	5.4248e-05
905.6	5.338e-05
905.8	5.2999e-05
906.0	5.2621e-05
906.2	5.2246e-05
906.4	5.1873e-05
906.6	5.1503e-05
906.8	5.1136e-05
907.0	5.0771e-05
907.2	5.0409e-05
907.4	5.0049e-05
907.6	4.9692e-05
907.8	4.9338e-05
908.0	4.8986e-05
908.2	4.8637e-05
908.4	4.829e-05
908.6	4.7945e-05
908.8	4.7603e-05
909.0	4.7264e-05
909.2	4.7115e-05
909.4	4.7656e-05
909.6	4.8203e-05
909.8	4.8756e-05
910.0	4.9316e-05
910.2	4.9882e-05
910.4	5.0454e-05
910.6	5.1033e-05
910.8	5.1619e-05
911.0	5.2211e-05
911.2	5.281e-05
911.4	5.3416e-05
911.6	5.4029e-05
911.8	5.4649e-05
912.0	5.5276e-05
912.2	5.5911e-05
912.4	5.6552e-05
912.6	5.7201e-05
912.8	5.7816e-05
913.0	5.8307e-05
913.2	5.8803e-05
913.4	5.9302e-05
913.6	5.9806e-05
913.8	6.0314e-05
914.0	6.0827e-05
914.2	6.1344e-05
914.4	6.1865e-05
914.6	6.239e-05
914.8	6.292e-05
915.0	6.3455e-05
915.2	6.3994e-05
915.4	6.4538e-05
915.6	6.5086e-05
915.8	6.5639e-05
916.0	6.6197e-05
916.2	6.6759e-05
916.4	6.6715e-05
916.6	6.5085e-05
916.8	6.3495e-05
917.0	6.1944e-05
917.2	6.0431e-05
917.4	5.8954e-05
917.6	5.7514e-05
917.8	5.6109e-05
918.0	5.4738e-05
918.2	5.3401e-05
918.4	5.2096e-05
918.6	5.0823e-05
918.8	4.9581e-05
919.0	4.837e-05
919.2	4.7188e-05
919.4	4.6035e-05
919.6	4.4911e-05
919.8	4.3813e-05
920.0	4.2566e-05
920.2	4.0984e-05
920.4	3.9461e-05
920.6	3.7995e-05
920.8	3.6583e-05
921.0	3.5224e-05
921.2	3.3915e-05
921.4	3.2655e-05
921.6	3.1442e-05
921.8	3.0274e-05
922.0	2.9149e-05
922.2	2.8066e-05
922.4	2.7023e-05
922.6	2.6019e-05
922.8	2.5052e-05
923.0	2.4121e-05
923.2	2.3225e-05
923.4	2.2362e-05
923.6	2.1644e-05
923.8	2.1137e-05
924.0	2.0643e-05
924.2	2.016e-05
924.4	1.9688e-05
924.6	1.9227e-05
924.8	1.8778e-05
925.0	1.8338e-05
925.2	1.7909e-05
925.4	1.749e-05
925.6	1.7081e-05
925.8	1.6681e-05
926.0	1.6291e-05
926.2	1.591e-05
926.4	1.5537e-05
926.6	1.5174e-05
926.8	1.4819e-05
927.0	1.4472e-05
927.2	1.4232e-05
927.4	1.4124e-05
927.6	1.4018e-05
927.8	1.3912e-05
928.0	1.3807e-05
928.2	1.3703e-05
928.4	1.3599e-05
928.6	1.3496e-05
928.8	1.3395e-05
929.0	1.3293e-05
929.2	1.3193e-05
929.4	1.3094e-05
929.6	1.2995e-05
929.8	1.2897e-05
930.0	1.2799e-05
930.2	1.2703e-05
930.4	1.2607e-05
930.6	1.2512e-05
930.8	1.2564e-05
931.0	1.2766e-05
931.2	1.2972e-05
931.4	1.318e-05
931.6	1.3392e-05
931.8	1.3607e-05
932.0	1.3826e-05
932.2	1.4048e-05
932.4	1.4273e-05
932.6	1.4502e-05
932.8	1.4374e-05
933.0	1.4207e-05
933.2	1.4587e-05
933.4	1.507e-05
933.6	1.5279e-05
933.8	1.5427e-05
934.0	1.5926e-05
934.2	1.6549e-05
934.4	1.6731e-05
934.6	1.6748e-05
934.8	1.721e-05
935.0	1.7892e-05
935.2	1.8482e-05
935.4	1.9025e-05
935.6	1.9752e-05
935.8	2.0622e-05
936.0	2.1089e-05
936.2	2.123e-05
936.4	2.17e-05
936.6	2.2488e-05
936.8	2.3318e-05
937.0	2.4194e-05
937.2	2.5137e-05
937.4	2.6165e-05
937.6	2.7091e-05
937.8	2.7828e-05
938.0	2.8731e-05
938.2	2.9933e-05
938.4	3.1294e-05
938.6	3.2957e-05
938.8	3.454e-05
939.0	3.5744e-05
939.2	3.6983e-05
939.4	3.8242e-05
939.6	3.9689e-05
939.8	4.181e-05
940.0	4.4161e-05
940.2	4.7306e-05
940.4	5.0529e-05
940.6	5.2807e-05
940.8	5.5222e-05
941.0	5.8173e-05
941.2	6.1252e-05
941.4	6.3674e-05
941.6	6.6191e-05
941.8	6.9776e-05
942.0	7.356e-05
942.2	7.7507e-05
942.4	8.1663e-05
942.6	8.747e-05
942.8	9.3823e-05
943.0	9.8553e-05
943.2	1.0323e-04
943.4	1.087e-04
943.6	1.1459e-04
943.8	1.2098e-04
944.0	1.2779e-04
944.2	1.3601e-04
944.4	1.451e-04
944.6	1.5379e-04
944.8	1.6259e-04
945.0	1.7159e-04
945.2	1.8094e-04
945.4	1.905e-04
945.6	2.0041e-04
945.8	2.1197e-04
946.0	2.25e-04
946.2	2.3763e-04
946.4	2.5001e-04
946.6	2.6097e-04
946.8	2.7054e-04
947.0	2.8315e-04
947.2	2.9929e-04
947.4	3.1398e-04
947.6	3.2637e-04
947.8	3.4036e-04
948.0	3.5661e-04
948.2	3.7311e-04
948.4	3.8948e-04
948.6	4.0597e-04
948.8	4.2196e-04
949.0	4.3906e-04
949.2	4.5802e-04
949.4	4.7711e-04
949.6	4.9503e-04
949.8	5.132e-04
950.0	5.3056e-04
950.2	5.4997e-04
950.4	5.7669e-04
950.6	6.0351e-04
950.8	6.2476e-04
951.0	6.4707e-04
951.2	6.7266e-04
951.4	6.9903e-04
951.6	7.2352e-04
951.8	7.4889e-04
952.0	7.7559e-04
952.2	8.0327e-04
952.4	8.3572e-04
952.6	8.6948e-04
952.8	9.0126e-04
953.0	9.341e-04
953.2	9.755e-04
953.4	0.00102
953.6	0.00105
953.8	0.00109
954.0	0.00113
954.2	0.00118
954.4	0.00122
954.6	0.00126
954.8	0.00131
955.0	0.00137
955.2	0.00142
955.4	0.00147
955.6	0.00151
955.8	0.00156
956.0	0.00161
956.2	0.00165
956.4	0.0017
956.6	0.00174
956.8	0.00178
957.0	0.00183
957.2	0.00186
957.4	0.0019
957.6	0.00193
957.8	0.00196
958.0	0.00199
958.2	0.00203
958.4	0.00205
958.6	0.00208
958.8	0.0021
959.0	0.00211
959.2	0.00213
959.4	0.00215
959.6	0.00216
959.8	0.00218
960.0	0.00219
960.2	0.00219
960.4	0.0022
960.6	0.0022
960.8	0.0022
961.0	0.00221
961.2	0.00221
961.4	0.00223
961.6	0.00223
961.8	0.00223
962.0	0.00223
962.2	0.00224
962.4	0.00225
962.6	0.00225
962.8	0.00225
963.0	0.00226
963.2	0.00226
963.4	0.00227
963.6	0.00228
963.8	0.00229
964.0	0.00229
964.2	0.0023
964.4	0.00231
964.6	0.00231
964.8	0.00231
965.0	0.00232
965.2	0.00233
965.4	0.00233
965.6	0.00234
965.8	0.00234
966.0	0.00234
966.2	0.00234
966.4	0.00235
966.6	0.00235
966.8	0.00234
967.0	0.00234
967.2	0.00233
967.4	0.00233
967.6	0.00232
967.8	0.00231
968.0	0.0023
968.2	0.00229
968.4	0.00228
968.6	0.00227
968.8	0.00225
969.0	0.00224
969.2	0.00223
969.4	0.00221
969.6	0.0022
969.8	0.00219
970.0	0.00217
970.2	0.00215
970.4	0.00212
970.6	0.0021
970.8	0.00209
971.0	0.00207
971.2	0.00205
971.4	0.00204
971.6	0.00202
971.8	0.00201
972.0	0.00198
972.2	0.00196
972.4	0.00194
972.6	0.00193
972.8	0.00192
973.0	0.0019
973.2	0.00188
973.4	0.00187
973.6	0.00185
973.8	0.00185
974.0	0.00184
974.2	0.00183
974.4	0.00181
974.6	0.0018
974.8	0.00179
975.0	0.00178
975.2	0.00178
975.4	0.00177
975.6	0.00176
975.8	0.00175
976.0	0.00174
976.2	0.00173
976.4	0.00173
976.6	0.00173
976.8	0.00172
977.0	0.00172
977.2	0.00171
977.4	0.00171
977.6	0.00171
977.8	0.0017
978.0	0.0017
978.2	0.00169
978.4	0.00169
978.6	0.00168
978.8	0.00168
979.0	0.00168
979.2	0.00167
979.4	0.00167
979.6	0.00166
979.8	0.00165
980.0	0.00165
980.2	0.00165
980.4	0.00164
980.6	0.00164
980.8	0.00163
981.0	0.00162
981.2	0.00161
981.4	0.00161
981.6	0.00161
981.8	0.0016
982.0	0.00159
982.2	0.00158
982.4	0.00158
982.6	0.00157
982.8	0.00156
983.0	0.00155
983.2	0.00155
983.4	0.00154
983.6	0.00153
983.8	0.00152
984.0	0.00151
984.2	0.00151
984.4	0.0015
984.6	0.00149
984.8	0.00149
985.0	0.00148
985.2	0.00147
985.4	0.00146
985.6	0.00145
985.8	0.00144
986.0	0.00144
986.2	0.00143
986.4	0.00142
986.6	0.00141
986.8	0.00141
987.0	0.0014
987.2	0.00139
987.4	0.00138
987.6	0.00138
987.8	0.00138
988.0	0.00137
988.2	0.00137
988.4	0.00136
988.6	0.00135
988.8	0.00134
989.0	0.00134
989.2	0.00134
989.4	0.00133
989.6	0.00133
989.8	0.00133
990.0	0.00133
990.2	0.00132
990.4	0.00132
990.6	0.00131
990.8	0.0013
991.0	0.0013
991.2	0.00129
991.4	0.00129
991.6	0.00129
991.8	0.00129
992.0	0.00129
992.2	0.00128
992.4	0.00128
992.6	0.00128
992.8	0.00128
993.0	0.00128
993.2	0.00128
993.4	0.00128
993.6	0.00127
993.8	0.00127
994.0	0.00127
994.2	0.00127
994.4	0.00126
994.6	0.00126
994.8	0.00126
995.0	0.00126
995.2	0.00125
995.4	0.00126
995.6	0.00126
995.8	0.00125
996.0	0.00124
996.2	0.00124
996.4	0.00125
996.6	0.00125
996.8	0.00125
997.0	0.00125
997.2	0.00124
997.4	0.00124
997.6	0.00123
997.8	0.00123
998.0	0.00123
998.2	0.00123
998.4	0.00123
998.6	0.00123
998.8	0.00122
999.0	0.00122
999.2	0.00122
999.4	0.00122
999.6	0.00123
999.8	0.00123
1000.0	0.00122
1000.2	0.00122
1000.4	0.00122
1000.6	0.00121
1000.8	0.00121
1001.0	0.00121
1001.2	0.00121
1001.4	0.00121
1001.6	0.00121
1001.8	0.00121
1002.0	0.00121
1002.2	0.00121
1002.4	0.00121
1002.6	0.00121
1002.8	0.00121
1003.0	0.00121
1003.2	0.00121
1003.4	0.00121
1003.6	0.00121
1003.8	0.00121
1004.0	0.00121
1004.2	0.00121
1004.4	0.00121
1004.6	0.00121
1004.8	0.00121
1005.0	0.00121
1005.2	0.00122
1005.4	0.00122
1005.6	0.00122
1005.8	0.00122
1006.0	0.00122
1006.2	0.00122
1006.4	0.00123
1006.6	0.00123
1006.8	0.00123
1007.0	0.00123
1007.2	0.00123
1007.4	0.00123
1007.6	0.00123
1007.8	0.00123
1008.0	0.00123
1008.2	0.00123
1008.4	0.00123
1008.6	0.00124
1008.8	0.00124
1009.0	0.00124
1009.2	0.00124
1009.4	0.00124
1009.6	0.00124
1009.8	0.00124
1010.0	0.00124
1010.2	0.00124
1010.4	0.00124
1010.6	0.00124
1010.8	0.00124
1011.0	0.00124
1011.2	0.00124
1011.4	0.00124
1011.6	0.00124
1011.8	0.00125
1012.0	0.00125
1012.2	0.00125
1012.4	0.00125
1012.6	0.00125
1012.8	0.00125
1013.0	0.00125
1013.2	0.00126
1013.4	0.00126
1013.6	0.00126
1013.8	0.00126
1014.0	0.00127
1014.2	0.00127
1014.4	0.00127
1014.6	0.00127
1014.8	0.00127
1015.0	0.00127
1015.2	0.00128
1015.4	0.00128
1015.6	0.00128
1015.8	0.00128
1016.0	0.00128
1016.2	0.00129
1016.4	0.00129
1016.6	0.00129
1016.8	0.0013
1017.0	0.0013
1017.2	0.0013
1017.4	0.0013
1017.6	0.0013
1017.8	0.0013
1018.0	0.00131
1018.2	0.00131
1018.4	0.00131
1018.6	0.00131
1018.8	0.00132
1019.0	0.00133
1019.2	0.00133
1019.4	0.00134
1019.6	0.00135
1019.8	0.00135
1020.0	0.00135
1020.2	0.00136
1020.4	0.00136
1020.6	0.00136
1020.8	0.00137
1021.0	0.00137
1021.2	0.00138
1021.4	0.00139
1021.6	0.00139
1021.8	0.00139
1022.0	0.0014
1022.2	0.0014
1022.4	0.0014
1022.6	0.00141
1022.8	0.00142
1023.0	0.00143
1023.2	0.00143
1023.4	0.00143
1023.6	0.00143
1023.8	0.00143
1024.0	0.00144
1024.2	0.00144
1024.4	0.00144
1024.6	0.00145
1024.8	0.00145
1025.0	0.00146
1025.2	0.00148
1025.4	0.00145
1025.6	0.00145
1025.8	0.00146
1026.0	0.00147
1026.2	0.00147
1026.4	0.00148
1026.6	0.00148
1026.8	0.00149
1027.0	0.00149
1027.2	0.00149
1027.4	0.0015
1027.6	0.0015
1027.8	0.0015
1028.0	0.0015
1028.2	0.00151
1028.4	0.00151
1028.6	0.00151
1028.8	0.00151
1029.0	0.00151
1029.2	0.00152
1029.4	0.00152
1029.6	0.00152
1029.8	0.00152
1030.0	0.00152
1030.2	0.00152
1030.4	0.00153
1030.6	0.00153
1030.8	0.00153
1031.0	0.00153
1031.2	0.00153
1031.4	0.00153
1031.6	0.00153
1031.8	0.00153
1032.0	0.00153
1032.2	0.00154
1032.4	0.00154
1032.6	0.00154
1032.8	0.00154
1033.0	0.00154
1033.2	0.00155
1033.4	0.00155
1033.6	0.00155
1033.8	0.00155
1034.0	0.00155
1034.2	0.00156
1034.4	0.00156
1034.6	0.00156
1034.8	0.00156
1035.0	0.00156
1035.2	0.00157
1035.4	0.00157
1035.6	0.00157
1035.8	0.00158
1036.0	0.00158
1036.2	0.00158
1036.4	0.00159
1036.6	0.00159
1036.8	0.0016
1037.0	0.0016
1037.2	0.0016
1037.4	0.00161
1037.6	0.00161
1037.8	0.00162
1038.0	0.00162
1038.2	0.00163
1038.4	0.00163
1038.6	0.00163
1038.8	0.00164
1039.0	0.00164
1039.2	0.00164
1039.4	0.00164
1039.6	0.00165
1039.8	0.00165
1040.0	0.00165
1040.2	0.00166
1040.4	0.00166
1040.6	0.00167
1040.8	0.00167
1041.0	0.00167
1041.2	0.00168
1041.4	0.00168
1041.6	0.00169
1041.8	0.00169
1042.0	0.00169
1042.2	0.00169
1042.4	0.0017
1042.6	0.0017
1042.8	0.0017
1043.0	0.0017
1043.2	0.00171
1043.4	0.00171
1043.6	0.00171
1043.8	0.00171
1044.0	0.00172
1044.2	0.00172
1044.4	0.00172
1044.6	0.00173
1044.8	0.00173
1045.0	0.00173
1045.2	0.00173
1045.4	0.00173
1045.6	0.00173
1045.8	0.00173
1046.0	0.00173
1046.2	0.00174
1046.4	0.00174
1046.6	0.00174
1046.8	0.00174
1047.0	0.00174
1047.2	0.00175
1047.4	0.00175
1047.6	0.00175
1047.8	0.00175
1048.0	0.00175
1048.2	0.00175
1048.4	0.00175
1048.6	0.00175
1048.8	0.00175
1049.0	0.00175
1049.2	0.00175
1049.4	0.00175
1049.6	0.00175
1049.8	0.00176
1050.0	0.00176
1050.2	0.00177
1050.4	0.00177
1050.6	0.00177
1050.8	0.00177
1051.0	0.00177
1051.2	0.00177
1051.4	0.00177
1051.6	0.00177
1051.8	0.00177
1052.0	0.00177
1052.2	0.00177
1052.4	0.00177
1052.6	0.00178
1052.8	0.00178
1053.0	0.00179
1053.2	0.00179
1053.4	0.00179
1053.6	0.00179
1053.8	0.00179
1054.0	0.00179
1054.2	0.00179
1054.4	0.00179
1054.6	0.0018
1054.8	0.0018
1055.0	0.00181
1055.2	0.00181
1055.4	0.00181
1055.6	0.00182
1055.8	0.00182
1056.0	0.00183
1056.2	0.00183
1056.4	0.00183
1056.6	0.00184
1056.8	0.00184
1057.0	0.00184
1057.2	0.00184
1057.4	0.00184
1057.6	0.00184
1057.8	0.00184
1058.0	0.00184
1058.2	0.00185
1058.4	0.00185
1058.6	0.00185
1058.8	0.00186
1059.0	0.00186
1059.2	0.00187
1059.4	0.00187
1059.6	0.00187
1059.8	0.00187
1060.0	0.00187
1060.2	0.00187
1060.4	0.00187
1060.6	0.00188
1060.8	0.00188
1061.0	0.00188
1061.2	0.00188
1061.4	0.00189
1061.6	0.00189
1061.8	0.0019
1062.0	0.0019
1062.2	0.00191
1062.4	0.00192
1062.6	0.00192
1062.8	0.00193
1063.0	0.00193
1063.2	0.00194
1063.4	0.00194
1063.6	0.00194
1063.8	0.00194
1064.0	0.00195
1064.2	0.00195
1064.4	0.00195
1064.6	0.00195
1064.8	0.00201
1065.0	0.00209
1065.2	0.00217
1065.4	0.00214
1065.6	0.00216
1065.8	0.00219
1066.0	0.00222
1066.2	0.00225
1066.4	0.00227
1066.6	0.0023
1066.8	0.00233
1067.0	0.00237
1067.2	0.00238
1067.4	0.00238
1067.6	0.00239
1067.8	0.00239
1068.0	0.0024
1068.2	0.0024
1068.4	0.00241
1068.6	0.00241
1068.8	0.00242
1069.0	0.00242
1069.2	0.00243
1069.4	0.00244
1069.6	0.00244
1069.8	0.00245
1070.0	0.00246
1070.2	0.00246
1070.4	0.00247
1070.6	0.00248
1070.8	0.00249
1071.0	0.0025
1071.2	0.00251
1071.4	0.00252
1071.6	0.00253
1071.8	0.00254
1072.0	0.00255
1072.2	0.00256
1072.4	0.00257
1072.6	0.00258
1072.8	0.00259
1073.0	0.0026
1073.2	0.00261
1073.4	0.00262
1073.6	0.00263
1073.8	0.00264
1074.0	0.00265
1074.2	0.00266
1074.4	0.00267
1074.6	0.00268
1074.8	0.00269
1075.0	0.0027
1075.2	0.00269
1075.4	0.00259
1075.6	0.0025
1075.8	0.00242
1076.0	0.00242
1076.2	0.00243
1076.4	0.00244
1076.6	0.00245
1076.8	0.00246
1077.0	0.00246
1077.2	0.00247
1077.4	0.00248
1077.6	0.00249
1077.8	0.00251
1078.0	0.00252
1078.2	0.00254
1078.4	0.00255
1078.6	0.00257
1078.8	0.00258
1079.0	0.0026
1079.2	0.00261
1079.4	0.00262
1079.6	0.00263
1079.8	0.00264
1080.0	0.00265
1080.2	0.00265
1080.4	0.00266
1080.6	0.00267
1080.8	0.00268
1081.0	0.00269
1081.2	0.00271
1081.4	0.00272
1081.6	0.00273
1081.8	0.00275
1082.0	0.00276
1082.2	0.00278
1082.4	0.00279
1082.6	0.00281
1082.8	0.00282
1083.0	0.00283
1083.2	0.00285
1083.4	0.00286
1083.6	0.00288
1083.8	0.00289
1084.0	0.0029
1084.2	0.00292
1084.4	0.00293
1084.6	0.00295
1084.8	0.00296
1085.0	0.00298
1085.2	0.003
1085.4	0.00302
1085.6	0.00304
1085.8	0.00306
1086.0	0.00308
1086.2	0.0031
1086.4	0.00312
1086.6	0.00315
1086.8	0.00317
1087.0	0.00319
1087.2	0.00321
1087.4	0.00323
1087.6	0.00325
1087.8	0.00327
1088.0	0.00329
1088.2	0.00331
1088.4	0.00334
1088.6	0.00336
1088.8	0.00338
1089.0	0.0034
1089.2	0.00343
1089.4	0.00345
1089.6	0.00347
1089.8	0.0035
1090.0	0.00352
1090.2	0.00355
1090.4	0.00357
1090.6	0.0036
1090.8	0.00362
1091.0	0.00365
1091.2	0.00367
1091.4	0.00369
1091.6	0.00372
1091.8	0.00374
1092.0	0.00377
1092.2	0.00379
1092.4	0.00382
1092.6	0.00384
1092.8	0.00386
1093.0	0.00389
1093.2	0.00391
1093.4	0.00393
1093.6	0.00396
1093.8	0.00398
1094.0	0.004
1094.2	0.00403
1094.4	0.00405
1094.6	0.00407
1094.8	0.0041
1095.0	0.00412
1095.2	0.00415
1095.4	0.00419
1095.6	0.00423
1095.8	0.00426
1096.0	0.0043
1096.2	0.00433
1096.4	0.00437
1096.6	0.00441
1096.8	0.00445
1097.0	0.00449
1097.2	0.00452
1097.4	0.00456
1097.6	0.0046
1097.8	0.00464
1098.0	0.00468
1098.2	0.00471
1098.4	0.00475
1098.6	0.00479
1098.8	0.00483
1099.0	0.00487
1099.2	0.00491
1099.4	0.00495
1099.6	0.00499
1099.8	0.00504
1100.0	0.00508
1100.2	0.00512
1100.4	0.00517
1100.6	0.00521
1100.8	0.00525
1101.0	0.0053
1101.2	0.00534
1101.4	0.00539
1101.6	0.00543
1101.8	0.00547
1102.0	0.00552
1102.2	0.00556
1102.4	0.00561
1102.6	0.00565
1102.8	0.0057
1103.0	0.00574
1103.2	0.00578
1103.4	0.00582
1103.6	0.00586
1103.8	0.0059
1104.0	0.00594
1104.2	0.00598
1104.4	0.00602
1104.6	0.00607
1104.8	0.00613
1105.0	0.00619
1105.2	0.00625
1105.4	0.00631
1105.6	0.00638
1105.8	0.00644
1106.0	0.00651
1106.2	0.00657
1106.4	0.00664
1106.6	0.0067
1106.8	0.00677
1107.0	0.00683
1107.2	0.0069
1107.4	0.00697
1107.6	0.00704
1107.8	0.0071
1108.0	0.00717
1108.2	0.00724
1108.4	0.00731
1108.6	0.00737
1108.8	0.00744
1109.0	0.0075
1109.2	0.00756
1109.4	0.00763
1109.6	0.00769
1109.8	0.00776
1110.0	0.00782
1110.2	0.00712
1110.4	0.00719
1110.6	0.00727
1110.8	0.00735
1111.0	0.00743
1111.2	0.00752
1111.4	0.0076
1111.6	0.00769
1111.8	0.00778
1112.0	0.00787
1112.2	0.00796
1112.4	0.00805
1112.6	0.00814
1112.8	0.00824
1113.0	0.00833
1113.2	0.00842
1113.4	0.00852
1113.6	0.00861
1113.8	0.00871
1114.0	0.0088
1114.2	0.0089
1114.4	0.009
1114.6	0.0091
1114.8	0.0092
1115.0	0.0093
1115.2	0.0094
1115.4	0.0095
1115.6	0.00961
1115.8	0.00972
1116.0	0.00983
1116.2	0.00994
1116.4	0.01005
1116.6	0.01017
1116.8	0.01029
1117.0	0.0104
1117.2	0.01052
1117.4	0.01064
1117.6	0.01076
1117.8	0.01089
1118.0	0.01101
1118.2	0.01114
1118.4	0.01127
1118.6	0.01141
1118.8	0.01156
1119.0	0.0117
1119.2	0.01185
1119.4	0.012
1119.6	0.01215
1119.8	0.0123
1120.0	0.01245
1120.2	0.01261
1120.4	0.01277
1120.6	0.01293
1120.8	0.01309
1121.0	0.01241
1121.2	0.01258
1121.4	0.01275
1121.6	0.01292
1121.8	0.0131
1122.0	0.01327
1122.2	0.01344
1122.4	0.01361
1122.6	0.01378
1122.8	0.01395
1123.0	0.01413
1123.2	0.01432
1123.4	0.0145
1123.6	0.01469
1123.8	0.01489
1124.0	0.01508
1124.2	0.01528
1124.4	0.01549
1124.6	0.01569
1124.8	0.0159
1125.0	0.01611
1125.2	0.01633
1125.4	0.01656
1125.6	0.01678
1125.8	0.01702
1126.0	0.01725
1126.2	0.0175
1126.4	0.01775
1126.6	0.018
1126.8	0.01826
1127.0	0.01852
1127.2	0.0188
1127.4	0.01909
1127.6	0.01938
1127.8	0.01967
1128.0	0.01997
1128.2	0.02024
1128.4	0.02051
1128.6	0.02078
1128.8	0.02105
1129.0	0.02133
1129.2	0.02166
1129.4	0.02199
1129.6	0.02232
1129.8	0.02266
1130.0	0.023
1130.2	0.02334
1130.4	0.02368
1130.6	0.02403
1130.8	0.02439
1131.0	0.02474
1131.2	0.02514
1131.4	0.02554
1131.6	0.02595
1131.8	0.02636
1132.0	0.02679
1132.2	0.02722
1132.4	0.02765
1132.6	0.0281
1132.8	0.02855
1133.0	0.02901
1133.2	0.02946
1133.4	0.02992
1133.6	0.03039
1133.8	0.03087
1134.0	0.03135
1134.2	0.03183
1134.4	0.03231
1134.6	0.0328
1134.8	0.0333
1135.0	0.03381
1135.2	0.03439
1135.4	0.03498
1135.6	0.03557
1135.8	0.03618
1136.0	0.0368
1136.2	0.03746
1136.4	0.03813
1136.6	0.03881
1136.8	0.0395
1137.0	0.04021
1137.2	0.04093
1137.4	0.04167
1137.6	0.04242
1137.8	0.04319
1138.0	0.04396
1138.2	0.04465
1138.4	0.04535
1138.6	0.04606
1138.8	0.04679
1139.0	0.04753
1139.2	0.04847
1139.4	0.04943
1139.6	0.05041
1139.8	0.05141
1140.0	0.05242
1140.2	0.05329
1140.4	0.05417
1140.6	0.05507
1140.8	0.05598
1141.0	0.05691
1141.2	0.05799
1141.4	0.05909
1141.6	0.06022
1141.8	0.06136
1142.0	0.06252
1142.2	0.06377
1142.4	0.06505
1142.6	0.06634
1142.8	0.06767
1143.0	0.06902
1143.2	0.0702
1143.4	0.0714
1143.6	0.07262
1143.8	0.07386
1144.0	0.07513
1144.2	0.07683
1144.4	0.07857
1144.6	0.08034
1144.8	0.08216
1145.0	0.084
1145.2	0.0856
1145.4	0.08723
1145.6	0.08889
1145.8	0.09058
1146.0	0.09232
1146.2	0.09461
1146.4	0.09695
1146.6	0.09935
1146.8	0.1018
1147.0	0.10432
1147.2	0.10647
1147.4	0.10867
1147.6	0.11091
1147.8	0.1132
1148.0	0.11555
1148.2	0.11832
1148.4	0.12116
1148.6	0.12407
1148.8	0.12705
1149.0	0.1301
1149.2	0.13316
1149.4	0.1363
1149.6	0.13951
1149.8	0.1428
1150.0	0.14617
1150.2	0.14973
1150.4	0.15338
1150.6	0.15711
1150.8	0.16094
1151.0	0.16486
1151.2	0.16933
1151.4	0.17392
1151.6	0.17864
1151.8	0.18348
1152.0	0.18844
1152.2	0.19305
1152.4	0.19776
1152.6	0.20259
1152.8	0.20754
1153.0	0.21263
1153.2	0.21851
1153.4	0.22454
1153.6	0.23075
1153.8	0.23712
1154.0	0.24365
1154.2	0.24986
1154.4	0.25624
1154.6	0.26277
1154.8	0.26948
1155.0	0.27636
1155.2	0.28362
1155.4	0.29108
1155.6	0.29874
1155.8	0.30659
1156.0	0.31465
1156.2	0.32254
1156.4	0.33062
1156.6	0.33892
1156.8	0.34741
1157.0	0.3561
1157.2	0.3645
1157.4	0.3731
1157.6	0.3819
1157.8	0.39091
1158.0	0.40013
1158.2	0.40943
1158.4	0.41895
1158.6	0.42869
1158.8	0.43866
1159.0	0.44881
1159.2	0.45748
1159.4	0.46632
1159.6	0.47533
1159.8	0.48451
1160.0	0.49383
1160.2	0.50253
1160.4	0.51138
1160.6	0.52038
1160.8	0.52955
1161.0	0.53884
1161.2	0.54693
1161.4	0.55514
1161.6	0.56348
1161.8	0.57194
1162.0	0.58044
1162.2	0.58704
1162.4	0.59371
1162.6	0.60046
1162.8	0.60728
1163.0	0.61418
1163.2	0.62111
1163.4	0.62812
1163.6	0.63521
1163.8	0.64238
1164.0	0.64951
1164.2	0.65348
1164.4	0.65746
1164.6	0.66148
1164.8	0.66551
1165.0	0.66958
1165.2	0.67467
1165.4	0.6798
1165.6	0.68497
1165.8	0.69018
1166.0	0.69537
1166.2	0.6982
1166.4	0.70105
1166.6	0.7039
1166.8	0.70677
1167.0	0.70966
1167.2	0.71285
1167.4	0.71606
1167.6	0.71929
1167.8	0.72252
1168.0	0.72576
1168.2	0.72831
1168.4	0.73086
1168.6	0.73343
1168.8	0.736
1169.0	0.73854
1169.2	0.73998
1169.4	0.74143
1169.6	0.74287
1169.8	0.74432
1170.0	0.74579
1170.2	0.748
1170.4	0.75023
1170.6	0.75245
1170.8	0.75469
1171.0	0.75689
1171.2	0.75815
1171.4	0.75942
1171.6	0.76068
1171.8	0.76195
1172.0	0.76321
1172.2	0.76368
1172.4	0.76416
1172.6	0.76463
1172.8	0.76511
1173.0	0.76559
1173.2	0.76611
1173.4	0.76663
1173.6	0.76716
1173.8	0.76768
1174.0	0.76819
1174.2	0.76655
1174.4	0.76491
1174.6	0.76327
1174.8	0.76164
1175.0	0.75999
1175.2	0.7576
1175.4	0.7552
1175.6	0.75282
1175.8	0.75044
1176.0	0.74807
1176.2	0.74506
1176.4	0.74206
1176.6	0.73907
1176.8	0.7361
1177.0	0.73307
1177.2	0.72783
1177.4	0.72263
1177.6	0.71747
1177.8	0.71234
1178.0	0.70725
1178.2	0.70181
1178.4	0.69642
1178.6	0.69106
1178.8	0.68575
1179.0	0.68045
1179.2	0.67427
1179.4	0.66814
1179.6	0.66206
1179.8	0.65605
1180.0	0.65007
1180.2	0.64246
1180.4	0.63494
1180.6	0.6275
1180.8	0.62015
1181.0	0.61293
1181.2	0.607
1181.4	0.60114
1181.6	0.59533
1181.8	0.58958
1182.0	0.58387
1182.2	0.57781
1182.4	0.57182
1182.6	0.56588
1182.8	0.56001
1183.0	0.55416
1183.2	0.54708
1183.4	0.5401
1183.6	0.5332
1183.8	0.5264
1184.0	0.5197
1184.2	0.51462
1184.4	0.5096
1184.6	0.50462
1184.8	0.49969
1185.0	0.49485
1185.2	0.49114
1185.4	0.48746
1185.6	0.48381
1185.8	0.48019
1186.0	0.47659
1186.2	0.47266
1186.4	0.46877
1186.6	0.46491
1186.8	0.46108
1187.0	0.45726
1187.2	0.45295
1187.4	0.44867
1187.6	0.44443
1187.8	0.44024
1188.0	0.43614
1188.2	0.43449
1188.4	0.43284
1188.6	0.4312
1188.8	0.42956
1189.0	0.42797
1189.2	0.42711
1189.4	0.42624
1189.6	0.42538
1189.8	0.42453
1190.0	0.42364
1190.2	0.42162
1190.4	0.4196
1190.6	0.4176
1190.8	0.41561
1191.0	0.41363
1191.2	0.41301
1191.4	0.41239
1191.6	0.41178
1191.8	0.41116
1192.0	0.4106
1192.2	0.41156
1192.4	0.41253
1192.6	0.4135
1192.8	0.41447
1193.0	0.41545
1193.2	0.41698
1193.4	0.41851
1193.6	0.42005
1193.8	0.4216
1194.0	0.42312
1194.2	0.42387
1194.4	0.42463
1194.6	0.42539
1194.8	0.42615
1195.0	0.42692
1195.2	0.42813
1195.4	0.42935
1195.6	0.43057
1195.8	0.43179
1196.0	0.43305
1196.2	0.435
1196.4	0.43696
1196.6	0.43893
1196.8	0.44091
1197.0	0.44293
1197.2	0.44598
1197.4	0.44905
1197.6	0.45214
1197.8	0.45526
1198.0	0.45838
1198.2	0.46128
1198.4	0.4642
1198.6	0.46714
1198.8	0.4701
1199.0	0.47305
1199.2	0.47502
1199.4	0.47701
1199.6	0.479
1199.8	0.481
1200.0	0.483
