Typical Measured Spectrum of Semrock FF01-562/40 Optical Filter	
For wavelengths between 320 and 1120 nm, values near or below 3e-7 (Optical Density 6.5) are measurement noise limited.
For wavelengths < 320 nm and > 1120 nm, values near or below 3e-6 (Optical Density 5.5) are measurement noise limited. 
Data format:  Wavelength (nm) <tab> Transmission (0 to 1)
270.0	1.717e-06
270.2	1.6266e-06
270.4	1.5409e-06
270.6	1.4597e-06
270.8	1.3828e-06
271.0	1.3099e-06
271.2	1.2409e-06
271.4	1.1755e-06
271.6	1.1136e-06
271.8	1.0549e-06
272.0	9.9933e-07
272.2	9.4667e-07
272.4	8.968e-07
272.6	8.4954e-07
272.8	9.0548e-07
273.0	1.0406e-06
273.2	1.196e-06
273.4	1.3745e-06
273.6	1.5797e-06
273.8	1.8155e-06
274.0	2.0865e-06
274.2	2.398e-06
274.4	2.7559e-06
274.6	3.1673e-06
274.8	3.6402e-06
275.0	4.1835e-06
275.2	4.0111e-06
275.4	3.8457e-06
275.6	3.6872e-06
275.8	3.5352e-06
276.0	3.3894e-06
276.2	3.2497e-06
276.4	3.1158e-06
276.6	2.9873e-06
276.8	2.8642e-06
277.0	2.7461e-06
277.2	2.6329e-06
277.4	2.5243e-06
277.6	2.4203e-06
277.8	2.4918e-06
278.0	2.6468e-06
278.2	2.8115e-06
278.4	2.9865e-06
278.6	3.1723e-06
278.8	3.3697e-06
279.0	3.5794e-06
279.2	3.8021e-06
279.4	4.0387e-06
279.6	4.29e-06
279.8	4.557e-06
280.0	4.8405e-06
280.2	5.1417e-06
280.4	5.4617e-06
280.6	5.8015e-06
280.8	6.1625e-06
281.0	6.546e-06
281.2	6.9533e-06
281.4	7.386e-06
281.6	7.8456e-06
281.8	8.085e-06
282.0	8.2728e-06
282.2	8.465e-06
282.4	8.6616e-06
282.6	8.8628e-06
282.8	9.0686e-06
283.0	9.2793e-06
283.2	9.4948e-06
283.4	9.7153e-06
283.6	9.941e-06
283.8	1.0172e-05
284.0	1.0408e-05
284.2	1.065e-05
284.4	1.0897e-05
284.6	1.115e-05
284.8	1.1409e-05
285.0	1.1674e-05
285.2	1.1945e-05
285.4	1.2223e-05
285.6	1.2507e-05
285.8	1.1428e-05
286.0	1.036e-05
286.2	9.3921e-06
286.4	8.5145e-06
286.6	7.7189e-06
286.8	6.9977e-06
287.0	6.3439e-06
287.2	5.7511e-06
287.4	5.2138e-06
287.6	4.7266e-06
287.8	4.285e-06
288.0	3.8846e-06
288.2	3.5217e-06
288.4	3.1926e-06
288.6	2.8943e-06
288.8	2.6239e-06
289.0	2.3787e-06
289.2	2.1565e-06
289.4	1.955e-06
289.6	1.7732e-06
289.8	1.6202e-06
290.0	1.4804e-06
290.2	1.3527e-06
290.4	1.236e-06
290.6	1.1293e-06
290.8	1.0319e-06
291.0	9.4285e-07
291.2	8.615e-07
291.4	7.8717e-07
291.6	7.1925e-07
291.8	6.5719e-07
292.0	6.0048e-07
292.2	5.4867e-07
292.4	5.0133e-07
292.6	4.5807e-07
292.8	4.1855e-07
293.0	3.8244e-07
293.2	3.4944e-07
293.4	3.1929e-07
293.6	2.8991e-07
293.8	2.5691e-07
294.0	2.2767e-07
294.2	2.0175e-07
294.4	1.7878e-07
294.6	1.5843e-07
294.8	1.404e-07
295.0	1.2441e-07
295.2	1.2234e-07
295.4	1.2031e-07
295.6	1.1858e-07
295.8	1.1732e-07
296.0	1.1607e-07
296.2	1.1484e-07
296.4	1.1362e-07
296.6	1.1242e-07
296.8	1.1123e-07
297.0	1.1005e-07
297.2	1.0888e-07
297.4	1.0772e-07
297.6	1.0658e-07
297.8	1.0545e-07
298.0	1.0433e-07
298.2	1.0322e-07
298.4	1.0213e-07
298.6	1.0105e-07
298.8	9.9973e-08
299.0	9.8913e-08
299.2	9.7863e-08
299.4	9.6825e-08
299.6	9.691e-08
299.8	1.09e-07
300.0	1.226e-07
300.2	1.379e-07
300.4	1.5511e-07
300.6	1.7446e-07
300.8	1.9623e-07
301.0	2.2071e-07
301.2	2.4826e-07
301.4	2.7923e-07
301.6	3.1407e-07
301.8	3.5326e-07
302.0	3.9734e-07
302.2	4.4692e-07
302.4	5.0268e-07
302.6	5.6541e-07
302.8	6.3596e-07
303.0	7.1531e-07
303.2	8.0456e-07
303.4	9.0496e-07
303.6	1.0179e-06
303.8	9.6317e-07
304.0	8.7519e-07
304.2	7.9525e-07
304.4	7.2262e-07
304.6	6.5661e-07
304.8	5.9664e-07
305.0	5.4214e-07
305.2	4.5955e-07
305.4	3.8954e-07
305.6	3.3019e-07
305.8	2.7989e-07
306.0	2.3725e-07
306.2	2.011e-07
306.4	1.7046e-07
306.6	1.4449e-07
306.8	1.271e-07
307.0	1.2269e-07
307.2	1.1843e-07
307.4	1.1431e-07
307.6	1.1035e-07
307.8	1.0651e-07
308.0	1.0282e-07
308.2	9.9245e-08
308.4	9.5799e-08
308.6	9.2472e-08
308.8	8.9261e-08
309.0	8.6162e-08
309.2	8.317e-08
309.4	8.0282e-08
309.6	7.7494e-08
309.8	7.4803e-08
310.0	7.2206e-08
310.2	6.9698e-08
310.4	6.7278e-08
310.6	6.4942e-08
310.8	6.2687e-08
311.0	6.2228e-08
311.2	6.1883e-08
311.4	6.154e-08
311.6	6.1199e-08
311.8	6.086e-08
312.0	6.0523e-08
312.2	6.0187e-08
312.4	5.9853e-08
312.6	5.9522e-08
312.8	5.9192e-08
313.0	5.8864e-08
313.2	5.8537e-08
313.4	5.8213e-08
313.6	5.789e-08
313.8	5.7569e-08
314.0	5.725e-08
314.2	5.6933e-08
314.4	5.6617e-08
314.6	5.6304e-08
314.8	5.5992e-08
315.0	5.5706e-08
315.2	5.5439e-08
315.4	5.5173e-08
315.6	5.4908e-08
315.8	5.4644e-08
316.0	5.4382e-08
316.2	5.4121e-08
316.4	5.3861e-08
316.6	5.3603e-08
316.8	5.3345e-08
317.0	5.3089e-08
317.2	5.2835e-08
317.4	5.2581e-08
317.6	5.2329e-08
317.8	5.2077e-08
318.0	5.1827e-08
318.2	5.1579e-08
318.4	5.1331e-08
318.6	5.1085e-08
318.8	5.084e-08
319.0	5.0636e-08
319.2	5.0538e-08
319.4	5.044e-08
319.6	5.0343e-08
319.8	5.0245e-08
320.0	5.0148e-08
320.2	5.0052e-08
320.4	4.9955e-08
320.6	4.9858e-08
320.8	4.9762e-08
321.0	4.9666e-08
321.2	4.957e-08
321.4	4.9474e-08
321.6	4.9379e-08
321.8	4.9283e-08
322.0	4.9188e-08
322.2	4.9093e-08
322.4	4.8998e-08
322.6	4.8904e-08
322.8	4.8809e-08
323.0	4.8715e-08
323.2	4.8167e-08
323.4	4.7605e-08
323.6	4.705e-08
323.8	4.65e-08
324.0	4.5958e-08
324.2	4.5421e-08
324.4	4.4891e-08
324.6	4.4367e-08
324.8	4.3849e-08
325.0	4.3337e-08
325.2	4.2832e-08
325.4	4.2332e-08
325.6	4.1837e-08
325.8	4.1349e-08
326.0	4.0866e-08
326.2	4.0389e-08
326.4	3.9918e-08
326.6	3.9452e-08
326.8	3.8992e-08
327.0	3.8536e-08
327.2	3.8058e-08
327.4	3.757e-08
327.6	3.7087e-08
327.8	3.6612e-08
328.0	3.6142e-08
328.2	3.5678e-08
328.4	3.522e-08
328.6	3.4768e-08
328.8	3.4322e-08
329.0	3.3882e-08
329.2	3.3447e-08
329.4	3.3018e-08
329.6	3.2594e-08
329.8	3.2176e-08
330.0	3.1763e-08
330.2	3.1355e-08
330.4	3.0953e-08
330.6	3.0556e-08
330.8	3.0164e-08
331.0	2.9777e-08
331.2	2.9431e-08
331.4	2.9157e-08
331.6	2.8886e-08
331.8	2.8618e-08
332.0	2.8351e-08
332.2	2.8088e-08
332.4	2.7827e-08
332.6	2.7568e-08
332.8	2.7312e-08
333.0	2.7058e-08
333.2	2.6806e-08
333.4	2.6557e-08
333.6	2.631e-08
333.8	2.6065e-08
334.0	2.5823e-08
334.2	2.5583e-08
334.4	2.5345e-08
334.6	2.5109e-08
334.8	2.4876e-08
335.0	2.4644e-08
335.2	2.4414e-08
335.4	2.4168e-08
335.6	2.3925e-08
335.8	2.3685e-08
336.0	2.3446e-08
336.2	2.321e-08
336.4	2.2977e-08
336.6	2.2746e-08
336.8	2.2517e-08
337.0	2.229e-08
337.2	2.2066e-08
337.4	2.1844e-08
337.6	2.1624e-08
337.8	2.1407e-08
338.0	2.1191e-08
338.2	2.0978e-08
338.4	2.0767e-08
338.6	2.0558e-08
338.8	2.0351e-08
339.0	2.0146e-08
339.2	1.9944e-08
339.4	1.9765e-08
339.6	1.9595e-08
339.8	1.9426e-08
340.0	1.9259e-08
340.2	1.9093e-08
340.4	1.8928e-08
340.6	1.8765e-08
340.8	1.8604e-08
341.0	1.8443e-08
341.2	1.8285e-08
341.4	1.8127e-08
341.6	1.7971e-08
341.8	1.7816e-08
342.0	1.7663e-08
342.2	1.751e-08
342.4	1.7359e-08
342.6	1.721e-08
342.8	1.7062e-08
343.0	1.6915e-08
343.2	1.6769e-08
343.4	1.6664e-08
343.6	1.66e-08
343.8	1.6536e-08
344.0	1.6472e-08
344.2	1.6408e-08
344.4	1.6344e-08
344.6	1.6281e-08
344.8	1.6218e-08
345.0	1.6156e-08
345.2	1.6093e-08
345.4	1.6031e-08
345.6	1.5969e-08
345.8	1.5907e-08
346.0	1.5846e-08
346.2	1.5784e-08
346.4	1.5723e-08
346.6	1.5662e-08
346.8	1.5602e-08
347.0	1.5541e-08
347.2	1.5481e-08
347.4	1.5438e-08
347.6	1.5445e-08
347.8	1.5452e-08
348.0	1.546e-08
348.2	1.5467e-08
348.4	1.5474e-08
348.6	1.5482e-08
348.8	1.5489e-08
349.0	1.5496e-08
349.2	1.5504e-08
349.4	1.5511e-08
349.6	1.5518e-08
349.8	1.5526e-08
350.0	1.5533e-08
350.2	1.5541e-08
350.4	1.5548e-08
350.6	1.5555e-08
350.8	1.5563e-08
351.0	1.557e-08
351.2	1.5578e-08
351.4	1.5585e-08
351.6	1.554e-08
351.8	1.5494e-08
352.0	1.5448e-08
352.2	1.5402e-08
352.4	1.5357e-08
352.6	1.5311e-08
352.8	1.5266e-08
353.0	1.5221e-08
353.2	1.5176e-08
353.4	1.5131e-08
353.6	1.5086e-08
353.8	1.5042e-08
354.0	1.4997e-08
354.2	1.4953e-08
354.4	1.4909e-08
354.6	1.4865e-08
354.8	1.4821e-08
355.0	1.4777e-08
355.2	1.4733e-08
355.4	1.469e-08
355.6	1.4701e-08
355.8	1.4732e-08
356.0	1.4763e-08
356.2	1.4794e-08
356.4	1.4825e-08
356.6	1.4856e-08
356.8	1.4887e-08
357.0	1.4918e-08
357.2	1.4949e-08
357.4	1.4981e-08
357.6	1.5012e-08
357.8	1.5044e-08
358.0	1.5075e-08
358.2	1.5107e-08
358.4	1.5138e-08
358.6	1.517e-08
358.8	1.5202e-08
359.0	1.5234e-08
359.2	1.5266e-08
359.4	1.5298e-08
359.6	1.9833e-08
359.8	3.3098e-08
360.0	5.5233e-08
360.2	5.8966e-08
360.4	6.2952e-08
360.6	6.7206e-08
360.8	7.1749e-08
361.0	7.6598e-08
361.2	8.1775e-08
361.4	8.7302e-08
361.6	9.3202e-08
361.8	9.9501e-08
362.0	1.0623e-07
362.2	1.1341e-07
362.4	1.2107e-07
362.6	1.2925e-07
362.8	1.3799e-07
363.0	1.4526e-07
363.2	1.5236e-07
363.4	1.5981e-07
363.6	1.6763e-07
363.8	1.7582e-07
364.0	1.8442e-07
364.2	1.9344e-07
364.4	2.029e-07
364.6	2.1282e-07
364.8	2.2322e-07
365.0	2.3414e-07
365.2	2.4559e-07
365.4	2.576e-07
365.6	2.7019e-07
365.8	2.834e-07
366.0	2.9726e-07
366.2	3.1179e-07
366.4	3.2704e-07
366.6	3.4303e-07
366.8	3.598e-07
367.0	3.7004e-07
367.2	3.7397e-07
367.4	3.7795e-07
367.6	3.8197e-07
367.8	3.8603e-07
368.0	3.9014e-07
368.2	3.9429e-07
368.4	3.9848e-07
368.6	4.0272e-07
368.8	4.07e-07
369.0	4.1133e-07
369.2	4.157e-07
369.4	4.2013e-07
369.6	4.2459e-07
369.8	4.2911e-07
370.0	4.3367e-07
370.2	3.4244e-07
370.4	2.704e-07
370.6	2.1352e-07
370.8	1.686e-07
371.0	1.3313e-07
371.2	1.0512e-07
371.4	8.3008e-08
371.6	6.5546e-08
371.8	5.1757e-08
372.0	4.0869e-08
372.2	3.2271e-08
372.4	2.5482e-08
372.6	2.0121e-08
372.8	1.5888e-08
373.0	1.684e-08
373.2	1.9167e-08
373.4	2.1815e-08
373.6	2.483e-08
373.8	2.8261e-08
374.0	3.2167e-08
374.2	3.6612e-08
374.4	4.1671e-08
374.6	4.7429e-08
374.8	5.3984e-08
375.0	6.1444e-08
375.2	6.9935e-08
375.4	7.9599e-08
375.6	9.0599e-08
375.8	1.0312e-07
376.0	1.1737e-07
376.2	1.3359e-07
376.4	1.5205e-07
376.6	1.7306e-07
376.8	1.9697e-07
377.0	2.0248e-07
377.2	1.9149e-07
377.4	1.8109e-07
377.6	1.7127e-07
377.8	1.6197e-07
378.0	1.5318e-07
378.2	1.4486e-07
378.4	1.37e-07
378.6	1.2957e-07
378.8	1.2253e-07
379.0	1.1588e-07
379.2	1.0959e-07
379.4	1.0365e-07
379.6	9.802e-08
379.8	9.27e-08
380.0	8.7668e-08
380.2	9.6518e-08
380.4	1.0626e-07
380.6	1.1699e-07
380.8	1.2879e-07
381.0	1.4179e-07
381.2	1.5611e-07
381.4	1.7187e-07
381.6	1.8921e-07
381.8	2.0831e-07
382.0	2.2934e-07
382.2	2.5249e-07
382.4	2.7797e-07
382.6	3.0603e-07
382.8	3.3692e-07
383.0	3.4377e-07
383.2	3.4395e-07
383.4	3.4413e-07
383.6	3.4431e-07
383.8	3.4449e-07
384.0	3.4467e-07
384.2	3.4485e-07
384.4	3.4503e-07
384.6	3.4521e-07
384.8	3.4539e-07
385.0	3.4557e-07
385.2	3.4574e-07
385.4	3.4592e-07
385.6	3.461e-07
385.8	3.4628e-07
386.0	3.4646e-07
386.2	3.4664e-07
386.4	3.4682e-07
386.6	3.47e-07
386.8	3.4719e-07
387.0	3.2341e-07
387.2	2.8382e-07
387.4	2.4908e-07
387.6	2.1859e-07
387.8	1.9183e-07
388.0	1.6835e-07
388.2	1.4774e-07
388.4	1.2965e-07
388.6	1.1378e-07
388.8	9.9852e-08
389.0	8.7628e-08
389.2	7.6901e-08
389.4	6.7487e-08
389.6	5.9226e-08
389.8	5.1976e-08
390.0	4.5613e-08
390.2	4.0741e-08
390.4	3.639e-08
390.6	3.2503e-08
390.8	2.9032e-08
391.0	2.5931e-08
391.2	2.3161e-08
391.4	2.0687e-08
391.6	1.8478e-08
391.8	1.6504e-08
392.0	1.4742e-08
392.2	1.3167e-08
392.4	1.1761e-08
392.6	1.0505e-08
392.8	9.3826e-09
393.0	1.0561e-08
393.2	1.2666e-08
393.4	1.519e-08
393.6	1.8216e-08
393.8	2.1846e-08
394.0	2.6199e-08
394.2	3.142e-08
394.4	3.7681e-08
394.6	4.5189e-08
394.8	5.4193e-08
395.0	6.4992e-08
395.2	7.7942e-08
395.4	9.3473e-08
395.6	1.121e-07
395.8	1.3444e-07
396.0	1.6122e-07
396.2	1.9335e-07
396.4	2.3187e-07
396.6	2.7808e-07
396.8	3.3349e-07
397.0	3.4448e-07
397.2	3.1414e-07
397.4	2.8647e-07
397.6	2.6124e-07
397.8	2.3823e-07
398.0	2.1724e-07
398.2	1.9811e-07
398.4	1.8066e-07
398.6	1.6475e-07
398.8	1.5024e-07
399.0	1.37e-07
399.2	1.2494e-07
399.4	1.1393e-07
399.6	1.039e-07
399.8	9.4746e-08
400.0	8.6401e-08
400.2	7.6047e-08
400.4	6.6934e-08
400.6	5.8914e-08
400.8	5.1854e-08
401.0	4.564e-08
401.2	4.0171e-08
401.4	3.5357e-08
401.6	3.1121e-08
401.8	2.7391e-08
402.0	2.4109e-08
402.2	2.122e-08
402.4	1.8677e-08
402.6	1.6439e-08
402.8	1.4469e-08
403.0	1.5737e-08
403.2	1.8332e-08
403.4	2.1354e-08
403.6	2.4876e-08
403.8	2.8978e-08
404.0	3.3756e-08
404.2	3.9323e-08
404.4	4.5807e-08
404.6	5.336e-08
404.8	6.216e-08
405.0	7.241e-08
405.2	8.435e-08
405.4	9.8259e-08
405.6	1.1446e-07
405.8	1.3334e-07
406.0	1.5532e-07
406.2	1.8094e-07
406.4	2.1077e-07
406.6	2.4553e-07
406.8	2.8602e-07
407.0	3.0109e-07
407.2	2.892e-07
407.4	2.7779e-07
407.6	2.6682e-07
407.8	2.5628e-07
408.0	2.4617e-07
408.2	2.3645e-07
408.4	2.2711e-07
408.6	2.1815e-07
408.8	2.0953e-07
409.0	2.0126e-07
409.2	1.9331e-07
409.4	1.8568e-07
409.6	1.7835e-07
409.8	1.7131e-07
410.0	1.6455e-07
410.2	1.6117e-07
410.4	1.5786e-07
410.6	1.5462e-07
410.8	1.5144e-07
411.0	1.4833e-07
411.2	1.4529e-07
411.4	1.423e-07
411.6	1.3938e-07
411.8	1.3652e-07
412.0	1.3372e-07
412.2	1.3097e-07
412.4	1.2828e-07
412.6	1.2565e-07
412.8	1.2307e-07
413.0	1.1884e-07
413.2	1.1435e-07
413.4	1.1002e-07
413.6	1.0586e-07
413.8	1.0185e-07
414.0	9.7999e-08
414.2	9.4291e-08
414.4	9.0724e-08
414.6	8.7291e-08
414.8	8.3988e-08
415.0	8.081e-08
415.2	7.7753e-08
415.4	7.4811e-08
415.6	7.198e-08
415.8	6.9257e-08
416.0	6.6636e-08
416.2	6.4115e-08
416.4	6.1689e-08
416.6	5.9355e-08
416.8	5.7109e-08
417.0	5.5638e-08
417.2	5.4706e-08
417.4	5.379e-08
417.6	5.2889e-08
417.8	5.2004e-08
418.0	5.1133e-08
418.2	5.0277e-08
418.4	4.9435e-08
418.6	4.8607e-08
418.8	4.7793e-08
419.0	4.6993e-08
419.2	4.6206e-08
419.4	4.5432e-08
419.6	4.4672e-08
419.8	4.3924e-08
420.0	4.3188e-08
420.2	4.5253e-08
420.4	4.7416e-08
420.6	4.9683e-08
420.8	5.2058e-08
421.0	5.4547e-08
421.2	5.7155e-08
421.4	5.9887e-08
421.6	6.2751e-08
421.8	6.575e-08
422.0	6.8894e-08
422.2	7.2187e-08
422.4	7.5638e-08
422.6	7.9255e-08
422.8	8.3044e-08
423.0	8.7014e-08
423.2	9.1173e-08
423.4	9.5532e-08
423.6	1.001e-07
423.8	1.0488e-07
424.0	1.0805e-07
424.2	1.082e-07
424.4	1.0836e-07
424.6	1.0852e-07
424.8	1.0867e-07
425.0	1.0883e-07
425.2	1.0898e-07
425.4	1.0914e-07
425.6	1.093e-07
425.8	1.0946e-07
426.0	1.0961e-07
426.2	1.0977e-07
426.4	1.0993e-07
426.6	1.1009e-07
426.8	1.1025e-07
427.0	1.104e-07
427.2	1.1056e-07
427.4	1.1044e-07
427.6	1.0877e-07
427.8	1.0713e-07
428.0	1.0551e-07
428.2	1.0391e-07
428.4	1.0234e-07
428.6	1.0079e-07
428.8	9.9268e-08
429.0	9.7767e-08
429.2	9.6288e-08
429.4	9.4832e-08
429.6	9.3397e-08
429.8	9.1985e-08
430.0	9.0593e-08
430.2	8.9223e-08
430.4	8.7873e-08
430.6	8.6544e-08
430.8	8.5235e-08
431.0	8.4104e-08
431.2	8.3398e-08
431.4	8.2699e-08
431.6	8.2005e-08
431.8	8.1317e-08
432.0	8.0635e-08
432.2	7.9959e-08
432.4	7.9288e-08
432.6	7.8623e-08
432.8	7.7963e-08
433.0	7.7309e-08
433.2	7.6661e-08
433.4	7.6018e-08
433.6	7.538e-08
433.8	7.4748e-08
434.0	7.4121e-08
434.2	7.3499e-08
434.4	7.2883e-08
434.6	7.2272e-08
434.8	7.1665e-08
435.0	7.1064e-08
435.2	7.1008e-08
435.4	7.0951e-08
435.6	7.0895e-08
435.8	7.0838e-08
436.0	7.0782e-08
436.2	7.0725e-08
436.4	7.0669e-08
436.6	7.0613e-08
436.8	7.0556e-08
437.0	7.05e-08
437.2	7.0444e-08
437.4	7.0388e-08
437.6	7.0332e-08
437.8	7.0276e-08
438.0	7.022e-08
438.2	7.0164e-08
438.4	7.0108e-08
438.6	7.0052e-08
438.8	6.9997e-08
439.0	6.9941e-08
439.2	7.1539e-08
439.4	7.3226e-08
439.6	7.4953e-08
439.8	7.6721e-08
440.0	7.853e-08
440.2	8.0382e-08
440.4	8.2278e-08
440.6	8.4219e-08
440.8	8.6205e-08
441.0	8.8238e-08
441.2	9.0319e-08
441.4	9.2449e-08
441.6	9.463e-08
441.8	9.6862e-08
442.0	9.9146e-08
442.2	1.0148e-07
442.4	1.0388e-07
442.6	1.0521e-07
442.8	1.0424e-07
443.0	1.0328e-07
443.2	1.0233e-07
443.4	1.0139e-07
443.6	1.0045e-07
443.8	9.9527e-08
444.0	9.8611e-08
444.2	9.7703e-08
444.4	9.6803e-08
444.6	9.5911e-08
444.8	9.5028e-08
445.0	9.4153e-08
445.2	9.3286e-08
445.4	9.2427e-08
445.6	9.1575e-08
445.8	9.0732e-08
446.0	8.9896e-08
446.2	8.7153e-08
446.4	8.4182e-08
446.6	8.1313e-08
446.8	7.8542e-08
447.0	7.5865e-08
447.2	7.3279e-08
447.4	7.0781e-08
447.6	6.8369e-08
447.8	6.6038e-08
448.0	6.3788e-08
448.2	6.1613e-08
448.4	5.9513e-08
448.6	5.7485e-08
448.8	5.5526e-08
449.0	5.3633e-08
449.2	5.1805e-08
449.4	5.0039e-08
449.6	4.8334e-08
449.8	4.6686e-08
450.0	4.5095e-08
450.2	4.4893e-08
450.4	4.4722e-08
450.6	4.4537e-08
450.8	4.4359e-08
451.0	5.5276e-08
451.2	1.9771e-07
451.4	1.4734e-07
451.6	6.282e-07
451.8	1.1694e-07
452.0	4.3683e-08
452.2	4.3577e-08
452.4	4.4797e-08
452.6	7.7289e-08
452.8	2.1465e-07
453.0	2.7218e-07
453.2	9.9309e-08
453.4	4.29e-08
453.6	5.4692e-08
453.8	2.819e-07
454.0	7.8858e-08
454.2	5.4009e-08
454.4	7.4359e-08
454.6	6.3883e-08
454.8	4.2163e-08
455.0	4.2025e-08
455.2	4.1871e-08
455.4	9.2356e-08
455.6	1.1373e-07
455.8	5.6453e-08
456.0	6.8608e-08
456.2	1.7516e-07
456.4	4.8665e-08
456.6	4.1084e-08
456.8	9.6854e-08
457.0	1.5276e-07
457.2	5.077e-08
457.4	4.0762e-08
457.6	4.0615e-08
457.8	1.3816e-07
458.0	8.2495e-08
458.2	8.2904e-08
458.4	2.4476e-07
458.6	5.8318e-08
458.8	4.0018e-08
459.0	3.9861e-08
459.2	7.9435e-08
459.4	7.4621e-08
459.6	4.9941e-08
459.8	1.1702e-07
460.0	4.7785e-08
460.2	3.9685e-08
460.4	3.9184e-08
460.6	1.0195e-07
460.8	1.2938e-07
461.0	4.9211e-08
461.2	2.286e-07
461.4	2.5625e-07
461.6	5.8788e-08
461.8	3.8541e-08
462.0	3.8406e-08
462.2	3.8266e-08
462.4	3.814e-08
462.6	3.8014e-08
462.8	5.7536e-08
463.0	4.7161e-08
463.2	3.7812e-08
463.4	6.4666e-08
463.6	1.9002e-07
463.8	4.5699e-08
464.0	3.7321e-08
464.2	5.1491e-08
464.4	5.05e-08
464.6	3.712e-08
464.8	3.696e-08
465.0	3.6832e-08
465.2	8.4081e-08
465.4	6.0218e-08
465.6	6.0478e-08
465.8	8.4455e-08
466.0	3.6433e-08
466.2	3.6288e-08
466.4	3.6142e-08
466.6	3.5998e-08
466.8	3.5872e-08
467.0	3.6597e-08
467.2	4.4078e-08
467.4	7.5561e-08
467.6	1.0381e-07
467.8	4.7559e-08
468.0	3.5215e-08
468.2	6.1521e-08
468.4	1.7429e-07
468.6	4.6505e-08
468.8	3.5444e-08
469.0	1.056e-07
469.2	6.0601e-08
469.4	3.4445e-08
469.6	5.2254e-08
469.8	3.2377e-07
470.0	6.8442e-08
470.2	3.639e-08
470.4	3.4157e-08
470.6	3.4004e-08
470.8	6.7179e-08
471.0	3.0686e-07
471.2	4.5625e-08
471.4	8.2917e-08
471.6	4.1942e-08
471.8	1.4414e-07
472.0	1.6693e-07
472.2	8.7536e-08
472.4	2.2769e-07
472.6	1.1622e-07
472.8	4.9937e-08
473.0	3.4175e-08
473.2	3.2623e-08
473.4	3.2499e-08
473.6	4.1799e-08
473.8	1.4926e-07
474.0	4.8488e-08
474.2	7.1966e-08
474.4	1.5656e-07
474.6	2.0562e-07
474.8	1.3375e-07
475.0	3.3456e-08
475.2	7.9673e-08
475.4	1.6174e-07
475.6	1.1183e-07
475.8	4.3227e-08
476.0	6.4116e-08
476.2	1.3125e-07
476.4	3.1495e-08
476.6	9.0799e-08
476.8	5.5156e-08
477.0	5.533e-08
477.2	6.9722e-08
477.4	6.5853e-08
477.6	3.078e-07
477.8	3.9992e-08
478.0	2.9941e-08
478.2	2.9841e-08
478.4	2.977e-08
478.6	2.97e-08
478.8	3.4878e-08
479.0	6.0104e-08
479.2	1.0377e-07
479.4	1.5003e-07
479.6	1.6177e-07
479.8	1.0448e-07
480.0	3.6128e-08
480.2	3.463e-08
480.4	8.2343e-08
480.6	8.5591e-08
480.8	1.5556e-07
481.0	2.3368e-07
481.2	1.7386e-07
481.4	8.524e-08
481.6	5.3672e-08
481.8	3.0786e-08
482.0	5.6697e-08
482.2	5.0826e-08
482.4	4.3617e-08
482.6	1.8623e-07
482.8	8.0543e-08
483.0	1.8921e-07
483.2	2.1072e-07
483.4	1.8269e-07
483.6	8.2637e-08
483.8	3.2144e-08
484.0	7.6508e-08
484.2	3.3937e-08
484.4	2.6909e-08
484.6	1.1747e-07
484.8	1.4728e-07
485.0	6.8407e-08
485.2	3.105e-08
485.4	1.2827e-07
485.6	5.6229e-08
485.8	8.8291e-08
486.0	1.1851e-07
486.2	6.2769e-08
486.4	2.9868e-08
486.6	4.9617e-08
486.8	2.8504e-08
487.0	2.5129e-08
487.2	2.506e-08
487.4	5.9812e-08
487.6	7.206e-08
487.8	3.2922e-08
488.0	1.8746e-07
488.2	1.2298e-07
488.4	5.0097e-08
488.6	4.1662e-08
488.8	3.4805e-08
489.0	3.9071e-08
489.2	1.2842e-07
489.4	3.0858e-08
489.6	9.2096e-08
489.8	8.5645e-08
490.0	5.4655e-08
490.2	1.1897e-07
490.4	1.8502e-07
490.6	4.7559e-08
490.8	1.8828e-07
491.0	6.5969e-08
491.2	3.5012e-08
491.4	7.101e-08
491.6	5.8271e-08
491.8	2.2747e-08
492.0	2.2642e-08
492.2	5.9983e-08
492.4	6.3457e-08
492.6	3.7317e-08
492.8	3.0999e-08
493.0	5.8536e-08
493.2	1.2277e-07
493.4	2.9475e-08
493.6	3.3941e-08
493.8	3.251e-08
494.0	2.174e-08
494.2	2.17e-08
494.4	2.1615e-08
494.6	2.149e-08
494.8	7.2895e-08
495.0	1.0651e-07
495.2	6.0502e-08
495.4	2.2454e-08
495.6	2.9136e-08
495.8	2.1017e-08
496.0	2.0919e-08
496.2	2.0806e-08
496.4	4.5931e-08
496.6	1.1242e-07
496.8	8.1678e-08
497.0	6.9965e-08
497.2	4.1298e-08
497.4	2.3725e-08
497.6	2.0248e-08
497.8	2.0169e-08
498.0	2.2444e-08
498.2	3.885e-08
498.4	6.6369e-08
498.6	2.2956e-08
498.8	5.2474e-08
499.0	7.8932e-08
499.2	5.2607e-08
499.4	1.9562e-08
499.6	1.9482e-08
499.8	5.3806e-08
500.0	1.0203e-07
500.2	3.7046e-08
500.4	3.6669e-08
500.6	6.6502e-08
500.8	1.8579e-08
501.0	1.8484e-08
501.2	3.8069e-08
501.4	4.0697e-08
501.6	2.5174e-08
501.8	3.478e-08
502.0	9.8799e-08
502.2	2.0956e-08
502.4	1.788e-08
502.6	3.382e-08
502.8	5.1973e-08
503.0	3.2164e-08
503.2	1.7633e-08
503.4	1.9001e-08
503.6	7.8507e-08
503.8	1.9539e-07
504.0	1.5108e-07
504.2	6.6658e-08
504.4	6.4502e-08
504.6	6.2806e-08
504.8	1.7476e-08
505.0	1.734e-08
505.2	1.7319e-08
505.4	2.7278e-08
505.6	4.9611e-08
505.8	3.6e-08
506.0	1.8668e-08
506.2	3.2155e-08
506.4	2.065e-08
506.6	1.6818e-08
506.8	1.8952e-08
507.0	3.4751e-08
507.2	8.9993e-08
507.4	1.1358e-07
507.6	8.642e-08
507.8	2.9482e-08
508.0	4.293e-08
508.2	1.2444e-07
508.4	4.535e-08
508.6	2.0824e-08
508.8	7.4384e-08
509.0	7.9545e-08
509.2	7.0248e-08
509.4	6.3387e-08
509.6	6.0723e-08
509.8	4.8377e-08
510.0	5.026e-08
510.2	8.6915e-08
510.4	1.1497e-07
510.6	1.1056e-07
510.8	7.1383e-08
511.0	3.2664e-08
511.2	6.0208e-08
511.4	3.2557e-08
511.6	5.6281e-08
511.8	7.1521e-08
512.0	7.6929e-08
512.2	5.21e-08
512.4	1.6448e-08
512.6	8.978e-08
512.8	7.5609e-08
513.0	6.3111e-08
513.2	3.987e-08
513.4	4.6138e-08
513.6	6.4364e-08
513.8	1.5496e-08
514.0	3.6938e-08
514.2	1.1786e-07
514.4	6.9609e-08
514.6	4.001e-08
514.8	2.302e-08
515.0	1.6718e-08
515.2	2.8982e-08
515.4	4.8589e-08
515.6	1.6372e-08
515.8	1.4744e-08
516.0	2.6242e-08
516.2	4.3896e-08
516.4	4.51e-08
516.6	5.639e-08
516.8	5.4463e-08
517.0	3.1542e-08
517.2	4.5663e-08
517.4	4.9586e-08
517.6	4.5754e-08
517.8	5.144e-08
518.0	1.7036e-08
518.2	4.4615e-08
518.4	1.7932e-08
518.6	3.4583e-08
518.8	2.948e-08
519.0	2.0632e-08
519.2	6.6199e-08
519.4	3.1893e-08
519.6	4.4081e-08
519.8	4.3493e-08
520.0	5.6357e-08
520.2	7.3991e-08
520.4	7.9396e-08
520.6	6.859e-08
520.8	1.9182e-08
521.0	3.6958e-08
521.2	2.0013e-08
521.4	3.858e-08
521.6	7.5625e-08
521.8	5.0711e-08
522.0	1.4073e-08
522.2	6.5348e-08
522.4	7.1733e-08
522.6	2.2053e-08
522.8	1.8905e-08
523.0	3.5075e-08
523.2	6.5189e-08
523.4	6.4858e-08
523.6	6.4617e-08
523.8	5.917e-08
524.0	6.8335e-08
524.2	7.7116e-08
524.4	9.2115e-08
524.6	1.2036e-07
524.8	3.0905e-08
525.0	5.4166e-08
525.2	6.2857e-08
525.4	2.4353e-08
525.6	2.3472e-08
525.8	4.739e-08
526.0	3.8977e-08
526.2	7.6336e-08
526.4	2.6077e-08
526.6	2.4392e-08
526.8	4.1238e-08
527.0	5.6696e-08
527.2	9.3525e-08
527.4	7.2851e-08
527.6	1.7409e-08
527.8	5.5462e-08
528.0	8.6501e-08
528.2	5.3846e-08
528.4	6.9196e-08
528.6	9.0459e-08
528.8	1.1966e-07
529.0	1.3057e-07
529.2	1.1229e-07
529.4	1.0529e-07
529.6	1.1931e-07
529.8	1.4196e-07
530.0	2.0865e-07
530.2	3.2465e-07
530.4	3.1886e-07
530.6	2.9264e-07
530.8	3.0265e-07
531.0	3.956e-07
531.2	4.9615e-07
531.4	5.1732e-07
531.6	5.7258e-07
531.8	7.4465e-07
532.0	9.3136e-07
532.2	1.1077e-06
532.4	1.3165e-06
532.6	1.5898e-06
532.8	1.9415e-06
533.0	2.3812e-06
533.2	2.9687e-06
533.4	3.7103e-06
533.6	4.6621e-06
533.8	5.9536e-06
534.0	7.5776e-06
534.2	9.4499e-06
534.4	1.2038e-05
534.6	1.5287e-05
534.8	1.9475e-05
535.0	2.5144e-05
535.2	3.3245e-05
535.4	4.2915e-05
535.6	5.5844e-05
535.8	7.456e-05
536.0	9.8507e-05
536.2	1.3108e-04
536.4	1.7621e-04
536.6	2.2688e-04
536.8	3.0952e-04
537.0	4.2424e-04
537.2	5.8589e-04
537.4	8.2665e-04
537.6	0.00116
537.8	0.00168
538.0	0.00243
538.2	0.00356
538.4	0.00529
538.6	0.00797
538.8	0.01225
539.0	0.01921
539.2	0.03072
539.4	0.04955
539.6	0.08056
539.8	0.13405
540.0	0.22207
540.2	0.35691
540.4	0.53399
540.6	0.71826
540.8	0.86239
541.0	0.94002
541.2	0.96483
541.4	0.968
541.6	0.96581
541.8	0.96459
542.0	0.96687
542.2	0.97132
542.4	0.97604
542.6	0.98123
542.8	0.98431
543.0	0.98632
543.2	0.98693
543.4	0.98554
543.6	0.98342
543.8	0.98102
544.0	0.97878
544.2	0.97638
544.4	0.97422
544.6	0.97284
544.8	0.97164
545.0	0.97099
545.2	0.97063
545.4	0.97151
545.6	0.97206
545.8	0.97207
546.0	0.97289
546.2	0.97405
546.4	0.97515
546.6	0.97605
546.8	0.97692
547.0	0.97758
547.2	0.97888
547.4	0.97997
547.6	0.98133
547.8	0.98216
548.0	0.98299
548.2	0.98407
548.4	0.98526
548.6	0.98582
548.8	0.98648
549.0	0.98734
549.2	0.98797
549.4	0.98871
549.6	0.98888
549.8	0.98894
550.0	0.98893
550.2	0.98784
550.4	0.98715
550.6	0.98517
550.8	0.98306
551.0	0.98082
551.2	0.97794
551.4	0.97479
551.6	0.97132
551.8	0.96831
552.0	0.96593
552.2	0.96226
552.4	0.96069
552.6	0.95946
552.8	0.95903
553.0	0.95815
553.2	0.95797
553.4	0.959
553.6	0.95933
553.8	0.96037
554.0	0.96273
554.2	0.96453
554.4	0.96717
554.6	0.96924
554.8	0.97141
555.0	0.97408
555.2	0.97688
555.4	0.97899
555.6	0.98164
555.8	0.98372
556.0	0.98652
556.2	0.98934
556.4	0.99123
556.6	0.99299
556.8	0.99498
557.0	0.99635
557.2	0.99706
557.4	0.99727
557.6	0.996
557.8	0.99513
558.0	0.99311
558.2	0.99039
558.4	0.988
558.6	0.98527
558.8	0.98214
559.0	0.9797
559.2	0.9773
559.4	0.97574
559.6	0.97476
559.8	0.97481
560.0	0.97548
560.2	0.97623
560.4	0.97841
560.6	0.98004
560.8	0.98174
561.0	0.98363
561.2	0.98481
561.4	0.98599
561.6	0.98635
561.8	0.98592
562.0	0.98454
562.2	0.98274
562.4	0.98044
562.6	0.97735
562.8	0.97427
563.0	0.97127
563.2	0.96865
563.4	0.96611
563.6	0.96474
563.8	0.96387
564.0	0.96423
564.2	0.96462
564.4	0.96608
564.6	0.96799
564.8	0.97085
565.0	0.97253
565.2	0.97468
565.4	0.97534
565.6	0.97605
565.8	0.97645
566.0	0.97697
566.2	0.9782
566.4	0.97996
566.6	0.98176
566.8	0.98297
567.0	0.98445
567.2	0.98641
567.4	0.98801
567.6	0.98885
567.8	0.9895
568.0	0.99042
568.2	0.99063
568.4	0.98993
568.6	0.98908
568.8	0.98832
569.0	0.98754
569.2	0.9859
569.4	0.98413
569.6	0.98281
569.8	0.98115
570.0	0.97955
570.2	0.97799
570.4	0.97653
570.6	0.97483
570.8	0.97335
571.0	0.97214
571.2	0.97107
571.4	0.97027
571.6	0.97015
571.8	0.9709
572.0	0.97218
572.2	0.97344
572.4	0.97482
572.6	0.97716
572.8	0.97994
573.0	0.98191
573.2	0.98274
573.4	0.98302
573.6	0.98272
573.8	0.98147
574.0	0.97892
574.2	0.97576
574.4	0.97265
574.6	0.96941
574.8	0.96546
575.0	0.96235
575.2	0.96114
575.4	0.96146
575.6	0.96254
575.8	0.96453
576.0	0.96821
576.2	0.97241
576.4	0.97646
576.6	0.97969
576.8	0.98221
577.0	0.98382
577.2	0.98346
577.4	0.98126
577.6	0.97902
577.8	0.97642
578.0	0.97308
578.2	0.97015
578.4	0.96843
578.6	0.96832
578.8	0.96897
579.0	0.97016
579.2	0.9721
579.4	0.97499
579.6	0.97692
579.8	0.97707
580.0	0.97609
580.2	0.97453
580.4	0.97186
580.6	0.96797
580.8	0.96433
581.0	0.96168
581.2	0.95874
581.4	0.95485
581.6	0.95037
581.8	0.94499
582.0	0.93657
582.2	0.92329
582.4	0.9067
582.6	0.88779
582.8	0.86687
583.0	0.84564
583.2	0.8263
583.4	0.80481
583.6	0.76759
583.8	0.69241
584.0	0.56482
584.2	0.44501
584.4	0.34635
584.6	0.25614
584.8	0.19362
585.0	0.14659
585.2	0.11174
585.4	0.08668
585.6	0.06871
585.8	0.056
586.0	0.04598
586.2	0.04143
586.4	0.04038
586.6	0.04378
586.8	0.05686
587.0	0.10549
587.2	0.27198
587.4	0.23527
587.6	0.05281
587.8	0.01159
588.0	0.00428
588.2	0.00211
588.4	0.00124
588.6	8.1299e-04
588.8	3.0334e-04
589.0	1.0953e-04
589.2	6.3856e-05
589.4	3.9362e-05
589.6	2.5077e-05
589.8	1.6224e-05
590.0	1.0622e-05
590.2	6.9616e-06
590.4	4.5043e-06
590.6	3.1579e-06
590.8	2.307e-06
591.0	1.5274e-06
591.2	1.0773e-06
591.4	8.2983e-07
591.6	5.9776e-07
591.8	3.8918e-07
592.0	3.3463e-07
592.2	2.6244e-07
592.4	2.5975e-07
592.6	2.5496e-07
592.8	2.0594e-07
593.0	1.4528e-07
593.2	1.6956e-07
593.4	1.3081e-07
593.6	1.2032e-07
593.8	8.8948e-08
594.0	8.3762e-08
594.2	1.2599e-07
594.4	1.1505e-07
594.6	1.1985e-07
594.8	1.3554e-07
595.0	1.1713e-07
595.2	1.0365e-07
595.4	1.0138e-07
595.6	1.0129e-07
595.8	5.2394e-08
596.0	7.0916e-08
596.2	1.015e-07
596.4	1.1506e-07
596.6	7.2783e-08
596.8	4.8066e-08
597.0	8.4861e-08
597.2	3.4573e-08
597.4	1.0828e-07
597.6	1.08e-07
597.8	2.5229e-08
598.0	1.8743e-08
598.2	5.2321e-08
598.4	6.8075e-08
598.6	3.587e-08
598.8	6.8216e-08
599.0	6.8056e-08
599.2	1.9726e-08
599.4	1.7743e-08
599.6	2.8206e-08
599.8	1.0481e-08
600.0	6.6469e-08
600.2	3.1883e-08
600.4	1.5293e-08
600.6	7.3357e-09
600.8	3.8293e-09
601.0	3.8324e-09
601.2	3.8355e-09
601.4	3.8387e-09
601.6	3.8418e-09
601.8	3.8449e-09
602.0	3.8481e-09
602.2	3.8512e-09
602.4	3.8544e-09
602.6	3.8575e-09
602.8	3.8607e-09
603.0	3.8628e-09
603.2	3.8621e-09
603.4	3.8614e-09
603.6	3.8607e-09
603.8	3.86e-09
604.0	3.8593e-09
604.2	3.8586e-09
604.4	3.8579e-09
604.6	3.8572e-09
604.8	3.8565e-09
605.0	3.8558e-09
605.2	3.8547e-09
605.4	3.8529e-09
605.6	3.851e-09
605.8	3.8492e-09
606.0	3.8474e-09
606.2	3.8456e-09
606.4	3.8438e-09
606.6	3.842e-09
606.8	3.8402e-09
607.0	3.8384e-09
607.2	3.8366e-09
607.4	4.3169e-09
607.6	5.2923e-09
607.8	6.488e-09
608.0	7.9538e-09
608.2	9.7509e-09
608.4	1.1954e-08
608.6	1.4655e-08
608.8	1.7966e-08
609.0	2.2025e-08
609.2	2.7001e-08
609.4	3.3102e-08
609.6	4.0581e-08
609.8	4.0625e-08
610.0	2.8804e-08
610.2	2.0423e-08
610.4	1.448e-08
610.6	1.0267e-08
610.8	7.2794e-09
611.0	5.1612e-09
611.2	3.6594e-09
611.4	3.6601e-09
611.6	3.6608e-09
611.8	3.6615e-09
612.0	3.6621e-09
612.2	3.6628e-09
612.4	3.6635e-09
612.6	3.6642e-09
612.8	3.6649e-09
613.0	3.6656e-09
613.2	3.6662e-09
613.4	3.6669e-09
613.6	4.0202e-09
613.8	5.3331e-09
614.0	7.0748e-09
614.2	9.3853e-09
614.4	1.245e-08
614.6	1.6517e-08
614.8	2.1911e-08
615.0	2.9066e-08
615.2	3.8559e-08
615.4	5.1151e-08
615.6	6.7856e-08
615.8	9.0017e-08
616.0	8.2458e-08
616.2	6.2148e-08
616.4	4.6841e-08
616.6	3.5304e-08
616.8	2.6608e-08
617.0	2.0054e-08
617.2	1.5115e-08
617.4	1.1392e-08
617.6	8.5861e-09
617.8	6.4713e-09
618.0	4.8774e-09
618.2	3.6761e-09
618.4	4.6461e-09
618.6	5.9029e-09
618.8	7.4996e-09
619.0	9.5283e-09
619.2	1.2106e-08
619.4	1.538e-08
619.6	1.9541e-08
619.8	2.4826e-08
620.0	3.1542e-08
620.2	2.1959e-08
620.4	1.5287e-08
620.6	1.0643e-08
620.8	7.4092e-09
621.0	5.1582e-09
621.2	3.591e-09
621.4	3.5925e-09
621.6	3.594e-09
621.8	3.5955e-09
622.0	3.597e-09
622.2	3.5985e-09
622.4	3.6e-09
622.6	3.6015e-09
622.8	3.603e-09
623.0	3.6045e-09
623.2	3.606e-09
623.4	3.6075e-09
623.6	3.6076e-09
623.8	3.6051e-09
624.0	3.6026e-09
624.2	3.6001e-09
624.4	3.5977e-09
624.6	3.5952e-09
624.8	3.5927e-09
625.0	3.5902e-09
625.2	3.5877e-09
625.4	3.5852e-09
625.6	3.5828e-09
625.8	3.5803e-09
626.0	3.5778e-09
626.2	3.5753e-09
626.4	3.5728e-09
626.6	3.5703e-09
626.8	3.5678e-09
627.0	3.5653e-09
627.2	3.5629e-09
627.4	3.5604e-09
627.6	3.5579e-09
627.8	3.5554e-09
628.0	3.5529e-09
628.2	3.5581e-09
628.4	4.4118e-09
628.6	5.4703e-09
628.8	6.7828e-09
629.0	8.4102e-09
629.2	1.0428e-08
629.4	1.293e-08
629.6	1.6032e-08
629.8	1.9879e-08
630.0	2.4649e-08
630.2	1.786e-08
630.4	1.2942e-08
630.6	9.3776e-09
630.8	6.795e-09
631.0	4.9237e-09
631.2	3.5677e-09
631.4	3.5577e-09
631.6	3.5593e-09
631.8	3.5608e-09
632.0	3.5623e-09
632.2	3.5639e-09
632.4	3.5654e-09
632.6	3.5669e-09
632.8	3.5685e-09
633.0	3.57e-09
633.2	3.5715e-09
633.4	3.5731e-09
633.6	3.8789e-09
633.8	4.9705e-09
634.0	6.3694e-09
634.2	8.1619e-09
634.4	1.0459e-08
634.6	1.3402e-08
634.8	1.7174e-08
635.0	2.2007e-08
635.2	2.8201e-08
635.4	3.6137e-08
635.6	4.6307e-08
635.8	5.934e-08
636.0	5.4557e-08
636.2	4.2593e-08
636.4	3.3252e-08
636.6	2.596e-08
636.8	2.0267e-08
637.0	1.5823e-08
637.2	1.2353e-08
637.4	9.6438e-09
637.6	7.5289e-09
637.8	5.8778e-09
638.0	4.5888e-09
638.2	3.6217e-09
638.4	4.8678e-09
638.6	6.5427e-09
638.8	8.7939e-09
639.0	1.182e-08
639.2	1.5886e-08
639.4	2.1353e-08
639.6	2.87e-08
639.8	3.8574e-08
640.0	5.1847e-08
640.2	5.0143e-08
640.4	4.8495e-08
640.6	4.6901e-08
640.8	4.5359e-08
641.0	4.3868e-08
641.2	4.2426e-08
641.4	4.4216e-08
641.6	4.6151e-08
641.8	4.8171e-08
642.0	5.0279e-08
642.2	5.248e-08
642.4	5.4776e-08
642.6	5.7174e-08
642.8	5.9676e-08
643.0	6.2288e-08
643.2	6.5014e-08
643.4	6.786e-08
643.6	6.4251e-08
643.8	4.9685e-08
644.0	3.8421e-08
644.2	2.9711e-08
644.4	2.2975e-08
644.6	1.7766e-08
644.8	1.3739e-08
645.0	1.0624e-08
645.2	8.2155e-09
645.4	6.353e-09
645.6	4.9127e-09
645.8	3.799e-09
646.0	3.6368e-09
646.2	3.8584e-09
646.4	4.0936e-09
646.6	4.343e-09
646.8	4.6077e-09
647.0	4.8885e-09
647.2	5.1865e-09
647.4	5.5025e-09
647.6	5.8379e-09
647.8	6.1937e-09
648.0	6.5711e-09
648.2	7.0044e-09
648.4	8.4974e-09
648.6	1.0309e-08
648.8	1.2506e-08
649.0	1.5172e-08
649.2	1.8406e-08
649.4	2.2329e-08
649.6	2.7088e-08
649.8	3.2862e-08
650.0	3.9867e-08
650.2	3.6605e-08
650.4	3.3609e-08
650.6	3.0858e-08
650.8	2.8333e-08
651.0	2.6014e-08
651.2	2.3885e-08
651.4	2.0279e-08
651.6	1.7169e-08
651.8	1.4536e-08
652.0	1.2306e-08
652.2	1.0419e-08
652.4	8.8209e-09
652.6	7.468e-09
652.8	6.3226e-09
653.0	5.3528e-09
653.2	4.5319e-09
653.4	3.8368e-09
653.6	3.4272e-09
653.8	3.4307e-09
654.0	3.4342e-09
654.2	3.4378e-09
654.4	3.4413e-09
654.6	3.4448e-09
654.8	3.4484e-09
655.0	3.4519e-09
655.2	3.4555e-09
655.4	3.459e-09
655.6	3.4626e-09
655.8	3.4661e-09
656.0	4.0768e-09
656.2	5.1731e-09
656.4	6.5642e-09
656.6	8.3294e-09
656.8	1.0569e-08
657.0	1.3412e-08
657.2	1.7018e-08
657.4	2.1594e-08
657.6	2.7401e-08
657.8	3.477e-08
658.0	4.412e-08
658.2	5.5486e-08
658.4	5.6304e-08
658.6	5.7135e-08
658.8	5.7977e-08
659.0	5.8833e-08
659.2	5.97e-08
659.4	6.0581e-08
659.6	6.1475e-08
659.8	6.2381e-08
660.0	6.3301e-08
660.2	5.2887e-08
660.4	4.1761e-08
660.6	3.2976e-08
660.8	2.6039e-08
661.0	2.0561e-08
661.2	1.6236e-08
661.4	1.282e-08
661.6	1.0123e-08
661.8	7.9935e-09
662.0	6.3119e-09
662.2	4.9841e-09
662.4	3.9356e-09
662.6	3.984e-09
662.8	5.1703e-09
663.0	6.7098e-09
663.2	8.7078e-09
663.4	1.1301e-08
663.6	1.4666e-08
663.8	1.9032e-08
664.0	2.47e-08
664.2	3.2054e-08
664.4	4.1599e-08
664.6	5.3986e-08
664.8	7.0061e-08
665.0	7.9025e-08
665.2	7.4834e-08
665.4	7.0864e-08
665.6	6.7106e-08
665.8	6.3547e-08
666.0	6.0176e-08
666.2	5.6984e-08
666.4	5.3962e-08
666.6	5.11e-08
666.8	4.8389e-08
667.0	4.5823e-08
667.2	4.3392e-08
667.4	4.1307e-08
667.6	3.9631e-08
667.8	3.8023e-08
668.0	3.6481e-08
668.2	3.5001e-08
668.4	3.3581e-08
668.6	3.2219e-08
668.8	3.0912e-08
669.0	2.9658e-08
669.2	2.8455e-08
669.4	2.7301e-08
669.6	2.6193e-08
669.8	2.5131e-08
670.0	2.2949e-08
670.2	1.9753e-08
670.4	1.7002e-08
670.6	1.4634e-08
670.8	1.2596e-08
671.0	1.0842e-08
671.2	9.3321e-09
671.4	8.0324e-09
671.6	6.9138e-09
671.8	5.9509e-09
672.0	5.1222e-09
672.2	4.4088e-09
672.4	3.7948e-09
672.6	3.9842e-09
672.8	5.0629e-09
673.0	6.4336e-09
673.2	8.1753e-09
673.4	1.0389e-08
673.6	1.3201e-08
673.8	1.6775e-08
674.0	2.1317e-08
674.2	2.7088e-08
674.4	3.4421e-08
674.6	4.374e-08
674.8	5.5582e-08
675.0	6.4681e-08
675.2	6.8022e-08
675.4	7.1535e-08
675.6	7.523e-08
675.8	7.9116e-08
676.0	8.3202e-08
676.2	8.75e-08
676.4	9.202e-08
676.6	9.6773e-08
676.8	1.0177e-07
677.0	1.0703e-07
677.2	1.1256e-07
677.4	1.1044e-07
677.6	9.866e-08
677.8	8.8137e-08
678.0	7.8736e-08
678.2	7.0338e-08
678.4	6.2835e-08
678.6	5.6133e-08
678.8	5.0146e-08
679.0	4.4797e-08
679.2	4.0019e-08
679.4	3.575e-08
679.6	3.1937e-08
679.8	2.8531e-08
680.0	2.5005e-08
680.2	2.1419e-08
680.4	1.8347e-08
680.6	1.5716e-08
680.8	1.3462e-08
681.0	1.1531e-08
681.2	9.8772e-09
681.4	8.4606e-09
681.6	7.2472e-09
681.8	6.2078e-09
682.0	5.3175e-09
682.2	4.5549e-09
682.4	3.9016e-09
682.6	3.6977e-09
682.8	3.9187e-09
683.0	4.153e-09
683.2	4.4013e-09
683.4	4.6645e-09
683.6	4.9434e-09
683.8	5.239e-09
684.0	5.5522e-09
684.2	5.8842e-09
684.4	6.236e-09
684.6	6.6088e-09
684.8	7.004e-09
685.0	7.3443e-09
685.2	7.5979e-09
685.4	7.8601e-09
685.6	8.1315e-09
685.8	8.4121e-09
686.0	8.7025e-09
686.2	9.0029e-09
686.4	9.3137e-09
686.6	9.6352e-09
686.8	9.9678e-09
687.0	1.0312e-08
687.2	1.0668e-08
687.4	1.0513e-08
687.6	9.6625e-09
687.8	8.8804e-09
688.0	8.1616e-09
688.2	7.5011e-09
688.4	6.8939e-09
688.6	6.336e-09
688.8	5.8231e-09
689.0	5.3518e-09
689.2	4.9187e-09
689.4	4.5206e-09
689.6	4.1547e-09
689.8	3.8184e-09
690.0	3.6422e-09
690.2	3.6424e-09
690.4	3.6427e-09
690.6	3.6429e-09
690.8	3.6431e-09
691.0	3.6433e-09
691.2	3.6435e-09
691.4	3.6438e-09
691.6	3.644e-09
691.8	3.6442e-09
692.0	3.6444e-09
692.2	3.6446e-09
692.4	3.6449e-09
692.6	3.6462e-09
692.8	3.6487e-09
693.0	3.6512e-09
693.2	3.6537e-09
693.4	3.6562e-09
693.6	3.6587e-09
693.8	3.6613e-09
694.0	3.6638e-09
694.2	3.6663e-09
694.4	3.6689e-09
694.6	3.6714e-09
694.8	3.6739e-09
695.0	4.0389e-09
695.2	5.0048e-09
695.4	6.2016e-09
695.6	7.6845e-09
695.8	9.5221e-09
696.0	1.1799e-08
696.2	1.4621e-08
696.4	1.8117e-08
696.6	2.2449e-08
696.8	2.7817e-08
697.0	3.4469e-08
697.2	4.2712e-08
697.4	4.6213e-08
697.6	4.1298e-08
697.8	3.6907e-08
698.0	3.2982e-08
698.2	2.9475e-08
698.4	2.6341e-08
698.6	2.354e-08
698.8	2.1036e-08
699.0	1.8799e-08
699.2	1.68e-08
699.4	1.5014e-08
699.6	1.3417e-08
699.8	1.199e-08
700.0	1.1943e-08
700.2	1.3581e-08
700.4	1.5445e-08
700.6	1.7564e-08
700.8	1.9974e-08
701.0	2.2714e-08
701.2	2.5831e-08
701.4	2.9375e-08
701.6	3.3405e-08
701.8	3.7989e-08
702.0	4.3201e-08
702.2	4.9128e-08
702.4	5.5868e-08
702.6	5.3464e-08
702.8	4.244e-08
703.0	3.3688e-08
703.2	2.6742e-08
703.4	2.1228e-08
703.6	1.685e-08
703.8	1.3376e-08
704.0	1.0618e-08
704.2	8.4282e-09
704.4	6.6903e-09
704.6	5.3107e-09
704.8	4.2156e-09
705.0	3.8811e-09
705.2	4.2522e-09
705.4	4.6589e-09
705.6	5.1044e-09
705.8	5.5925e-09
706.0	6.1274e-09
706.2	6.7133e-09
706.4	7.3553e-09
706.6	8.0587e-09
706.8	8.8294e-09
707.0	9.6737e-09
707.2	1.0599e-08
707.4	1.1383e-08
707.6	1.1924e-08
707.8	1.2491e-08
708.0	1.3085e-08
708.2	1.3707e-08
708.4	1.4358e-08
708.6	1.5041e-08
708.8	1.5756e-08
709.0	1.6505e-08
709.2	1.729e-08
709.4	1.8112e-08
709.6	1.8973e-08
709.8	1.9875e-08
710.0	2.0554e-08
710.2	2.0931e-08
710.4	2.1316e-08
710.6	2.1707e-08
710.8	2.2106e-08
711.0	2.2512e-08
711.2	2.2926e-08
711.4	2.3347e-08
711.6	2.3776e-08
711.8	2.4212e-08
712.0	2.4657e-08
712.2	2.511e-08
712.4	2.5571e-08
712.6	2.4998e-08
712.8	2.3315e-08
713.0	2.1745e-08
713.2	2.0281e-08
713.4	1.8915e-08
713.6	1.7642e-08
713.8	1.6454e-08
714.0	1.5346e-08
714.2	1.4313e-08
714.4	1.3349e-08
714.6	1.245e-08
714.8	1.1612e-08
715.0	1.0729e-08
715.2	9.8013e-09
715.4	8.9534e-09
715.6	8.1789e-09
715.8	7.4713e-09
716.0	6.825e-09
716.2	6.2346e-09
716.4	5.6953e-09
716.6	5.2026e-09
716.8	4.7525e-09
717.0	4.3414e-09
717.2	3.9658e-09
717.4	4.0371e-09
717.6	4.7168e-09
717.8	5.511e-09
718.0	6.439e-09
718.2	7.5232e-09
718.4	8.7899e-09
718.6	1.027e-08
718.8	1.1999e-08
719.0	1.402e-08
719.2	1.638e-08
719.4	1.9138e-08
719.6	2.2361e-08
719.8	2.6126e-08
720.0	2.6592e-08
720.2	2.279e-08
720.4	1.9531e-08
720.6	1.6738e-08
720.8	1.4344e-08
721.0	1.2293e-08
721.2	1.0535e-08
721.4	9.0283e-09
721.6	7.7372e-09
721.8	6.6308e-09
722.0	5.6825e-09
722.2	4.8699e-09
722.4	4.1735e-09
722.6	3.8301e-09
722.8	3.8349e-09
723.0	3.8397e-09
723.2	3.8445e-09
723.4	3.8494e-09
723.6	3.8542e-09
723.8	3.859e-09
724.0	3.8639e-09
724.2	3.8687e-09
724.4	3.8736e-09
724.6	3.8785e-09
724.8	3.8833e-09
725.0	3.8883e-09
725.2	3.8934e-09
725.4	3.8985e-09
725.6	3.9036e-09
725.8	3.9088e-09
726.0	3.9139e-09
726.2	3.919e-09
726.4	3.9242e-09
726.6	3.9293e-09
726.8	3.9345e-09
727.0	3.9396e-09
727.2	3.9448e-09
727.4	4.259e-09
727.6	5.0709e-09
727.8	6.0376e-09
728.0	7.1885e-09
728.2	8.5589e-09
728.4	1.019e-08
728.6	1.2133e-08
728.8	1.4446e-08
729.0	1.72e-08
729.2	2.0479e-08
729.4	2.4383e-08
729.6	2.9031e-08
729.8	3.4565e-08
730.0	3.7659e-08
730.2	3.6813e-08
730.4	3.5986e-08
730.6	3.5178e-08
730.8	3.4387e-08
731.0	3.3615e-08
731.2	3.286e-08
731.4	3.2121e-08
731.6	3.14e-08
731.8	3.0694e-08
732.0	3.0005e-08
732.2	2.9331e-08
732.4	2.8672e-08
732.6	2.6304e-08
732.8	2.2401e-08
733.0	1.9076e-08
733.2	1.6245e-08
733.4	1.3834e-08
733.6	1.1781e-08
733.8	1.0032e-08
734.0	8.5435e-09
734.2	7.2756e-09
734.4	6.1958e-09
734.6	5.2763e-09
734.8	4.4932e-09
735.0	4.1263e-09
735.2	4.1331e-09
735.4	4.14e-09
735.6	4.1468e-09
735.8	4.1536e-09
736.0	4.1605e-09
736.2	4.1674e-09
736.4	4.1742e-09
736.6	4.1811e-09
736.8	4.188e-09
737.0	4.195e-09
737.2	4.2019e-09
737.4	4.2084e-09
737.6	4.2145e-09
737.8	4.2207e-09
738.0	4.2268e-09
738.2	4.2329e-09
738.4	4.2391e-09
738.6	4.2452e-09
738.8	4.2514e-09
739.0	4.2575e-09
739.2	4.2637e-09
739.4	4.2699e-09
739.6	4.2761e-09
739.8	4.2823e-09
740.0	4.3933e-09
740.2	4.6392e-09
740.4	4.899e-09
740.6	5.1732e-09
740.8	5.4629e-09
741.0	5.7687e-09
741.2	6.0917e-09
741.4	6.4328e-09
741.6	6.7929e-09
741.8	7.1732e-09
742.0	7.5749e-09
742.2	7.9989e-09
742.4	8.4468e-09
742.6	8.5013e-09
742.8	8.0385e-09
743.0	7.6009e-09
743.2	7.1872e-09
743.4	6.7959e-09
743.6	6.426e-09
743.8	6.0762e-09
744.0	5.7454e-09
744.2	5.4327e-09
744.4	5.1369e-09
744.6	4.8573e-09
744.8	4.5929e-09
745.0	4.8138e-09
745.2	5.7367e-09
745.4	6.8366e-09
745.6	8.1473e-09
745.8	9.7093e-09
746.0	1.1571e-08
746.2	1.3789e-08
746.4	1.6433e-08
746.6	1.9583e-08
746.8	2.3338e-08
747.0	2.7812e-08
747.2	3.3144e-08
747.4	3.3885e-08
747.6	2.8936e-08
747.8	2.471e-08
748.0	2.1102e-08
748.2	1.802e-08
748.4	1.5389e-08
748.6	1.3141e-08
748.8	1.1222e-08
749.0	9.5833e-09
749.2	8.1838e-09
749.4	6.9887e-09
749.6	5.9681e-09
749.8	5.0965e-09
750.0	4.6725e-09
750.2	4.6803e-09
750.4	4.6882e-09
750.6	4.6961e-09
750.8	4.7039e-09
751.0	4.7118e-09
751.2	4.7198e-09
751.4	4.7277e-09
751.6	4.7356e-09
751.8	4.7436e-09
752.0	4.7515e-09
752.2	4.7595e-09
752.4	4.7675e-09
752.6	4.7759e-09
752.8	4.7847e-09
753.0	4.7936e-09
753.2	4.8025e-09
753.4	4.8113e-09
753.6	4.8203e-09
753.8	4.8292e-09
754.0	4.8381e-09
754.2	4.8471e-09
754.4	4.8561e-09
754.6	4.865e-09
754.8	4.8741e-09
755.0	4.8836e-09
755.2	4.8939e-09
755.4	4.9041e-09
755.6	4.9144e-09
755.8	4.9247e-09
756.0	4.9351e-09
756.2	4.9454e-09
756.4	4.9558e-09
756.6	4.9662e-09
756.8	4.9766e-09
757.0	4.987e-09
757.2	4.9975e-09
757.4	5.7485e-09
757.6	7.7009e-09
757.8	1.0317e-08
758.0	1.3821e-08
758.2	1.8515e-08
758.4	2.4804e-08
758.6	3.3228e-08
758.8	4.4514e-08
759.0	5.9634e-08
759.2	7.9889e-08
759.4	1.0702e-07
759.6	1.4337e-07
759.8	1.9207e-07
760.0	2.5731e-07
760.2	3.4471e-07
760.4	3.0436e-07
760.6	2.2381e-07
760.8	1.6458e-07
761.0	1.2102e-07
761.2	8.8991e-08
761.4	6.5438e-08
761.6	4.812e-08
761.8	3.5384e-08
762.0	2.602e-08
762.2	1.9133e-08
762.4	1.4069e-08
762.6	1.0346e-08
762.8	7.6077e-09
763.0	5.8598e-09
763.2	5.8702e-09
763.4	5.8807e-09
763.6	5.8911e-09
763.8	5.9016e-09
764.0	5.9121e-09
764.2	5.9226e-09
764.4	5.9331e-09
764.6	5.9437e-09
764.8	5.9542e-09
765.0	5.9648e-09
765.2	7.8557e-09
765.4	1.5215e-08
765.6	2.9468e-08
765.8	5.7074e-08
766.0	1.1054e-07
766.2	2.1409e-07
766.4	4.1466e-07
766.6	8.031e-07
766.8	1.5554e-06
767.0	3.0126e-06
767.2	5.8347e-06
767.4	5.6262e-06
767.6	3.9367e-06
767.8	2.7545e-06
768.0	1.9273e-06
768.2	1.3485e-06
768.4	9.4357e-07
768.6	6.6022e-07
768.8	4.6195e-07
769.0	3.2323e-07
769.2	2.2616e-07
769.4	1.5825e-07
769.6	1.5689e-07
769.8	1.5782e-07
770.0	1.5876e-07
770.2	1.597e-07
770.4	1.6065e-07
770.6	1.616e-07
770.8	1.6256e-07
771.0	1.7823e-07
771.2	1.9829e-07
771.4	2.2061e-07
771.6	2.4544e-07
771.8	2.7306e-07
772.0	3.038e-07
772.2	3.3799e-07
772.4	3.7603e-07
772.6	4.1835e-07
772.8	4.6544e-07
773.0	5.2913e-07
773.2	6.9964e-07
773.4	9.2512e-07
773.6	1.2232e-06
773.8	1.6175e-06
774.0	2.1387e-06
774.2	2.8279e-06
774.4	3.7393e-06
774.6	4.9443e-06
774.8	6.5377e-06
775.0	8.6446e-06
775.2	9.1689e-06
775.4	6.9868e-06
775.6	5.324e-06
775.8	4.0569e-06
776.0	3.0914e-06
776.2	2.3556e-06
776.4	1.795e-06
776.6	1.3678e-06
776.8	1.0423e-06
777.0	7.9423e-07
777.2	6.0521e-07
777.4	5.2243e-07
777.6	4.7888e-07
777.8	4.3897e-07
778.0	4.0238e-07
778.2	3.6884e-07
778.4	3.381e-07
778.6	3.0992e-07
778.8	2.8409e-07
779.0	2.6041e-07
779.2	2.3871e-07
779.4	2.1881e-07
779.6	2.0057e-07
779.8	2.0322e-07
780.0	2.2948e-07
780.2	2.5915e-07
780.4	2.9265e-07
780.6	3.3048e-07
780.8	3.732e-07
781.0	4.2144e-07
781.2	4.7592e-07
781.4	5.3744e-07
781.6	6.0691e-07
781.8	6.8537e-07
782.0	7.7396e-07
782.2	8.7466e-07
782.4	1.009e-06
782.6	1.164e-06
782.8	1.3428e-06
783.0	1.5491e-06
783.2	1.7871e-06
783.4	2.0616e-06
783.6	2.3783e-06
783.8	2.7436e-06
784.0	3.165e-06
784.2	3.6512e-06
784.4	4.2121e-06
784.6	4.8591e-06
784.8	4.6638e-06
785.0	3.575e-06
785.2	2.7404e-06
785.4	2.1007e-06
785.6	1.6103e-06
785.8	1.2344e-06
786.0	9.4621e-07
786.2	7.2532e-07
786.4	5.56e-07
786.6	4.262e-07
786.8	3.7673e-07
787.0	3.4748e-07
787.2	3.205e-07
787.4	2.9561e-07
787.6	2.7266e-07
787.8	2.5149e-07
788.0	2.3196e-07
788.2	2.1395e-07
788.4	1.9734e-07
788.6	1.9866e-07
788.8	2.088e-07
789.0	2.1945e-07
789.2	2.3065e-07
789.4	2.4242e-07
789.6	2.5479e-07
789.8	2.678e-07
790.0	2.8146e-07
790.2	2.9583e-07
790.4	3.1092e-07
790.6	3.2679e-07
790.8	3.4347e-07
791.0	3.61e-07
791.2	3.7942e-07
791.4	3.9878e-07
791.6	4.1914e-07
791.8	4.4053e-07
792.0	4.6301e-07
792.2	5.5954e-07
792.4	6.8502e-07
792.6	8.3864e-07
792.8	1.0267e-06
793.0	1.257e-06
793.2	1.5389e-06
793.4	1.884e-06
793.6	2.3064e-06
793.8	2.8237e-06
794.0	3.4569e-06
794.2	4.2322e-06
794.4	5.1813e-06
794.6	6.3432e-06
794.8	7.7657e-06
795.0	9.5073e-06
795.2	1.1639e-05
795.4	1.1981e-05
795.6	1.1508e-05
795.8	1.1054e-05
796.0	1.0618e-05
796.2	1.0199e-05
796.4	9.7967e-06
796.6	9.4103e-06
796.8	9.0391e-06
797.0	8.1902e-06
797.2	3.417e-06
797.4	1.4256e-06
797.6	5.9477e-07
797.8	2.4814e-07
798.0	1.0353e-07
798.2	4.3192e-08
798.4	1.802e-08
798.6	7.5181e-09
798.8	4.5684e-09
799.0	4.5699e-09
799.2	4.5713e-09
799.4	4.5728e-09
799.6	4.5743e-09
799.8	4.5757e-09
800.0	4.5772e-09
800.2	4.5786e-09
800.4	4.5801e-09
800.6	4.5816e-09
800.8	4.583e-09
801.0	4.5845e-09
801.2	4.586e-09
801.4	4.5875e-09
801.6	4.589e-09
801.8	4.5905e-09
802.0	4.5919e-09
802.2	4.5933e-09
802.4	4.5936e-09
802.6	4.594e-09
802.8	4.5944e-09
803.0	4.5947e-09
803.2	4.5951e-09
803.4	4.5955e-09
803.6	4.5958e-09
803.8	4.5962e-09
804.0	7.5896e-09
804.2	2.0097e-08
804.4	5.3216e-08
804.6	1.4091e-07
804.8	3.7314e-07
805.0	9.8806e-07
805.2	1.1953e-06
805.4	1.4461e-06
805.6	1.7495e-06
805.8	2.1165e-06
806.0	2.5605e-06
806.2	3.0977e-06
806.4	3.7664e-06
806.6	4.751e-06
806.8	5.9929e-06
807.0	7.5595e-06
807.2	9.5355e-06
807.4	1.2028e-05
807.6	1.5172e-05
807.8	1.9139e-05
808.0	2.2511e-05
808.2	2.5751e-05
808.4	2.9456e-05
808.6	3.3695e-05
808.8	3.8544e-05
809.0	4.4091e-05
809.2	5.0436e-05
809.4	5.0828e-05
809.6	3.8638e-05
809.8	2.9371e-05
810.0	2.2327e-05
810.2	1.6972e-05
810.4	1.2902e-05
810.6	9.8074e-06
810.8	7.4552e-06
811.0	5.7973e-06
811.2	4.5181e-06
811.4	3.5212e-06
811.6	2.7443e-06
811.8	2.1388e-06
812.0	1.6668e-06
812.2	1.2991e-06
812.4	7.9321e-07
812.6	3.8311e-07
812.8	1.8504e-07
813.0	8.937e-08
813.2	4.3164e-08
813.4	2.0848e-08
813.6	1.0069e-08
813.8	5.2885e-09
814.0	5.2948e-09
814.2	5.3012e-09
814.4	5.3075e-09
814.6	5.3138e-09
814.8	5.3201e-09
815.0	5.3265e-09
815.2	5.0826e-09
815.4	4.8499e-09
815.6	4.6279e-09
815.8	4.416e-09
816.0	4.2138e-09
816.2	4.5637e-09
816.4	6.2214e-09
816.6	8.4812e-09
816.8	1.1562e-08
817.0	1.5762e-08
817.2	2.1487e-08
817.4	2.9291e-08
817.6	3.9931e-08
817.8	5.4435e-08
818.0	7.4208e-08
818.2	8.9574e-08
818.4	9.5261e-08
818.6	1.0131e-07
818.8	1.0774e-07
819.0	1.1458e-07
819.2	1.2186e-07
819.4	1.296e-07
819.6	1.3783e-07
819.8	1.4658e-07
820.0	1.5589e-07
820.2	1.8767e-07
820.4	2.4337e-07
820.6	3.1561e-07
820.8	4.0929e-07
821.0	5.3078e-07
821.2	6.8833e-07
821.4	8.9264e-07
821.6	1.1576e-06
821.8	1.5012e-06
822.0	1.9468e-06
822.2	2.4096e-06
822.4	2.9399e-06
822.6	3.587e-06
822.8	4.3764e-06
823.0	5.3396e-06
823.2	6.5149e-06
823.4	7.9488e-06
823.6	9.6982e-06
823.8	1.1833e-05
824.0	1.4437e-05
824.2	1.3559e-05
824.4	1.2409e-05
824.6	1.1357e-05
824.8	1.0394e-05
825.0	9.5122e-06
825.2	8.7055e-06
825.4	7.9673e-06
825.6	7.2916e-06
825.8	6.6732e-06
826.0	6.1073e-06
826.2	5.4161e-06
826.4	4.4924e-06
826.6	3.7262e-06
826.8	3.0906e-06
827.0	2.5635e-06
827.2	2.1263e-06
827.4	1.7636e-06
827.6	1.4628e-06
827.8	1.2133e-06
828.0	1.0064e-06
828.2	8.5581e-07
828.4	7.4937e-07
828.6	6.5616e-07
828.8	5.7455e-07
829.0	5.0309e-07
829.2	4.4052e-07
829.4	3.8573e-07
829.6	3.3775e-07
829.8	2.9574e-07
830.0	2.5896e-07
830.2	1.9077e-07
830.4	1.2555e-07
830.6	8.2625e-08
830.8	5.4376e-08
831.0	3.5785e-08
831.2	2.355e-08
831.4	1.5499e-08
831.6	1.02e-08
831.8	6.7125e-09
832.0	4.4176e-09
832.2	3.9785e-09
832.4	3.9781e-09
832.6	3.9777e-09
832.8	3.9773e-09
833.0	3.977e-09
833.2	3.9766e-09
833.4	3.9762e-09
833.6	3.9758e-09
833.8	3.9754e-09
834.0	3.975e-09
834.2	5.6225e-09
834.4	8.2655e-09
834.6	1.2151e-08
834.8	1.7862e-08
835.0	2.6259e-08
835.2	3.8602e-08
835.4	5.6748e-08
835.6	8.3423e-08
835.8	1.2264e-07
836.0	1.8028e-07
836.2	2.4977e-07
836.4	3.0507e-07
836.6	3.726e-07
836.8	4.5509e-07
837.0	5.5585e-07
837.2	6.789e-07
837.4	8.292e-07
837.6	1.0128e-06
837.8	1.237e-06
838.0	1.5109e-06
838.2	1.7984e-06
838.4	2.078e-06
838.6	2.4012e-06
838.8	2.7746e-06
839.0	3.2061e-06
839.2	3.7047e-06
839.4	4.2809e-06
839.6	4.9466e-06
839.8	5.7158e-06
840.0	6.6047e-06
840.2	6.6638e-06
840.4	6.1761e-06
840.6	5.7241e-06
840.8	5.3052e-06
841.0	4.9169e-06
841.2	4.5571e-06
841.4	4.2236e-06
841.6	3.9145e-06
841.8	3.628e-06
842.0	3.3624e-06
842.2	2.8426e-06
842.4	2.338e-06
842.6	1.923e-06
842.8	1.5817e-06
843.0	1.3009e-06
843.2	1.07e-06
843.4	8.8006e-07
843.6	7.2385e-07
843.8	5.9536e-07
844.0	4.8968e-07
844.2	4.6088e-07
844.4	4.3855e-07
844.6	4.1729e-07
844.8	3.9707e-07
845.0	3.7782e-07
845.2	3.5951e-07
845.4	3.4209e-07
845.6	3.2551e-07
845.8	3.0973e-07
846.0	2.9472e-07
846.2	2.8134e-07
846.4	2.7044e-07
846.6	2.5996e-07
846.8	2.4988e-07
847.0	2.402e-07
847.2	2.3089e-07
847.4	2.2195e-07
847.6	2.1335e-07
847.8	2.0508e-07
848.0	1.9713e-07
848.2	1.5977e-07
848.4	1.0682e-07
848.6	7.1425e-08
848.8	4.7756e-08
849.0	3.193e-08
849.2	2.1349e-08
849.4	1.4274e-08
849.6	9.544e-09
849.8	6.3812e-09
850.0	4.2666e-09
850.2	4.7611e-09
850.4	7.1774e-09
850.6	1.082e-08
850.8	1.6312e-08
851.0	2.459e-08
851.2	3.707e-08
851.4	5.5884e-08
851.6	8.4247e-08
851.8	1.27e-07
852.0	1.9146e-07
852.2	2.3249e-07
852.4	2.6608e-07
852.6	3.0451e-07
852.8	3.485e-07
853.0	3.9884e-07
853.2	4.5645e-07
853.4	5.2238e-07
853.6	5.9784e-07
853.8	6.842e-07
854.0	7.8304e-07
854.2	8.9858e-07
854.4	1.0313e-06
854.6	1.1837e-06
854.8	1.3585e-06
855.0	1.5592e-06
855.2	1.7895e-06
855.4	2.0539e-06
855.6	2.3573e-06
855.8	2.7055e-06
856.0	3.1052e-06
856.2	3.5718e-06
856.4	4.1321e-06
856.6	4.7803e-06
856.8	5.5302e-06
857.0	6.3978e-06
857.2	7.4014e-06
857.4	8.5624e-06
857.6	9.9056e-06
857.8	1.146e-05
858.0	1.3257e-05
858.2	1.4074e-05
858.4	1.3395e-05
858.6	1.2748e-05
858.8	1.2132e-05
859.0	1.1546e-05
859.2	1.0988e-05
859.4	1.0458e-05
859.6	9.9524e-06
859.8	9.4717e-06
860.0	9.0143e-06
860.2	8.3798e-06
860.4	7.6715e-06
860.6	7.023e-06
860.8	6.4294e-06
861.0	5.886e-06
861.2	5.3884e-06
861.4	4.933e-06
861.6	4.516e-06
861.8	4.1343e-06
862.0	3.7848e-06
862.2	3.5968e-06
862.4	3.4565e-06
862.6	3.3217e-06
862.8	3.1922e-06
863.0	3.0677e-06
863.2	2.948e-06
863.4	2.833e-06
863.6	2.7225e-06
863.8	2.6163e-06
864.0	2.5143e-06
864.2	2.2975e-06
864.4	2.0927e-06
864.6	1.9061e-06
864.8	1.7362e-06
865.0	1.5814e-06
865.2	1.4404e-06
865.4	1.4642e-06
865.6	1.6014e-06
865.8	1.7514e-06
866.0	1.9155e-06
866.2	2.095e-06
866.4	2.2912e-06
866.6	2.5059e-06
866.8	2.7406e-06
867.0	2.9974e-06
867.2	3.1309e-06
867.4	3.2696e-06
867.6	3.4145e-06
867.8	3.5658e-06
868.0	3.7238e-06
868.2	3.8888e-06
868.4	4.0611e-06
868.6	4.2411e-06
868.8	4.4325e-06
869.0	4.6385e-06
869.2	4.854e-06
869.4	5.0795e-06
869.6	5.3155e-06
869.8	5.5624e-06
870.0	5.8209e-06
870.2	6.0913e-06
870.4	6.3743e-06
870.6	6.7474e-06
870.8	7.1641e-06
871.0	7.6065e-06
871.2	8.0763e-06
871.4	8.575e-06
871.6	9.1046e-06
871.8	9.6669e-06
872.0	1.0264e-05
872.2	1.0925e-05
872.4	1.1751e-05
872.6	1.2639e-05
872.8	1.3595e-05
873.0	1.4623e-05
873.2	1.5729e-05
873.4	1.6918e-05
873.6	1.8198e-05
873.8	1.9574e-05
874.0	2.1617e-05
874.2	2.4307e-05
874.4	2.7331e-05
874.6	3.0732e-05
874.8	3.4556e-05
875.0	3.8855e-05
875.2	4.294e-05
875.4	4.7454e-05
875.6	5.2443e-05
875.8	5.7957e-05
876.0	6.405e-05
876.2	7.0783e-05
876.4	7.8068e-05
876.6	8.068e-05
876.8	8.338e-05
877.0	8.617e-05
877.2	8.9054e-05
877.4	9.2034e-05
877.6	9.5114e-05
877.8	9.8297e-05
878.0	9.2306e-05
878.2	8.2507e-05
878.4	7.3749e-05
878.6	6.592e-05
878.8	5.8922e-05
879.0	5.2667e-05
879.2	4.7076e-05
879.4	4.2051e-05
879.6	3.7502e-05
879.8	3.3445e-05
880.0	2.9827e-05
880.2	2.66e-05
880.4	2.3723e-05
880.6	2.1157e-05
880.8	1.8868e-05
881.0	1.7458e-05
881.2	1.6198e-05
881.4	1.503e-05
881.6	1.3945e-05
881.8	1.2939e-05
882.0	1.2005e-05
882.2	1.1139e-05
882.4	1.0502e-05
882.6	1.0024e-05
882.8	9.5676e-06
883.0	9.1321e-06
883.2	8.7164e-06
883.4	8.3197e-06
883.6	7.941e-06
883.8	7.6188e-06
884.0	7.4626e-06
884.2	7.3096e-06
884.4	7.1597e-06
884.6	7.0129e-06
884.8	6.8691e-06
885.0	6.7282e-06
885.2	4.0345e-06
885.4	3.5047e-06
885.6	4.004e-06
885.8	4.5745e-06
886.0	5.2262e-06
886.2	5.9707e-06
886.4	6.6023e-06
886.6	6.6368e-06
886.8	6.6714e-06
887.0	6.7063e-06
887.2	6.7413e-06
887.4	6.7765e-06
887.6	6.9854e-06
887.8	7.2133e-06
888.0	7.4487e-06
888.2	7.6918e-06
888.4	7.9428e-06
888.6	8.2029e-06
888.8	8.4721e-06
889.0	8.7502e-06
889.2	9.0373e-06
889.4	9.334e-06
889.6	9.733e-06
889.8	1.0378e-05
890.0	1.1066e-05
890.2	1.1799e-05
890.4	1.2582e-05
890.6	1.3416e-05
890.8	1.436e-05
891.0	1.5371e-05
891.2	1.6454e-05
891.4	1.7614e-05
891.6	1.8855e-05
891.8	2.0585e-05
892.0	2.2699e-05
892.2	2.503e-05
892.4	2.7601e-05
892.6	3.0436e-05
892.8	3.3807e-05
893.0	3.8066e-05
893.2	4.286e-05
893.4	4.8259e-05
893.6	5.4338e-05
893.8	6.1217e-05
894.0	7.0051e-05
894.2	8.0159e-05
894.4	9.1726e-05
894.6	1.0496e-04
894.8	1.2011e-04
895.0	1.3509e-04
895.2	1.0002e-04
895.4	9.3999e-05
895.6	1.106e-04
895.8	1.3014e-04
896.0	1.5312e-04
896.2	1.8017e-04
896.4	2.0325e-04
896.6	1.9376e-04
896.8	1.8471e-04
897.0	1.7609e-04
897.2	1.6787e-04
897.4	1.6003e-04
897.6	1.4901e-04
897.8	1.3833e-04
898.0	1.2841e-04
898.2	1.1921e-04
898.4	1.1066e-04
898.6	1.0372e-04
898.8	9.7923e-05
899.0	9.2451e-05
899.2	8.7284e-05
899.4	8.2405e-05
899.6	7.8202e-05
899.8	7.5337e-05
900.0	7.2578e-05
900.2	6.992e-05
900.4	6.7359e-05
900.6	6.4892e-05
900.8	6.3258e-05
901.0	6.1707e-05
901.2	6.0195e-05
901.4	5.8719e-05
901.6	5.728e-05
901.8	5.5938e-05
902.0	5.4664e-05
902.2	5.3419e-05
902.4	5.2203e-05
902.6	5.1014e-05
902.8	4.9901e-05
903.0	4.8913e-05
903.2	4.7945e-05
903.4	4.6996e-05
903.6	4.6066e-05
903.8	4.5155e-05
904.0	4.4244e-05
904.2	4.3352e-05
904.4	4.2478e-05
904.6	4.1622e-05
904.8	4.0782e-05
905.0	3.988e-05
905.2	1.7179e-05
905.4	1.7522e-05
905.6	1.9164e-05
905.8	2.0961e-05
906.0	2.2926e-05
906.2	2.5075e-05
906.4	2.7425e-05
906.6	2.9996e-05
906.8	3.2224e-05
907.0	3.1606e-05
907.2	3.1e-05
907.4	3.0406e-05
907.6	2.9823e-05
907.8	2.9252e-05
908.0	2.8691e-05
908.2	2.8141e-05
908.4	2.7714e-05
908.6	2.7459e-05
908.8	2.7206e-05
909.0	2.6956e-05
909.2	2.6708e-05
909.4	2.6462e-05
909.6	2.6219e-05
909.8	2.5978e-05
910.0	2.6e-05
910.2	2.6171e-05
910.4	2.6343e-05
910.6	2.6516e-05
910.8	2.669e-05
911.0	2.6865e-05
911.2	2.7041e-05
911.4	2.7219e-05
911.6	2.7879e-05
911.8	2.8623e-05
912.0	2.9387e-05
912.2	3.0171e-05
912.4	3.0976e-05
912.6	3.1802e-05
912.8	3.2651e-05
913.0	3.3621e-05
913.2	3.5344e-05
913.4	3.7154e-05
913.6	3.9058e-05
913.8	4.1059e-05
914.0	4.3162e-05
914.2	4.5373e-05
914.4	4.7698e-05
914.6	5.0735e-05
914.8	5.5081e-05
915.0	5.98e-05
915.2	5.7417e-05
915.4	5.5129e-05
915.6	5.8541e-05
915.8	6.9638e-05
916.0	8.284e-05
916.2	9.7317e-05
916.4	1.0874e-04
916.6	1.2149e-04
916.8	1.3575e-04
917.0	1.5421e-04
917.2	1.7539e-04
917.4	1.9948e-04
917.6	2.2689e-04
917.8	2.5808e-04
918.0	2.9355e-04
918.2	3.2874e-04
918.4	3.5963e-04
918.6	3.9342e-04
918.8	4.2527e-04
919.0	4.2586e-04
919.2	4.2644e-04
919.4	4.2703e-04
919.6	3.9671e-04
919.8	3.6444e-04
920.0	3.3479e-04
920.2	3.0213e-04
920.4	2.6951e-04
920.6	2.4042e-04
920.8	2.1475e-04
921.0	1.9233e-04
921.2	1.7226e-04
921.4	1.5449e-04
921.6	1.4098e-04
921.8	1.2866e-04
922.0	1.1741e-04
922.2	1.0854e-04
922.4	1.0066e-04
922.6	9.3344e-05
922.8	8.7236e-05
923.0	8.2059e-05
923.2	7.7189e-05
923.4	7.2909e-05
923.6	6.9584e-05
923.8	6.6411e-05
924.0	6.3409e-05
924.2	6.1847e-05
924.4	6.0323e-05
924.6	5.8837e-05
924.8	5.7483e-05
925.0	5.619e-05
925.2	5.5323e-05
925.4	5.447e-05
925.6	5.363e-05
925.8	5.2803e-05
926.0	5.1989e-05
926.2	5.1961e-05
926.4	5.2088e-05
926.6	5.2215e-05
926.8	5.2454e-05
927.0	5.3285e-05
927.2	5.4128e-05
927.4	5.4986e-05
927.6	5.5937e-05
927.8	5.6991e-05
928.0	5.8064e-05
928.2	5.9158e-05
928.4	6.1131e-05
928.6	6.3367e-05
928.8	6.5685e-05
929.0	6.8111e-05
929.2	7.0775e-05
929.4	7.3543e-05
929.6	7.6419e-05
929.8	8.0064e-05
930.0	8.465e-05
930.2	8.9498e-05
930.4	9.4624e-05
930.6	1.007e-04
930.8	1.0734e-04
931.0	1.1442e-04
931.2	1.2212e-04
931.4	1.3149e-04
931.6	1.4157e-04
931.8	1.5243e-04
932.0	1.6449e-04
932.2	1.7798e-04
932.4	1.9257e-04
932.6	2.0835e-04
932.8	2.2527e-04
933.0	2.4352e-04
933.2	2.6324e-04
933.4	2.8393e-04
933.6	3.0154e-04
933.8	3.2024e-04
934.0	3.4009e-04
934.2	3.5653e-04
934.4	3.68e-04
934.6	3.7984e-04
934.8	3.9206e-04
935.0	3.8982e-04
935.2	3.8665e-04
935.4	3.8351e-04
935.6	3.8039e-04
935.8	3.7185e-04
936.0	3.6046e-04
936.2	3.4681e-04
936.4	3.3287e-04
936.6	3.1816e-04
936.8	3.027e-04
937.0	2.8811e-04
937.2	2.7879e-04
937.4	2.6736e-04
937.6	2.5386e-04
937.8	2.4349e-04
938.0	2.3435e-04
938.2	2.2681e-04
938.4	2.1905e-04
938.6	2.1123e-04
938.8	2.0602e-04
939.0	2.0118e-04
939.2	1.9674e-04
939.4	1.9342e-04
939.6	1.9064e-04
939.8	1.8836e-04
940.0	1.8678e-04
940.2	1.8608e-04
940.4	1.853e-04
940.6	1.8476e-04
940.8	1.8559e-04
941.0	1.8695e-04
941.2	1.8876e-04
941.4	1.9132e-04
941.6	1.9469e-04
941.8	1.9995e-04
942.0	2.0552e-04
942.2	2.1137e-04
942.4	2.184e-04
942.6	2.2626e-04
942.8	2.3535e-04
943.0	2.4647e-04
943.2	2.5869e-04
943.4	2.7176e-04
943.6	2.8701e-04
943.8	3.047e-04
944.0	3.2804e-04
944.2	3.5415e-04
944.4	3.8324e-04
944.6	4.1744e-04
944.8	4.5656e-04
945.0	5.0801e-04
945.2	5.5742e-04
945.4	6.1164e-04
945.6	6.7112e-04
945.8	7.6132e-04
946.0	8.6767e-04
946.2	0.00102
946.4	0.0012
946.6	0.00143
946.8	0.00174
947.0	0.00214
947.2	0.00268
947.4	0.00333
947.6	0.00412
947.8	0.00496
948.0	0.00562
948.2	0.00582
948.4	0.0055
948.6	0.00479
948.8	0.00398
949.0	0.0032
949.2	0.0026
949.4	0.00209
949.6	0.00171
949.8	0.00143
950.0	0.0012
950.2	0.00103
950.4	8.8368e-04
950.6	7.6466e-04
950.8	6.7577e-04
951.0	5.9617e-04
951.2	5.4357e-04
951.4	4.8832e-04
951.6	4.4172e-04
951.8	4.0522e-04
952.0	3.7619e-04
952.2	3.492e-04
952.4	3.2782e-04
952.6	3.0372e-04
952.8	2.8467e-04
953.0	2.6991e-04
953.2	2.5555e-04
953.4	2.428e-04
953.6	2.34e-04
953.8	2.2465e-04
954.0	2.1752e-04
954.2	2.0588e-04
954.4	2.0199e-04
954.6	1.9621e-04
954.8	1.9333e-04
955.0	1.8343e-04
955.2	1.8203e-04
955.4	1.8065e-04
955.6	1.7927e-04
955.8	1.7682e-04
956.0	1.7614e-04
956.2	1.7373e-04
956.4	1.7242e-04
956.6	1.7324e-04
956.8	1.746e-04
957.0	1.7448e-04
957.2	1.7602e-04
957.4	1.7757e-04
957.6	1.7693e-04
957.8	1.826e-04
958.0	1.8285e-04
958.2	1.8804e-04
958.4	1.8836e-04
958.6	1.9343e-04
958.8	1.9714e-04
959.0	2.0585e-04
959.2	2.1306e-04
959.4	2.1639e-04
959.6	2.2655e-04
959.8	2.3417e-04
960.0	2.4488e-04
960.2	2.5753e-04
960.4	2.6672e-04
960.6	2.815e-04
960.8	2.9179e-04
961.0	3.0872e-04
961.2	3.3041e-04
961.4	3.5181e-04
961.6	3.7374e-04
961.8	4.0092e-04
962.0	4.3139e-04
962.2	4.6469e-04
962.4	5.0276e-04
962.6	5.4778e-04
962.8	6.0449e-04
963.0	6.6058e-04
963.2	7.2692e-04
963.4	8.1163e-04
963.6	9.0737e-04
963.8	0.00101
964.0	0.00115
964.2	0.00132
964.4	0.0015
964.6	0.00173
964.8	0.00198
965.0	0.0023
965.2	0.00264
965.4	0.00303
965.6	0.00348
965.8	0.00395
966.0	0.00436
966.2	0.00468
966.4	0.00482
966.6	0.00479
966.8	0.00458
967.0	0.00426
967.2	0.00387
967.4	0.00345
967.6	0.00304
967.8	0.00271
968.0	0.0024
968.2	0.00214
968.4	0.0019
968.6	0.00169
968.8	0.00153
969.0	0.00138
969.2	0.00127
969.4	0.00117
969.6	0.00108
969.8	9.9725e-04
970.0	9.296e-04
970.2	8.7873e-04
970.4	8.2769e-04
970.6	7.8074e-04
970.8	7.4249e-04
971.0	7.1425e-04
971.2	6.8139e-04
971.4	6.6358e-04
971.6	6.3839e-04
971.8	6.2037e-04
972.0	6.0782e-04
972.2	5.8739e-04
972.4	5.8029e-04
972.6	5.7948e-04
972.8	5.7342e-04
973.0	5.6581e-04
973.2	5.6413e-04
973.4	5.627e-04
973.6	5.7185e-04
973.8	5.7607e-04
974.0	5.7567e-04
974.2	5.8551e-04
974.4	5.9821e-04
974.6	6.1236e-04
974.8	6.2879e-04
975.0	6.4345e-04
975.2	6.7563e-04
975.4	7.0942e-04
975.6	7.4491e-04
975.8	7.8217e-04
976.0	8.1795e-04
976.2	8.6257e-04
976.4	9.1382e-04
976.6	9.7218e-04
976.8	0.00104
977.0	0.0011
977.2	0.00119
977.4	0.00128
977.6	0.00139
977.8	0.0015
978.0	0.00161
978.2	0.00172
978.4	0.00184
978.6	0.00195
978.8	0.00205
979.0	0.00211
979.2	0.00214
979.4	0.00213
979.6	0.00208
979.8	0.00198
980.0	0.00186
980.2	0.00172
980.4	0.00157
980.6	0.00142
980.8	0.00127
981.0	0.00113
981.2	0.001
981.4	8.9765e-04
981.6	7.9864e-04
981.8	7.1337e-04
982.0	6.3921e-04
982.2	5.74e-04
982.4	5.1677e-04
982.6	4.6773e-04
982.8	4.2326e-04
983.0	3.8542e-04
983.2	3.5193e-04
983.4	3.2156e-04
983.6	2.9759e-04
983.8	2.7497e-04
984.0	2.5407e-04
984.2	2.3514e-04
984.4	2.1895e-04
984.6	2.0608e-04
984.8	1.9311e-04
985.0	1.8471e-04
985.2	1.1704e-04
985.4	8.1746e-05
985.6	8.5345e-05
985.8	8.9102e-05
986.0	9.3024e-05
986.2	9.7119e-05
986.4	1.0139e-04
986.6	1.0586e-04
986.8	1.1052e-04
987.0	1.1484e-04
987.2	1.1147e-04
987.4	1.082e-04
987.6	1.0503e-04
987.8	1.0195e-04
988.0	9.8957e-05
988.2	9.6055e-05
988.4	9.3238e-05
988.6	9.0504e-05
988.8	8.9273e-05
989.0	8.815e-05
989.2	8.7041e-05
989.4	8.5946e-05
989.6	8.4864e-05
989.8	8.3796e-05
990.0	8.2742e-05
990.2	8.1701e-05
990.4	8.1548e-05
990.6	8.1595e-05
990.8	8.1642e-05
991.0	8.1689e-05
991.2	8.1736e-05
991.4	8.1783e-05
991.6	8.183e-05
991.8	8.1877e-05
992.0	8.2953e-05
992.2	8.4506e-05
992.4	8.6087e-05
992.6	8.7698e-05
992.8	8.9339e-05
993.0	9.101e-05
993.2	9.2713e-05
993.4	9.4448e-05
993.6	9.7262e-05
993.8	1.0096e-04
994.0	1.0481e-04
994.2	1.088e-04
994.4	1.1294e-04
994.6	1.1724e-04
994.8	1.217e-04
995.0	1.2633e-04
995.2	1.3267e-04
995.4	1.3933e-04
995.6	1.4632e-04
995.8	1.5366e-04
996.0	1.6136e-04
996.2	1.7181e-04
996.4	1.8383e-04
996.6	1.967e-04
996.8	2.1078e-04
997.0	2.2963e-04
997.2	2.5017e-04
997.4	2.7254e-04
997.6	2.9893e-04
997.8	3.3089e-04
998.0	3.6627e-04
998.2	4.0543e-04
998.4	4.553e-04
998.6	5.135e-04
998.8	5.7914e-04
999.0	6.5311e-04
999.2	7.3591e-04
999.4	8.2921e-04
999.6	9.3434e-04
999.8	0.00103
1000.0	0.0011
1000.2	0.00117
1000.4	0.00125
1000.6	0.00123
1000.8	0.00119
1001.0	0.00115
1001.2	0.00109
1001.4	9.7471e-04
1001.6	8.7027e-04
1001.8	7.7702e-04
1002.0	6.8904e-04
1002.2	6.0695e-04
1002.4	5.3464e-04
1002.6	4.7094e-04
1002.8	4.2043e-04
1003.0	3.7619e-04
1003.2	3.3661e-04
1003.4	3.0197e-04
1003.6	2.7364e-04
1003.8	2.4797e-04
1004.0	2.247e-04
1004.2	2.06e-04
1004.4	1.9061e-04
1004.6	1.7637e-04
1004.8	1.6319e-04
1005.0	1.5344e-04
1005.2	1.4421e-04
1005.4	1.3632e-04
1005.6	1.2947e-04
1005.8	1.2292e-04
1006.0	1.1625e-04
1006.2	1.0994e-04
1006.4	1.0511e-04
1006.6	1.0104e-04
1006.8	9.7175e-05
1007.0	9.3644e-05
1007.2	9.0241e-05
1007.4	8.713e-05
1007.6	8.4169e-05
1007.8	8.1695e-05
1008.0	7.9995e-05
1008.2	7.8331e-05
1008.4	7.6294e-05
1008.6	7.4273e-05
1008.8	7.2664e-05
1009.0	7.1478e-05
1009.2	7.0323e-05
1009.4	6.9495e-05
1009.6	6.8677e-05
1009.8	6.7689e-05
1010.0	6.6599e-05
1010.2	6.5653e-05
1010.4	6.5379e-05
1010.6	6.5106e-05
1010.8	6.5019e-05
1011.0	6.5004e-05
1011.2	6.524e-05
1011.4	6.6112e-05
1011.6	6.6996e-05
1011.8	6.7537e-05
1012.0	6.8017e-05
1012.2	6.8282e-05
1012.4	6.8233e-05
1012.6	6.8184e-05
1012.8	7.0133e-05
1013.0	7.2201e-05
1013.2	7.3652e-05
1013.4	7.4535e-05
1013.6	7.5577e-05
1013.8	7.7999e-05
1014.0	8.0498e-05
1014.2	8.2656e-05
1014.4	8.4649e-05
1014.6	8.6986e-05
1014.8	9.0442e-05
1015.0	9.4036e-05
1015.2	9.7731e-05
1015.4	1.0156e-04
1015.6	1.0585e-04
1015.8	1.1094e-04
1016.0	1.1626e-04
1016.2	1.2307e-04
1016.4	1.304e-04
1016.6	1.3773e-04
1016.8	1.4499e-04
1017.0	1.5275e-04
1017.2	1.6373e-04
1017.4	1.7551e-04
1017.6	1.8888e-04
1017.8	2.038e-04
1018.0	2.201e-04
1018.2	2.3871e-04
1018.4	2.5889e-04
1018.6	2.8421e-04
1018.8	3.1334e-04
1019.0	3.4634e-04
1019.2	3.8508e-04
1019.4	4.2814e-04
1019.6	4.8183e-04
1019.8	5.4322e-04
1020.0	6.174e-04
1020.2	7.0911e-04
1020.4	8.1443e-04
1020.6	9.5596e-04
1020.8	0.00112
1021.0	0.00132
1021.2	0.00157
1021.4	0.00185
1021.6	0.00218
1021.8	0.00256
1022.0	0.00291
1022.2	0.00326
1022.4	0.00355
1022.6	0.00359
1022.8	0.00362
1023.0	0.00335
1023.2	0.00306
1023.4	0.00274
1023.6	0.00238
1023.8	0.00207
1024.0	0.0018
1024.2	0.00156
1024.4	0.00137
1024.6	0.00122
1024.8	0.00108
1025.0	9.8632e-04
1025.2	8.7379e-04
1025.4	7.8598e-04
1025.6	7.217e-04
1025.8	6.6268e-04
1026.0	6.0848e-04
1026.2	5.6301e-04
1026.4	5.2791e-04
1026.6	4.9499e-04
1026.8	4.6413e-04
1027.0	4.373e-04
1027.2	4.1655e-04
1027.4	3.9679e-04
1027.6	3.7797e-04
1027.8	3.6175e-04
1028.0	3.5132e-04
1028.2	3.4118e-04
1028.4	3.3134e-04
1028.6	3.2251e-04
1028.8	3.1707e-04
1029.0	3.1172e-04
1029.2	3.0646e-04
1029.4	3.0165e-04
1029.6	2.9944e-04
1029.8	2.9724e-04
1030.0	2.9506e-04
1030.2	2.9311e-04
1030.4	2.9417e-04
1030.6	2.9523e-04
1030.8	2.963e-04
1031.0	2.9739e-04
1031.2	3.0289e-04
1031.4	3.0849e-04
1031.6	3.1419e-04
1031.8	3.2e-04
1032.0	3.2862e-04
1032.2	3.3762e-04
1032.4	3.4688e-04
1032.6	3.5638e-04
1032.8	3.695e-04
1033.0	3.8354e-04
1033.2	3.9811e-04
1033.4	4.1323e-04
1033.6	4.3436e-04
1033.8	4.5776e-04
1034.0	4.8241e-04
1034.2	5.0839e-04
1034.4	5.4288e-04
1034.6	5.8193e-04
1034.8	6.2379e-04
1035.0	6.6866e-04
1035.2	7.2478e-04
1035.4	7.8902e-04
1035.6	8.5896e-04
1035.8	9.351e-04
1036.0	0.00103
1036.2	0.00114
1036.4	0.00125
1036.6	0.00138
1036.8	0.00154
1037.0	0.00171
1037.2	0.0019
1037.4	0.00211
1037.6	0.0023
1037.8	0.00247
1038.0	0.00265
1038.2	0.00285
1038.4	0.00294
1038.6	0.00291
1038.8	0.00287
1039.0	0.00284
1039.2	0.00271
1039.4	0.00249
1039.6	0.00228
1039.8	0.0021
1040.0	0.0019
1040.2	0.00171
1040.4	0.00153
1040.6	0.00137
1040.8	0.00123
1041.0	0.00111
1041.2	0.001
1041.4	9.0667e-04
1041.6	8.2221e-04
1041.8	7.5336e-04
1042.0	6.9028e-04
1042.2	6.3248e-04
1042.4	5.8161e-04
1042.6	5.413e-04
1042.8	5.0379e-04
1043.0	4.6888e-04
1043.2	4.3733e-04
1043.4	4.1192e-04
1043.6	3.8799e-04
1043.8	3.6545e-04
1044.0	3.4501e-04
1044.2	3.3075e-04
1044.4	3.1707e-04
1044.6	3.0396e-04
1044.8	2.9092e-04
1045.0	2.7322e-04
1045.2	2.6326e-04
1045.4	2.5365e-04
1045.6	2.444e-04
1045.8	2.3681e-04
1046.0	2.3173e-04
1046.2	2.2677e-04
1046.4	2.2191e-04
1046.6	2.1716e-04
1046.8	2.1251e-04
1047.0	2.0796e-04
1047.2	2.0452e-04
1047.4	2.023e-04
1047.6	2.001e-04
1047.8	1.9793e-04
1048.0	1.9578e-04
1048.2	1.9365e-04
1048.4	1.9155e-04
1048.6	1.9058e-04
1048.8	1.9045e-04
1049.0	1.9032e-04
1049.2	1.9019e-04
1049.4	1.9006e-04
1049.6	1.8994e-04
1049.8	1.8981e-04
1050.0	1.9166e-04
1050.2	1.9447e-04
1050.4	1.9733e-04
1050.6	2.0023e-04
1050.8	2.0317e-04
1051.0	2.0616e-04
1051.2	2.0918e-04
1051.4	2.1319e-04
1051.6	2.1752e-04
1051.8	2.2194e-04
1052.0	2.2646e-04
1052.2	2.3106e-04
1052.4	2.3576e-04
1052.6	2.4055e-04
1052.8	2.4884e-04
1053.0	2.5781e-04
1053.2	2.6711e-04
1053.4	2.7673e-04
1053.6	2.8671e-04
1053.8	2.9704e-04
1054.0	3.078e-04
1054.2	3.2258e-04
1054.4	3.3805e-04
1054.6	3.5428e-04
1054.8	3.7128e-04
1055.0	3.8909e-04
1055.2	4.0776e-04
1055.4	4.2827e-04
1055.6	4.5677e-04
1055.8	4.8716e-04
1056.0	5.1958e-04
1056.2	5.5416e-04
1056.4	5.9103e-04
1056.6	6.3037e-04
1056.8	6.7473e-04
1057.0	7.3024e-04
1057.2	7.9033e-04
1057.4	8.5535e-04
1057.6	9.2573e-04
1057.8	0.001
1058.0	0.00108
1058.2	0.00118
1058.4	0.00128
1058.6	0.00139
1058.8	0.00151
1059.0	0.00164
1059.2	0.00179
1059.4	0.00194
1059.6	0.00208
1059.8	0.00219
1060.0	0.0023
1060.2	0.00242
1060.4	0.00255
1060.6	0.00268
1060.8	0.00282
1061.0	0.00285
1061.2	0.00279
1061.4	0.00273
1061.6	0.00268
1061.8	0.00262
1062.0	0.00257
1062.2	0.00252
1062.4	0.0024
1062.6	0.00226
1062.8	0.00213
1063.0	0.00201
1063.2	0.0019
1063.4	0.00179
1063.6	0.00169
1063.8	0.00159
1064.0	0.00149
1064.2	0.00141
1064.4	0.00132
1064.6	0.00125
1064.8	0.00117
1065.0	0.0011
1065.2	0.00106
1065.4	0.00102
1065.6	9.7557e-04
1065.8	9.3622e-04
1066.0	8.9845e-04
1066.2	8.6222e-04
1066.4	8.2744e-04
1066.6	7.9406e-04
1066.8	7.7528e-04
1067.0	7.5889e-04
1067.2	7.4285e-04
1067.4	7.2714e-04
1067.6	7.1177e-04
1067.8	6.9672e-04
1068.0	6.8199e-04
1068.2	6.6758e-04
1068.4	6.6193e-04
1068.6	6.5879e-04
1068.8	6.5567e-04
1069.0	6.5256e-04
1069.2	6.4946e-04
1069.4	6.4638e-04
1069.6	6.4332e-04
1069.8	6.4027e-04
1070.0	6.4375e-04
1070.2	6.5036e-04
1070.4	6.5703e-04
1070.6	6.6377e-04
1070.8	6.7058e-04
1071.0	6.7746e-04
1071.2	6.8442e-04
1071.4	6.9144e-04
1071.6	7.045e-04
1071.8	7.2216e-04
1072.0	7.4026e-04
1072.2	7.5881e-04
1072.4	7.7782e-04
1072.6	7.9732e-04
1072.8	8.173e-04
1073.0	8.3778e-04
1073.2	8.6552e-04
1073.4	9.0149e-04
1073.6	9.3896e-04
1073.8	9.7798e-04
1074.0	0.00102
1074.2	0.00106
1074.4	0.00111
1074.6	0.00115
1074.8	0.00121
1075.0	0.00128
1075.2	0.00136
1075.4	0.00144
1075.6	0.00153
1075.8	0.00162
1076.0	0.00172
1076.2	0.00182
1076.4	0.00194
1076.6	0.00209
1076.8	0.00225
1077.0	0.00242
1077.2	0.0026
1077.4	0.0028
1077.6	0.00301
1077.8	0.00324
1078.0	0.00348
1078.2	0.00371
1078.4	0.00396
1078.6	0.00423
1078.8	0.00452
1079.0	0.00483
1079.2	0.00516
1079.4	0.00551
1079.6	0.00583
1079.8	0.00585
1080.0	0.00588
1080.2	0.0059
1080.4	0.00592
1080.6	0.00595
1080.8	0.00597
1081.0	0.00599
1081.2	0.006
1081.4	0.00568
1081.6	0.00537
1081.8	0.00509
1082.0	0.00481
1082.2	0.00456
1082.4	0.00431
1082.6	0.00408
1082.8	0.00386
1083.0	0.00364
1083.2	0.00343
1083.4	0.00323
1083.6	0.00305
1083.8	0.00287
1084.0	0.00271
1084.2	0.00255
1084.4	0.0024
1084.6	0.00229
1084.8	0.00219
1085.0	0.0021
1085.2	0.002
1085.4	0.00191
1085.6	0.00183
1085.8	0.00175
1086.0	0.00167
1086.2	0.00162
1086.4	0.00157
1086.6	0.00153
1086.8	0.00148
1087.0	0.00144
1087.2	0.0014
1087.4	0.00136
1087.6	0.00132
1087.8	0.0013
1088.0	0.00128
1088.2	0.00126
1088.4	0.00124
1088.6	0.00122
1088.8	0.0012
1089.0	0.00119
1089.2	0.00117
1089.4	0.00113
1089.6	0.00109
1089.8	0.00105
1090.0	0.001
1090.2	0.00102
1090.4	0.00103
1090.6	0.00105
1090.8	0.00106
1091.0	0.00107
1091.2	0.00109
1091.4	0.0011
1091.6	0.00111
1091.8	0.00112
1092.0	0.00114
1092.2	0.00115
1092.4	0.00116
1092.6	0.00118
1092.8	0.00119
1093.0	0.00122
1093.2	0.00125
1093.4	0.00128
1093.6	0.00131
1093.8	0.00134
1094.0	0.00137
1094.2	0.00141
1094.4	0.00144
1094.6	0.00147
1094.8	0.00151
1095.0	0.00157
1095.2	0.00163
1095.4	0.00169
1095.6	0.00176
1095.8	0.00183
1096.0	0.00189
1096.2	0.00197
1096.4	0.00204
1096.6	0.00212
1096.8	0.00221
1097.0	0.00232
1097.2	0.00243
1097.4	0.00255
1097.6	0.00268
1097.8	0.00281
1098.0	0.00295
1098.2	0.00309
1098.4	0.00324
1098.6	0.0034
1098.8	0.00356
1099.0	0.00372
1099.2	0.00389
1099.4	0.00406
1099.6	0.00425
1099.8	0.00444
1100.0	0.00464
1100.2	0.00485
1100.4	0.00507
1100.6	0.00528
1100.8	0.00533
1101.0	0.00538
1101.2	0.00543
1101.4	0.00548
1101.6	0.00553
1101.8	0.00559
1102.0	0.00564
1102.2	0.00569
1102.4	0.00575
1102.6	0.00571
1102.8	0.00554
1103.0	0.00538
1103.2	0.00522
1103.4	0.00507
1103.6	0.00492
1103.8	0.00478
1104.0	0.00464
1104.2	0.0045
1104.4	0.00437
1104.6	0.0042
1104.8	0.00402
1105.0	0.00385
1105.2	0.00369
1105.4	0.00353
1105.6	0.00338
1105.8	0.00324
1106.0	0.0031
1106.2	0.00297
1106.4	0.00285
1106.6	0.00274
1106.8	0.00265
1107.0	0.00255
1107.2	0.00246
1107.4	0.00237
1107.6	0.00229
1107.8	0.00221
1108.0	0.00213
1108.2	0.00205
1108.4	0.00199
1108.6	0.00194
1108.8	0.00189
1109.0	0.00184
1109.2	0.0018
1109.4	0.00175
1109.6	0.00171
1109.8	0.00166
1110.0	0.00162
1110.2	0.00158
1110.4	0.00156
1110.6	0.00153
1110.8	0.00151
1111.0	0.00149
1111.2	0.00147
1111.4	0.00144
1111.6	0.00142
1111.8	0.0014
1112.0	0.00138
1112.2	0.00136
1112.4	0.00135
1112.6	0.00134
1112.8	0.00134
1113.0	0.00133
1113.2	0.00132
1113.4	0.00131
1113.6	0.0013
1113.8	0.00129
1114.0	0.00129
1114.2	0.00128
1114.4	0.00129
1114.6	0.00129
1114.8	0.0013
1115.0	0.00131
1115.2	0.00131
1115.4	0.00132
1115.6	0.00132
1115.8	0.00133
1116.0	0.00133
1116.2	0.00135
1116.4	0.00137
1116.6	0.00138
1116.8	0.0014
1117.0	0.00142
1117.2	0.00144
1117.4	0.00145
1117.6	0.00147
1117.8	0.00149
1118.0	0.00151
1118.2	0.00155
1118.4	0.00158
1118.6	0.00161
1118.8	0.00165
1119.0	0.00169
1119.2	0.00172
1119.4	0.00176
1119.6	0.0018
1119.8	0.00184
1120.0	0.00188
1120.2	0.00192
1120.4	0.00196
1120.6	0.002
1120.8	0.00204
1121.0	0.00208
1121.2	0.00215
1121.4	0.00223
1121.6	0.00231
1121.8	0.00239
1122.0	0.00248
1122.2	0.00257
1122.4	0.00267
1122.6	0.00278
1122.8	0.00289
1123.0	0.00301
1123.2	0.00314
1123.4	0.00328
1123.6	0.00343
1123.8	0.00358
1124.0	0.00374
1124.2	0.00392
1124.4	0.00411
1124.6	0.00432
1124.8	0.00453
1125.0	0.00475
1125.2	0.005
1125.4	0.00527
1125.6	0.00555
1125.8	0.00585
1126.0	0.00616
1126.2	0.00647
1126.4	0.0068
1126.6	0.00715
1126.8	0.00752
1127.0	0.0079
1127.2	0.00822
1127.4	0.00855
1127.6	0.00889
1127.8	0.00924
1128.0	0.0096
1128.2	0.00978
1128.4	0.00997
1128.6	0.01015
1128.8	0.01034
1129.0	0.01052
1129.2	0.01044
1129.4	0.01036
1129.6	0.01029
1129.8	0.01021
1130.0	0.01013
1130.2	0.00987
1130.4	0.00961
1130.6	0.00936
1130.8	0.00912
1131.0	0.00888
1131.2	0.00856
1131.4	0.00824
1131.6	0.00794
1131.8	0.00765
1132.0	0.00737
1132.2	0.00709
1132.4	0.00682
1132.6	0.00657
1132.8	0.00632
1133.0	0.00608
1133.2	0.00586
1133.4	0.00565
1133.6	0.00544
1133.8	0.00524
1134.0	0.00505
1134.2	0.0049
1134.4	0.00475
1134.6	0.0046
1134.8	0.00446
1135.0	0.00432
1135.2	0.00421
1135.4	0.0041
1135.6	0.00399
1135.8	0.00389
1136.0	0.00379
1136.2	0.00372
1136.4	0.00366
1136.6	0.0036
1136.8	0.00353
1137.0	0.00347
1137.2	0.00341
1137.4	0.00336
1137.6	0.0033
1137.8	0.00325
1138.0	0.0032
1138.2	0.00316
1138.4	0.00312
1138.6	0.00308
1138.8	0.00304
1139.0	0.00301
1139.2	0.00301
1139.4	0.00302
1139.6	0.00302
1139.8	0.00303
1140.0	0.00303
1140.2	0.00303
1140.4	0.00304
1140.6	0.00304
1140.8	0.00304
1141.0	0.00304
1141.2	0.00305
1141.4	0.00307
1141.6	0.00308
1141.8	0.00309
1142.0	0.00311
1142.2	0.00315
1142.4	0.0032
1142.6	0.00325
1142.8	0.0033
1143.0	0.00334
1143.2	0.0034
1143.4	0.00346
1143.6	0.00351
1143.8	0.00357
1144.0	0.00363
1144.2	0.00371
1144.4	0.0038
1144.6	0.00389
1144.8	0.00398
1145.0	0.00407
1145.2	0.00417
1145.4	0.00427
1145.6	0.00438
1145.8	0.00449
1146.0	0.0046
1146.2	0.00475
1146.4	0.0049
1146.6	0.00505
1146.8	0.00521
1147.0	0.00538
1147.2	0.00556
1147.4	0.00574
1147.6	0.00593
1147.8	0.00613
1148.0	0.00633
1148.2	0.00657
1148.4	0.00682
1148.6	0.00707
1148.8	0.00733
1149.0	0.00761
1149.2	0.00786
1149.4	0.00813
1149.6	0.0084
1149.8	0.00869
1150.0	0.00898
1150.2	0.00922
1150.4	0.00946
1150.6	0.00972
1150.8	0.00998
1151.0	0.01024
1151.2	0.01043
1151.4	0.01063
1151.6	0.01082
1151.8	0.01102
1152.0	0.01122
1152.2	0.01125
1152.4	0.01127
1152.6	0.0113
1152.8	0.01132
1153.0	0.01134
1153.2	0.0112
1153.4	0.01107
1153.6	0.01093
1153.8	0.0108
1154.0	0.01066
1154.2	0.01045
1154.4	0.01024
1154.6	0.01004
1154.8	0.00984
1155.0	0.00964
1155.2	0.00939
1155.4	0.00915
1155.6	0.00892
1155.8	0.00869
1156.0	0.00846
1156.2	0.00824
1156.4	0.00803
1156.6	0.00782
1156.8	0.00761
1157.0	0.00741
1157.2	0.00723
1157.4	0.00706
1157.6	0.00689
1157.8	0.00672
1158.0	0.00656
1158.2	0.00643
1158.4	0.0063
1158.6	0.00617
1158.8	0.00605
1159.0	0.00592
1159.2	0.00581
1159.4	0.0057
1159.6	0.0056
1159.8	0.00549
1160.0	0.00539
1160.2	0.00532
1160.4	0.00525
1160.6	0.00518
1160.8	0.00511
1161.0	0.00504
1161.2	0.005
1161.4	0.00497
1161.6	0.00494
1161.8	0.0049
1162.0	0.00487
1162.2	0.00486
1162.4	0.00484
1162.6	0.00483
1162.8	0.00481
1163.0	0.0048
1163.2	0.00479
1163.4	0.00478
1163.6	0.00478
1163.8	0.00477
1164.0	0.00477
1164.2	0.0048
1164.4	0.00483
1164.6	0.00486
1164.8	0.00489
1165.0	0.00492
1165.2	0.00498
1165.4	0.00503
1165.6	0.00509
1165.8	0.00515
1166.0	0.00521
1166.2	0.00529
1166.4	0.00538
1166.6	0.00546
1166.8	0.00555
1167.0	0.00564
1167.2	0.00576
1167.4	0.00587
1167.6	0.00599
1167.8	0.00611
1168.0	0.00623
1168.2	0.00636
1168.4	0.00649
1168.6	0.00662
1168.8	0.00676
1169.0	0.0069
1169.2	0.00709
1169.4	0.00728
1169.6	0.00749
1169.8	0.0077
1170.0	0.00791
1170.2	0.00814
1170.4	0.00837
1170.6	0.00861
1170.8	0.00886
1171.0	0.00912
1171.2	0.0094
1171.4	0.00969
1171.6	0.00999
1171.8	0.0103
1172.0	0.01062
1172.2	0.01091
1172.4	0.01122
1172.6	0.01153
1172.8	0.01186
1173.0	0.01219
1173.2	0.01251
1173.4	0.01284
1173.6	0.01317
1173.8	0.01352
1174.0	0.01387
1174.2	0.01415
1174.4	0.01443
1174.6	0.01471
1174.8	0.015
1175.0	0.01529
1175.2	0.01543
1175.4	0.01558
1175.6	0.01572
1175.8	0.01587
1176.0	0.01601
1176.2	0.01601
1176.4	0.01601
1176.6	0.01602
1176.8	0.01602
1177.0	0.01602
1177.2	0.01588
1177.4	0.01574
1177.6	0.0156
1177.8	0.01546
1178.0	0.01532
1178.2	0.01509
1178.4	0.01486
1178.6	0.01464
1178.8	0.01441
1179.0	0.0142
1179.2	0.01397
1179.4	0.01374
1179.6	0.01352
1179.8	0.0133
1180.0	0.01308
1180.2	0.01285
1180.4	0.01262
1180.6	0.01239
1180.8	0.01217
1181.0	0.01196
1181.2	0.01178
1181.4	0.0116
1181.6	0.01142
1181.8	0.01125
1182.0	0.01108
1182.2	0.01094
1182.4	0.01081
1182.6	0.01067
1182.8	0.01054
1183.0	0.01042
1183.2	0.01034
1183.4	0.01026
1183.6	0.01018
1183.8	0.0101
1184.0	0.01002
1184.2	0.00997
1184.4	0.00992
1184.6	0.00987
1184.8	0.00982
1185.0	0.00978
1185.2	0.00978
1185.4	0.00978
1185.6	0.00979
1185.8	0.00979
1186.0	0.0098
1186.2	0.00985
1186.4	0.0099
1186.6	0.00995
1186.8	0.01
1187.0	0.01006
1187.2	0.01016
1187.4	0.01026
1187.6	0.01036
1187.8	0.01047
1188.0	0.01057
1188.2	0.01074
1188.4	0.01091
1188.6	0.01108
1188.8	0.01126
1189.0	0.01144
1189.2	0.01167
1189.4	0.01191
1189.6	0.01215
1189.8	0.0124
1190.0	0.01265
1190.2	0.01299
1190.4	0.01333
1190.6	0.01368
1190.8	0.01404
1191.0	0.01441
1191.2	0.01491
1191.4	0.01542
1191.6	0.01595
1191.8	0.01649
1192.0	0.01706
1192.2	0.01775
1192.4	0.01847
1192.6	0.01922
1192.8	0.01999
1193.0	0.02081
1193.2	0.0218
1193.4	0.02283
1193.6	0.02392
1193.8	0.02505
1194.0	0.02625
1194.2	0.02782
1194.4	0.02948
1194.6	0.03125
1194.8	0.03311
1195.0	0.0351
1195.2	0.0374
1195.4	0.03985
1195.6	0.04246
1195.8	0.04524
1196.0	0.04822
1196.2	0.05202
1196.4	0.05612
1196.6	0.06055
1196.8	0.06532
1197.0	0.07048
1197.2	0.0765
1197.4	0.08303
1197.6	0.09012
1197.8	0.09782
1198.0	0.10614
1198.2	0.11442
1198.4	0.12335
1198.6	0.13298
1198.8	0.14336
1199.0	0.15445
1199.2	0.16186
1199.4	0.16964
1199.6	0.17778
1199.8	0.18632
1200.0	0.19526
