Typical Measured Spectrum of Semrock FF01-532/3 Optical Filter	
For wavelengths between 320 and 1120 nm, values near or below 3e-7 (Optical Density 6.5) are measurement noise limited.
For wavelengths < 320 nm and > 1120 nm, values near or below 3e-6 (Optical Density 5.5) are measurement noise limited. 
Data format:  Wavelength (nm) <tab> Transmission (0 to 1)
265.0	7.7139e-07
265.2	7.6244e-07
265.4	7.5359e-07
265.6	7.4484e-07
265.8	7.362e-07
266.0	7.2765e-07
266.2	7.1921e-07
266.4	7.1086e-07
266.6	7.0261e-07
266.8	6.9445e-07
267.0	6.8639e-07
267.2	6.792e-07
267.4	6.7224e-07
267.6	6.6535e-07
267.8	6.5854e-07
268.0	6.5179e-07
268.2	6.4511e-07
268.4	6.385e-07
268.6	6.3195e-07
268.8	6.2548e-07
269.0	6.1907e-07
269.2	6.1272e-07
269.4	6.0645e-07
269.6	6.0023e-07
269.8	5.9408e-07
270.0	5.8799e-07
270.2	5.8197e-07
270.4	5.76e-07
270.6	5.701e-07
270.8	5.7198e-07
271.0	6.2383e-07
271.2	6.8039e-07
271.4	7.4207e-07
271.6	8.0935e-07
271.8	8.8273e-07
272.0	9.6275e-07
272.2	1.05e-06
272.4	1.1452e-06
272.6	1.2491e-06
272.8	1.3623e-06
273.0	1.4858e-06
273.2	1.6205e-06
273.4	1.7674e-06
273.6	1.9276e-06
273.8	2.1024e-06
274.0	2.293e-06
274.2	2.5009e-06
274.4	2.7276e-06
274.6	2.0324e-06
274.8	9.6834e-07
275.0	4.6136e-07
275.2	4.5771e-07
275.4	4.5409e-07
275.6	4.501e-07
275.8	4.4552e-07
276.0	4.4098e-07
276.2	4.3649e-07
276.4	4.3204e-07
276.6	4.2764e-07
276.8	4.2328e-07
277.0	4.1897e-07
277.2	4.147e-07
277.4	4.1047e-07
277.6	4.0629e-07
277.8	4.0215e-07
278.0	3.9805e-07
278.2	3.94e-07
278.4	3.8998e-07
278.6	3.8601e-07
278.8	3.8208e-07
279.0	3.7818e-07
279.2	3.7433e-07
279.4	3.695e-07
279.6	3.643e-07
279.8	3.5919e-07
280.0	3.5414e-07
280.2	3.4916e-07
280.4	3.4426e-07
280.6	3.3942e-07
280.8	3.3465e-07
281.0	3.2995e-07
281.2	3.2532e-07
281.4	3.2075e-07
281.6	3.1624e-07
281.8	3.118e-07
282.0	3.0742e-07
282.2	3.031e-07
282.4	2.9884e-07
282.6	2.9464e-07
282.8	2.905e-07
283.0	2.878e-07
283.2	3.2551e-07
283.4	3.6815e-07
283.6	4.1639e-07
283.8	4.7095e-07
284.0	5.3265e-07
284.2	6.0244e-07
284.4	6.8137e-07
284.6	7.7065e-07
284.8	8.7162e-07
285.0	9.8582e-07
285.2	5.4953e-07
285.4	3.0632e-07
285.6	2.5128e-07
285.8	2.9237e-07
286.0	3.4019e-07
286.2	3.9582e-07
286.4	4.6056e-07
286.6	5.3588e-07
286.8	6.2351e-07
287.0	7.2548e-07
287.2	8.4413e-07
287.4	9.8218e-07
287.6	1.1428e-06
287.8	1.3297e-06
288.0	1.5472e-06
288.2	1.8002e-06
288.4	2.0946e-06
288.6	2.4371e-06
288.8	2.8357e-06
289.0	3.2995e-06
289.2	3.8391e-06
289.4	3.6111e-06
289.6	3.2812e-06
289.8	2.9814e-06
290.0	2.7089e-06
290.2	2.4614e-06
290.4	2.2365e-06
290.6	2.0321e-06
290.8	1.8465e-06
291.0	1.6777e-06
291.2	1.5244e-06
291.4	1.3851e-06
291.6	1.2586e-06
291.8	1.1436e-06
292.0	1.0391e-06
292.2	9.4413e-07
292.4	8.5786e-07
292.6	7.7947e-07
292.8	7.0825e-07
293.0	6.5375e-07
293.2	6.4145e-07
293.4	6.2939e-07
293.6	6.1755e-07
293.8	6.0594e-07
294.0	5.9454e-07
294.2	5.8336e-07
294.4	5.7238e-07
294.6	5.6162e-07
294.8	5.5105e-07
295.0	5.4069e-07
295.2	5.8107e-07
295.4	6.2446e-07
295.6	6.7109e-07
295.8	7.212e-07
296.0	7.7505e-07
296.2	8.3293e-07
296.4	8.9513e-07
296.6	9.6197e-07
296.8	1.0338e-06
297.0	1.111e-06
297.2	1.194e-06
297.4	1.2831e-06
297.6	1.3789e-06
297.8	1.4819e-06
298.0	1.5634e-06
298.2	1.449e-06
298.4	1.343e-06
298.6	1.2447e-06
298.8	1.1536e-06
299.0	1.0692e-06
299.2	9.9096e-07
299.4	9.1845e-07
299.6	8.5125e-07
299.8	7.8896e-07
300.0	7.3123e-07
300.2	6.7773e-07
300.4	6.2814e-07
300.6	5.8217e-07
300.8	5.3957e-07
301.0	5.0009e-07
301.2	4.635e-07
301.4	4.2959e-07
301.6	3.9815e-07
301.8	3.9137e-07
302.0	4.1054e-07
302.2	4.3065e-07
302.4	4.5175e-07
302.6	4.7388e-07
302.8	4.9709e-07
303.0	5.2144e-07
303.2	5.4698e-07
303.4	5.7377e-07
303.6	6.0188e-07
303.8	6.3136e-07
304.0	6.6229e-07
304.2	6.9473e-07
304.4	7.2876e-07
304.6	7.6445e-07
304.8	8.019e-07
305.0	8.4118e-07
305.2	9.1195e-07
305.4	9.8867e-07
305.6	1.0217e-06
305.8	8.9515e-07
306.0	7.8429e-07
306.2	6.8715e-07
306.4	6.0205e-07
306.6	5.2748e-07
306.8	4.6215e-07
307.0	4.0492e-07
307.2	3.5477e-07
307.4	3.1083e-07
307.6	2.7233e-07
307.8	2.386e-07
308.0	2.0905e-07
308.2	1.8316e-07
308.4	1.6048e-07
308.6	1.406e-07
308.8	1.2319e-07
309.0	1.0793e-07
309.2	9.4563e-08
309.4	8.9121e-08
309.6	8.8743e-08
309.8	8.8366e-08
310.0	8.7991e-08
310.2	8.7618e-08
310.4	8.7247e-08
310.6	8.6876e-08
310.8	8.6508e-08
311.0	8.6141e-08
311.2	8.5776e-08
311.4	8.5412e-08
311.6	8.5049e-08
311.8	8.4689e-08
312.0	8.4329e-08
312.2	8.3972e-08
312.4	8.3615e-08
312.6	8.3261e-08
312.8	8.2908e-08
313.0	8.2556e-08
313.2	8.8002e-08
313.4	9.4328e-08
313.6	1.0111e-07
313.8	1.0837e-07
314.0	1.1616e-07
314.2	1.2451e-07
314.4	1.3346e-07
314.6	1.4306e-07
314.8	1.5334e-07
315.0	1.6436e-07
315.2	1.7617e-07
315.4	1.8884e-07
315.6	2.0241e-07
315.8	2.1696e-07
316.0	2.3255e-07
316.2	2.4927e-07
316.4	2.6719e-07
316.6	2.8639e-07
316.8	2.943e-07
317.0	2.7207e-07
317.2	2.5152e-07
317.4	2.3252e-07
317.6	2.1495e-07
317.8	1.9871e-07
318.0	1.837e-07
318.2	1.6983e-07
318.4	1.57e-07
318.6	1.4514e-07
318.8	1.3417e-07
319.0	1.2404e-07
319.2	1.1467e-07
319.4	1.0601e-07
319.6	9.7998e-08
319.8	9.0595e-08
320.0	8.3751e-08
320.2	7.7425e-08
320.4	7.1576e-08
320.6	7.5841e-08
320.8	8.6348e-08
321.0	9.8311e-08
321.2	1.1193e-07
321.4	1.2744e-07
321.6	1.4509e-07
321.8	1.652e-07
322.0	1.8808e-07
322.2	2.1414e-07
322.4	2.438e-07
322.6	2.7758e-07
322.8	3.1604e-07
323.0	3.5982e-07
323.2	4.0967e-07
323.4	4.6643e-07
323.6	5.3105e-07
323.8	6.0462e-07
324.0	6.8838e-07
324.2	7.773e-07
324.4	6.7177e-07
324.6	5.8057e-07
324.8	5.0176e-07
325.0	4.3364e-07
325.2	3.7477e-07
325.4	3.2389e-07
325.6	2.7992e-07
325.8	2.4192e-07
326.0	2.0908e-07
326.2	1.8069e-07
326.4	1.5616e-07
326.6	1.3496e-07
326.8	1.1664e-07
327.0	1.008e-07
327.2	8.712e-08
327.4	7.5293e-08
327.6	6.5071e-08
327.8	5.6237e-08
328.0	5.1401e-08
328.2	5.0839e-08
328.4	5.0284e-08
328.6	4.9734e-08
328.8	4.919e-08
329.0	4.8652e-08
329.2	4.812e-08
329.4	4.7594e-08
329.6	4.7074e-08
329.8	4.6559e-08
330.0	4.605e-08
330.2	4.5547e-08
330.4	4.5049e-08
330.6	4.4557e-08
330.8	4.4069e-08
331.0	4.3588e-08
331.2	4.3111e-08
331.4	4.264e-08
331.6	4.2174e-08
331.8	4.6258e-08
332.0	5.2024e-08
332.2	5.8509e-08
332.4	6.5803e-08
332.6	7.4005e-08
332.8	8.3231e-08
333.0	9.3606e-08
333.2	1.0527e-07
333.4	1.184e-07
333.6	1.3316e-07
333.8	1.4976e-07
334.0	1.6842e-07
334.2	1.8942e-07
334.4	2.1303e-07
334.6	2.3959e-07
334.8	2.6945e-07
335.0	3.0304e-07
335.2	1.3745e-07
335.4	6.2345e-08
335.6	3.5882e-08
335.8	3.5534e-08
336.0	3.5189e-08
336.2	3.4847e-08
336.4	3.4509e-08
336.6	3.4174e-08
336.8	3.3842e-08
337.0	3.3514e-08
337.2	3.3188e-08
337.4	3.2866e-08
337.6	3.2547e-08
337.8	3.2231e-08
338.0	3.1918e-08
338.2	3.1608e-08
338.4	3.1301e-08
338.6	3.0997e-08
338.8	3.0696e-08
339.0	3.0398e-08
339.2	3.0103e-08
339.4	2.9863e-08
339.6	2.9649e-08
339.8	2.9436e-08
340.0	2.9225e-08
340.2	2.9015e-08
340.4	2.8807e-08
340.6	2.86e-08
340.8	2.8394e-08
341.0	2.819e-08
341.2	2.7988e-08
341.4	2.7787e-08
341.6	2.7587e-08
341.8	2.7389e-08
342.0	2.7193e-08
342.2	2.6997e-08
342.4	2.6804e-08
342.6	2.6611e-08
342.8	2.642e-08
343.0	2.6475e-08
343.2	2.9514e-08
343.4	3.2902e-08
343.6	3.6679e-08
343.8	4.089e-08
344.0	4.5585e-08
344.2	5.0818e-08
344.4	5.6652e-08
344.6	6.3156e-08
344.8	7.0406e-08
345.0	7.8489e-08
345.2	8.7499e-08
345.4	9.7545e-08
345.6	1.0874e-07
345.8	1.2123e-07
346.0	1.3514e-07
346.2	1.5066e-07
346.4	1.6795e-07
346.6	1.8724e-07
346.8	1.8772e-07
347.0	1.6815e-07
347.2	1.5063e-07
347.4	1.3493e-07
347.6	1.2086e-07
347.8	1.0826e-07
348.0	9.6979e-08
348.2	8.6871e-08
348.4	7.7816e-08
348.6	6.9705e-08
348.8	6.2439e-08
349.0	5.5931e-08
349.2	5.0101e-08
349.4	4.4879e-08
349.6	4.0201e-08
349.8	3.601e-08
350.0	3.2257e-08
350.2	2.8895e-08
350.4	2.5883e-08
350.6	2.8572e-08
350.8	3.2366e-08
351.0	3.6664e-08
351.2	4.1532e-08
351.4	4.7046e-08
351.6	5.3293e-08
351.8	6.0369e-08
352.0	6.8385e-08
352.2	7.7465e-08
352.4	8.7751e-08
352.6	9.9403e-08
352.8	1.126e-07
353.0	1.2755e-07
353.2	1.4449e-07
353.4	1.6367e-07
353.6	1.8541e-07
353.8	2.1003e-07
354.0	2.3791e-07
354.2	2.5885e-07
354.4	2.5747e-07
354.6	2.5609e-07
354.8	2.5472e-07
355.0	2.5335e-07
355.2	2.52e-07
355.4	2.5065e-07
355.6	2.493e-07
355.8	2.4797e-07
356.0	2.4664e-07
356.2	2.4532e-07
356.4	2.4401e-07
356.6	2.427e-07
356.8	2.414e-07
357.0	2.4011e-07
357.2	2.3882e-07
357.4	2.3754e-07
357.6	2.3627e-07
357.8	2.35e-07
358.0	2.1658e-07
358.2	1.9419e-07
358.4	1.7411e-07
358.6	1.5611e-07
358.8	1.3997e-07
359.0	1.255e-07
359.2	1.1252e-07
359.4	1.0089e-07
359.6	9.046e-08
359.8	8.1107e-08
360.0	7.2722e-08
360.2	6.5203e-08
360.4	5.8462e-08
360.6	5.2418e-08
360.8	4.6998e-08
361.0	4.2139e-08
361.2	3.7782e-08
361.4	3.3876e-08
361.6	3.1213e-08
361.8	3.3015e-08
362.0	3.4921e-08
362.2	3.6937e-08
362.4	3.9069e-08
362.6	4.1325e-08
362.8	4.3711e-08
363.0	4.6234e-08
363.2	4.8903e-08
363.4	5.1726e-08
363.6	5.4712e-08
363.8	5.7871e-08
364.0	6.1211e-08
364.2	6.4745e-08
364.4	6.8483e-08
364.6	7.2436e-08
364.8	7.6618e-08
365.0	8.1041e-08
365.2	7.1809e-08
365.4	6.363e-08
365.6	5.6382e-08
365.8	4.9959e-08
366.0	4.4269e-08
366.2	3.9226e-08
366.4	3.4758e-08
366.6	3.0799e-08
366.8	2.7291e-08
367.0	2.4897e-08
367.2	2.4849e-08
367.4	2.4802e-08
367.6	2.4754e-08
367.8	2.4706e-08
368.0	2.4659e-08
368.2	2.4611e-08
368.4	2.4564e-08
368.6	2.4516e-08
368.8	2.4469e-08
369.0	2.4422e-08
369.2	2.4375e-08
369.4	2.4328e-08
369.6	2.4281e-08
369.8	2.4234e-08
370.0	2.4188e-08
370.2	2.4141e-08
370.4	2.4095e-08
370.6	2.4048e-08
370.8	2.5938e-08
371.0	2.9117e-08
371.2	3.2685e-08
371.4	3.669e-08
371.6	4.1186e-08
371.8	4.6234e-08
372.0	5.1899e-08
372.2	5.826e-08
372.4	6.5399e-08
372.6	7.3413e-08
372.8	8.241e-08
373.0	9.2509e-08
373.2	1.0385e-07
373.4	1.1657e-07
373.6	1.3086e-07
373.8	1.4689e-07
374.0	1.6489e-07
374.2	1.851e-07
374.4	2.0654e-07
374.6	2.1512e-07
374.8	2.2406e-07
375.0	2.3336e-07
375.2	2.4306e-07
375.4	2.5315e-07
375.6	2.6367e-07
375.8	2.7462e-07
376.0	2.8602e-07
376.2	2.979e-07
376.4	3.1027e-07
376.6	3.2316e-07
376.8	3.3658e-07
377.0	3.5056e-07
377.2	3.6512e-07
377.4	3.8029e-07
377.6	3.9608e-07
377.8	4.1253e-07
378.0	4.2967e-07
378.2	4.0296e-07
378.4	3.4168e-07
378.6	2.8973e-07
378.8	2.4567e-07
379.0	2.0832e-07
379.2	1.7664e-07
379.4	1.4978e-07
379.6	1.27e-07
379.8	1.0769e-07
380.0	9.1317e-08
380.2	7.7432e-08
380.4	6.5658e-08
380.6	5.5674e-08
380.8	4.7208e-08
381.0	4.003e-08
381.2	3.3943e-08
381.4	2.8782e-08
381.6	2.4405e-08
381.8	2.0694e-08
382.0	2.6147e-08
382.2	3.3738e-08
382.4	4.3532e-08
382.6	5.617e-08
382.8	7.2476e-08
383.0	9.3516e-08
383.2	1.2066e-07
383.4	1.5569e-07
383.6	2.0089e-07
383.8	2.5921e-07
384.0	3.3446e-07
384.2	4.3156e-07
384.4	5.5685e-07
384.6	7.185e-07
384.8	9.2709e-07
385.0	1.1962e-06
385.2	1.5435e-06
385.4	1.9916e-06
385.6	2.224e-06
385.8	1.9905e-06
386.0	1.7816e-06
386.2	1.5945e-06
386.4	1.4271e-06
386.6	1.2773e-06
386.8	1.1432e-06
387.0	1.0232e-06
387.2	9.1575e-07
387.4	8.1961e-07
387.6	7.3356e-07
387.8	6.5655e-07
388.0	5.8762e-07
388.2	5.2593e-07
388.4	4.7071e-07
388.6	4.2129e-07
388.8	3.7706e-07
389.0	3.3748e-07
389.2	3.0204e-07
389.4	2.4673e-07
389.6	1.9819e-07
389.8	1.5921e-07
390.0	1.2789e-07
390.2	1.0273e-07
390.4	8.2522e-08
390.6	6.6289e-08
390.8	5.3249e-08
391.0	4.2774e-08
391.2	3.436e-08
391.4	2.7601e-08
391.6	2.2171e-08
391.8	1.781e-08
392.0	1.4307e-08
392.2	1.4155e-08
392.4	1.4005e-08
392.6	1.3856e-08
392.8	1.371e-08
393.0	1.5079e-08
393.2	1.7134e-08
393.4	1.9469e-08
393.6	2.2122e-08
393.8	2.5137e-08
394.0	2.8562e-08
394.2	3.2455e-08
394.4	3.6877e-08
394.6	4.1903e-08
394.8	4.7613e-08
395.0	5.4101e-08
395.2	6.1474e-08
395.4	6.9851e-08
395.6	7.937e-08
395.8	9.0186e-08
396.0	1.0248e-07
396.2	1.1644e-07
396.4	1.3231e-07
396.6	1.4573e-07
396.8	1.4277e-07
397.0	1.3987e-07
397.2	1.3702e-07
397.4	1.3424e-07
397.6	1.3151e-07
397.8	1.2884e-07
398.0	1.2622e-07
398.2	1.2365e-07
398.4	1.2114e-07
398.6	1.1868e-07
398.8	1.1627e-07
399.0	1.139e-07
399.2	1.1159e-07
399.4	1.0932e-07
399.6	1.071e-07
399.8	1.0492e-07
400.0	1.0279e-07
400.2	1.007e-07
400.4	1.0e-07
400.6	1.0e-07
400.8	1.0e-07
401.0	1.0e-07
401.2	1.0e-07
401.4	1.0e-07
401.6	1.0e-07
401.8	1.0e-07
402.0	1.0e-07
402.2	1.0e-07
402.4	1.0e-07
402.6	1.0e-07
402.8	1.0e-07
403.0	1.0e-07
403.2	1.0e-07
403.4	1.0e-07
403.6	1.0e-07
403.8	1.0e-07
404.0	9.9406e-08
404.2	9.4778e-08
404.4	9.0366e-08
404.6	8.6159e-08
404.8	8.2148e-08
405.0	7.8324e-08
405.2	7.4678e-08
405.4	7.1202e-08
405.6	6.7887e-08
405.8	6.4727e-08
406.0	6.1713e-08
406.2	5.8841e-08
406.4	5.6101e-08
406.6	5.349e-08
406.8	5.1e-08
407.0	4.8625e-08
407.2	4.6362e-08
407.4	4.4204e-08
407.6	4.2146e-08
407.8	4.2215e-08
408.0	4.3696e-08
408.2	4.523e-08
408.4	4.6818e-08
408.6	4.8461e-08
408.8	5.0163e-08
409.0	5.1923e-08
409.2	5.3746e-08
409.4	5.5633e-08
409.6	5.7586e-08
409.8	5.9607e-08
410.0	6.1699e-08
410.2	6.3865e-08
410.4	6.6107e-08
410.6	6.8427e-08
410.8	7.0829e-08
411.0	7.3316e-08
411.2	7.5889e-08
411.4	7.8411e-08
411.6	7.9453e-08
411.8	8.0509e-08
412.0	8.1579e-08
412.2	8.2664e-08
412.4	8.3762e-08
412.6	8.4876e-08
412.8	8.6004e-08
413.0	8.7147e-08
413.2	8.8305e-08
413.4	8.9479e-08
413.6	9.0668e-08
413.8	9.1873e-08
414.0	9.3094e-08
414.2	9.4331e-08
414.4	9.5585e-08
414.6	9.6855e-08
414.8	9.8143e-08
415.0	9.9447e-08
415.2	1.0e-07
415.4	1.0e-07
415.6	1.0e-07
415.8	1.0e-07
416.0	1.0e-07
416.2	1.0e-07
416.4	1.0e-07
416.6	1.0e-07
416.8	1.0e-07
417.0	1.0e-07
417.2	1.0e-07
417.4	1.0e-07
417.6	1.0e-07
417.8	1.0e-07
418.0	1.0e-07
418.2	1.0e-07
418.4	1.0e-07
418.6	1.0e-07
418.8	1.0e-07
419.0	1.0e-07
419.2	1.0e-07
419.4	1.0e-07
419.6	1.0e-07
419.8	1.0e-07
420.0	1.0e-07
420.2	1.0e-07
420.4	1.0e-07
420.6	1.0e-07
420.8	1.0e-07
421.0	1.0e-07
421.2	1.0e-07
421.4	1.0e-07
421.6	1.0e-07
421.8	1.0e-07
422.0	1.0e-07
422.2	1.0e-07
422.4	1.0e-07
422.6	1.0e-07
422.8	1.0e-07
423.0	1.0e-07
423.2	1.0e-07
423.4	1.0e-07
423.6	1.0e-07
423.8	1.0e-07
424.0	1.0e-07
424.2	1.0e-07
424.4	1.0e-07
424.6	1.0e-07
424.8	1.0e-07
425.0	1.0e-07
425.2	1.0e-07
425.4	1.0e-07
425.6	1.0e-07
425.8	1.0e-07
426.0	1.0e-07
426.2	1.0e-07
426.4	1.0e-07
426.6	1.0e-07
426.8	1.0e-07
427.0	1.0e-07
427.2	1.0e-07
427.4	1.0e-07
427.6	1.0e-07
427.8	1.0e-07
428.0	1.0e-07
428.2	1.0e-07
428.4	1.0e-07
428.6	1.0e-07
428.8	1.0e-07
429.0	1.0e-07
429.2	1.0e-07
429.4	1.0e-07
429.6	1.0e-07
429.8	1.0e-07
430.0	1.0e-07
430.2	1.0e-07
430.4	1.0e-07
430.6	1.0e-07
430.8	1.0e-07
431.0	1.0e-07
431.2	1.0e-07
431.4	1.0e-07
431.6	1.0e-07
431.8	1.0e-07
432.0	1.0e-07
432.2	1.0e-07
432.4	1.0e-07
432.6	1.0e-07
432.8	1.0e-07
433.0	1.0e-07
433.2	1.0e-07
433.4	1.0e-07
433.6	1.0e-07
433.8	1.0e-07
434.0	9.3506e-08
434.2	8.565e-08
434.4	7.8453e-08
434.6	7.1861e-08
434.8	6.5823e-08
435.0	6.0292e-08
435.2	5.5226e-08
435.4	5.0586e-08
435.6	4.6335e-08
435.8	4.2442e-08
436.0	3.8876e-08
436.2	3.5609e-08
436.4	3.2617e-08
436.6	2.9877e-08
436.8	2.7366e-08
437.0	2.5067e-08
437.2	2.2961e-08
437.4	2.1031e-08
437.6	2.0129e-08
437.8	2.1977e-08
438.0	2.3995e-08
438.2	2.6197e-08
438.4	2.8603e-08
438.6	3.1229e-08
438.8	3.4096e-08
439.0	3.7226e-08
439.2	4.0644e-08
439.4	4.4375e-08
439.6	4.8449e-08
439.8	5.2897e-08
440.0	5.7754e-08
440.2	6.3056e-08
440.4	6.8845e-08
440.6	7.5166e-08
440.8	8.2067e-08
441.0	8.9602e-08
441.2	9.7828e-08
441.4	1.0e-07
441.6	1.0e-07
441.8	1.0e-07
442.0	1.0e-07
442.2	1.0e-07
442.4	1.0e-07
442.6	1.0e-07
442.8	1.0e-07
443.0	1.0e-07
443.2	1.0e-07
443.4	1.0e-07
443.6	1.0e-07
443.8	1.0e-07
444.0	1.0e-07
444.2	1.0e-07
444.4	1.0e-07
444.6	1.0e-07
444.8	1.0e-07
445.0	9.9886e-08
445.2	9.9449e-08
445.4	9.9014e-08
445.6	9.8581e-08
445.8	9.8149e-08
446.0	9.772e-08
446.2	9.7292e-08
446.4	9.6866e-08
446.6	9.6443e-08
446.8	9.6021e-08
447.0	9.56e-08
447.2	9.5182e-08
447.4	9.4766e-08
447.6	9.4351e-08
447.8	9.3938e-08
448.0	9.3527e-08
448.2	9.3118e-08
448.4	9.271e-08
448.6	9.2305e-08
448.8	9.2563e-08
449.0	9.3016e-08
449.2	9.3472e-08
449.4	9.3929e-08
449.6	9.4389e-08
449.8	9.4851e-08
450.0	9.5315e-08
450.2	9.5782e-08
450.4	9.6251e-08
450.6	9.6722e-08
450.8	9.7196e-08
451.0	9.7671e-08
451.2	9.8149e-08
451.4	9.863e-08
451.6	9.9113e-08
451.8	9.9598e-08
452.0	9.8897e-08
452.2	9.2821e-08
452.4	8.7119e-08
452.6	8.1767e-08
452.8	7.6743e-08
453.0	7.2029e-08
453.2	6.7604e-08
453.4	6.3451e-08
453.6	5.9553e-08
453.8	5.5894e-08
454.0	5.246e-08
454.2	4.9237e-08
454.4	4.6213e-08
454.6	4.3374e-08
454.8	4.0709e-08
455.0	3.8208e-08
455.2	3.5861e-08
455.4	3.3658e-08
455.6	3.2729e-08
455.8	3.2907e-08
456.0	3.3085e-08
456.2	3.3264e-08
456.4	3.3444e-08
456.6	3.3625e-08
456.8	3.3808e-08
457.0	3.3991e-08
457.2	3.4175e-08
457.4	3.436e-08
457.6	3.4546e-08
457.8	3.4733e-08
458.0	3.4921e-08
458.2	3.511e-08
458.4	3.5301e-08
458.6	3.5492e-08
458.8	3.5684e-08
459.0	3.5877e-08
459.2	3.6072e-08
459.4	3.6267e-08
459.6	3.6463e-08
459.8	3.6661e-08
460.0	3.6859e-08
460.2	3.7059e-08
460.4	3.726e-08
460.6	3.8143e-08
460.8	3.9676e-08
461.0	4.1271e-08
461.2	4.293e-08
461.4	4.4656e-08
461.6	4.6451e-08
461.8	4.8319e-08
462.0	5.0261e-08
462.2	5.2281e-08
462.4	5.4383e-08
462.6	5.6569e-08
462.8	5.8843e-08
463.0	6.1209e-08
463.2	6.3669e-08
463.4	6.6229e-08
463.6	6.8891e-08
463.8	7.166e-08
464.0	7.4541e-08
464.2	7.7538e-08
464.4	8.0655e-08
464.6	8.3897e-08
464.8	8.7269e-08
465.0	9.0778e-08
465.2	9.4427e-08
465.4	9.8223e-08
465.6	9.8566e-08
465.8	9.5989e-08
466.0	9.3478e-08
466.2	9.1034e-08
466.4	8.8653e-08
466.6	8.6335e-08
466.8	8.4077e-08
467.0	8.1878e-08
467.2	7.9737e-08
467.4	7.7652e-08
467.6	7.5621e-08
467.8	7.3644e-08
468.0	7.1718e-08
468.2	6.9842e-08
468.4	6.8016e-08
468.6	6.6237e-08
468.8	6.4505e-08
469.0	6.2818e-08
469.2	6.1176e-08
469.4	5.9576e-08
469.6	5.8018e-08
469.8	5.6501e-08
470.0	5.5023e-08
470.2	5.3584e-08
470.4	5.2183e-08
470.6	5.1649e-08
470.8	5.1831e-08
471.0	5.2014e-08
471.2	5.2198e-08
471.4	5.2383e-08
471.6	5.2568e-08
471.8	5.2753e-08
472.0	5.294e-08
472.2	5.3127e-08
472.4	5.3315e-08
472.6	5.3503e-08
472.8	5.3692e-08
473.0	5.3882e-08
473.2	5.4072e-08
473.4	5.4263e-08
473.6	5.4455e-08
473.8	5.4647e-08
474.0	5.484e-08
474.2	5.5034e-08
474.4	5.5228e-08
474.6	5.5423e-08
474.8	5.5619e-08
475.0	5.5816e-08
475.2	5.6013e-08
475.4	5.6211e-08
475.6	5.6722e-08
475.8	5.7508e-08
476.0	5.8305e-08
476.2	5.9113e-08
476.4	5.9932e-08
476.6	6.0763e-08
476.8	6.1605e-08
477.0	6.2459e-08
477.2	6.3325e-08
477.4	6.4202e-08
477.6	6.5092e-08
477.8	6.5994e-08
478.0	6.6909e-08
478.2	6.7836e-08
478.4	6.8776e-08
478.6	6.9729e-08
478.8	7.0695e-08
479.0	7.1675e-08
479.2	7.2669e-08
479.4	7.3676e-08
479.6	7.4697e-08
479.8	7.5732e-08
480.0	7.6781e-08
480.2	7.7846e-08
480.4	7.8924e-08
480.6	7.9527e-08
480.8	7.9715e-08
481.0	7.9903e-08
481.2	8.0092e-08
481.4	8.0281e-08
481.6	8.0471e-08
481.8	8.0661e-08
482.0	8.0852e-08
482.2	8.1043e-08
482.4	8.1234e-08
482.6	8.1426e-08
482.8	8.1619e-08
483.0	8.1812e-08
483.2	8.2005e-08
483.4	8.2199e-08
483.6	8.2393e-08
483.8	8.2588e-08
484.0	8.2783e-08
484.2	8.2978e-08
484.4	8.3174e-08
484.6	8.3371e-08
484.8	8.3568e-08
485.0	8.3765e-08
485.2	8.3963e-08
485.4	8.4162e-08
485.6	8.4941e-08
485.8	8.623e-08
486.0	8.7539e-08
486.2	8.8868e-08
486.4	9.0216e-08
486.6	9.1585e-08
486.8	9.2975e-08
487.0	9.4386e-08
487.2	9.5819e-08
487.4	9.7273e-08
487.6	9.8749e-08
487.8	1.0025e-07
488.0	1.0177e-07
488.2	1.0331e-07
488.4	1.0488e-07
488.6	1.0647e-07
488.8	1.0809e-07
489.0	1.0973e-07
489.2	1.114e-07
489.4	1.1309e-07
489.6	1.148e-07
489.8	1.1654e-07
490.0	1.1831e-07
490.2	1.2011e-07
490.4	1.2193e-07
490.6	1.2249e-07
490.8	1.2195e-07
491.0	1.214e-07
491.2	1.2086e-07
491.4	1.2032e-07
491.6	1.1978e-07
491.8	1.1925e-07
492.0	1.1871e-07
492.2	1.1818e-07
492.4	1.1765e-07
492.6	1.1713e-07
492.8	1.1661e-07
493.0	1.1608e-07
493.2	1.1557e-07
493.4	1.1505e-07
493.6	1.1454e-07
493.8	1.1402e-07
494.0	1.1351e-07
494.2	1.1301e-07
494.4	1.125e-07
494.6	1.12e-07
494.8	1.115e-07
495.0	1.11e-07
495.2	1.105e-07
495.4	1.1001e-07
495.6	1.0901e-07
495.8	1.0759e-07
496.0	1.0618e-07
496.2	1.0479e-07
496.4	1.0342e-07
496.6	1.0207e-07
496.8	1.0074e-07
497.0	9.9423e-08
497.2	9.8124e-08
497.4	9.6842e-08
497.6	9.5576e-08
497.8	9.4327e-08
498.0	9.3095e-08
498.2	9.1878e-08
498.4	9.0678e-08
498.6	8.9493e-08
498.8	8.8324e-08
499.0	8.7169e-08
499.2	8.603e-08
499.4	8.4906e-08
499.6	8.3797e-08
499.8	8.2702e-08
500.0	8.1621e-08
500.2	8.0555e-08
500.4	7.9502e-08
500.6	7.9757e-08
500.8	8.1136e-08
501.0	8.2539e-08
501.2	8.3966e-08
501.4	8.5417e-08
501.6	8.6894e-08
501.8	8.8396e-08
502.0	8.9924e-08
502.2	9.1479e-08
502.4	9.306e-08
502.6	9.4669e-08
502.8	9.6306e-08
503.0	9.7971e-08
503.2	9.9664e-08
503.4	1.0139e-07
503.6	1.0314e-07
503.8	1.0492e-07
504.0	1.0674e-07
504.2	1.0858e-07
504.4	1.1046e-07
504.6	1.1237e-07
504.8	1.1431e-07
505.0	1.1629e-07
505.2	1.183e-07
505.4	1.2034e-07
505.6	1.2043e-07
505.8	1.1888e-07
506.0	1.1735e-07
506.2	1.1584e-07
506.4	1.1435e-07
506.6	1.1288e-07
506.8	1.1143e-07
507.0	1.1e-07
507.2	1.0858e-07
507.4	1.0718e-07
507.6	1.058e-07
507.8	1.0444e-07
508.0	1.031e-07
508.2	1.0177e-07
508.4	1.0046e-07
508.6	9.917e-08
508.8	9.7894e-08
509.0	9.6635e-08
509.2	8.8002e-08
509.4	7.9766e-08
509.6	7.23e-08
509.8	6.5533e-08
510.0	5.94e-08
510.2	5.384e-08
510.4	4.8801e-08
510.6	3.6274e-08
510.8	2.5275e-08
511.0	4.375e-08
511.2	2.7427e-08
511.4	5.2739e-08
511.6	1.1252e-07
511.8	3.7401e-08
512.0	2.2308e-08
512.2	2.2189e-08
512.4	3.1694e-08
512.6	5.7526e-08
512.8	2.3862e-08
513.0	2.181e-08
513.2	8.9839e-08
513.4	3.9607e-08
513.6	2.2747e-08
513.8	2.1647e-08
514.0	4.4523e-08
514.2	7.8738e-08
514.4	3.0887e-08
514.6	7.08e-08
514.8	9.5603e-08
515.0	5.4389e-08
515.2	2.8408e-08
515.4	1.7751e-07
515.6	4.0784e-08
515.8	5.3422e-08
516.0	8.118e-08
516.2	6.4292e-08
516.4	2.8309e-08
516.6	2.0725e-08
516.8	2.0585e-08
517.0	4.8469e-08
517.2	4.9054e-08
517.4	5.001e-08
517.6	7.5299e-08
517.8	9.7425e-08
518.0	2.323e-08
518.2	3.2387e-08
518.4	3.9007e-08
518.6	1.3285e-07
518.8	4.3861e-08
519.0	1.1479e-07
519.2	1.4323e-07
519.4	1.3281e-07
519.6	2.1747e-07
519.8	2.1006e-07
520.0	1.3634e-07
520.2	1.3665e-07
520.4	3.0157e-07
520.6	3.9356e-07
520.8	4.0515e-07
521.0	4.0383e-07
521.2	7.183e-07
521.4	1.0403e-06
521.6	1.3961e-06
521.8	2.0163e-06
522.0	2.8e-06
522.2	3.9025e-06
522.4	5.7783e-06
522.6	8.2205e-06
522.8	1.2066e-05
523.0	1.8415e-05
523.2	2.8017e-05
523.4	4.4114e-05
523.6	6.746e-05
523.8	1.0918e-04
524.0	1.797e-04
524.2	3.031e-04
524.4	5.3208e-04
524.6	9.6386e-04
524.8	0.00203
525.0	0.00404
525.2	0.00794
525.4	0.01691
525.6	0.03915
525.8	0.09647
526.0	0.24123
526.2	0.66622
526.4	0.89842
526.6	0.968
526.8	0.97027
527.0	0.97185
527.2	0.97858
527.4	0.98287
527.6	0.98215
527.8	0.97886
528.0	0.9765
528.2	0.97604
528.4	0.97787
528.6	0.98126
528.8	0.985
529.0	0.98734
529.2	0.98789
529.4	0.98789
529.6	0.9873
529.8	0.98762
530.0	0.98785
530.2	0.98883
530.4	0.98974
530.6	0.98959
530.8	0.98885
531.0	0.9884
531.2	0.98707
531.4	0.98621
531.6	0.98611
531.8	0.98653
532.0	0.98736
532.2	0.98593
532.4	0.98359
532.6	0.98013
532.8	0.97705
533.0	0.97528
533.2	0.97569
533.4	0.97833
533.6	0.98259
533.8	0.98516
534.0	0.98362
534.2	0.9812
534.4	0.97999
534.6	0.96416
534.8	0.87947
535.0	0.65153
535.2	0.50236
535.4	0.24579
535.6	0.10659
535.8	0.04632
536.0	0.02135
536.2	0.01069
536.4	0.0058
536.6	0.0027
536.8	0.00147
537.0	8.3235e-04
537.2	4.912e-04
537.4	2.9929e-04
537.6	1.838e-04
537.8	1.1876e-04
538.0	7.7923e-05
538.2	5.1432e-05
538.4	3.3947e-05
538.6	2.2982e-05
538.8	1.5667e-05
539.0	1.0694e-05
539.2	7.322e-06
539.4	5.1793e-06
539.6	3.6985e-06
539.8	2.6813e-06
540.0	2.0272e-06
540.2	1.5327e-06
540.4	1.1258e-06
540.6	8.4256e-07
540.8	6.7437e-07
541.0	5.3975e-07
541.2	4.4427e-07
541.4	3.685e-07
541.6	3.1341e-07
541.8	2.8429e-07
542.0	2.3468e-07
542.2	1.8834e-07
542.4	1.5476e-07
542.6	1.3597e-07
542.8	1.1946e-07
543.0	1.3302e-07
543.2	1.4861e-07
543.4	1.3927e-07
543.6	1.3052e-07
543.8	1.2849e-07
544.0	1.2816e-07
544.2	1.2039e-07
544.4	9.6934e-08
544.6	8.2229e-08
544.8	7.0851e-08
545.0	6.484e-08
545.2	7.0139e-08
545.4	7.587e-08
545.6	5.6551e-08
545.8	7.9971e-08
546.0	6.9743e-07
546.2	6.0823e-06
546.4	2.3043e-06
546.6	3.6978e-07
546.8	7.806e-08
547.0	3.3952e-08
547.2	3.4645e-08
547.4	4.561e-08
547.6	5.3216e-08
547.8	4.4037e-08
548.0	3.6441e-08
548.2	2.1643e-08
548.4	1.4566e-08
548.6	1.709e-08
548.8	2.0051e-08
549.0	3.3935e-08
549.2	6.3495e-08
549.4	8.2257e-08
549.6	4.0431e-08
549.8	4.7883e-08
550.0	7.32e-08
550.2	8.9304e-08
550.4	5.8275e-08
550.6	3.8028e-08
550.8	1.0e-07
551.0	1.0e-07
551.2	1.0e-07
551.4	1.0e-07
551.6	1.0e-07
551.8	9.8563e-08
552.0	9.342e-08
552.2	8.8545e-08
552.4	8.3925e-08
552.6	7.9546e-08
552.8	7.5395e-08
553.0	7.1461e-08
553.2	6.7732e-08
553.4	6.5054e-08
553.6	6.3073e-08
553.8	6.1152e-08
554.0	5.9289e-08
554.2	5.7484e-08
554.4	5.5733e-08
554.6	5.4035e-08
554.8	5.239e-08
555.0	5.0794e-08
555.2	4.9247e-08
555.4	4.7747e-08
555.6	4.6293e-08
555.8	4.4883e-08
556.0	4.3516e-08
556.2	4.2191e-08
556.4	4.0906e-08
556.6	3.966e-08
556.8	3.8493e-08
557.0	3.866e-08
557.2	3.8828e-08
557.4	3.8997e-08
557.6	3.9167e-08
557.8	3.9337e-08
558.0	3.9509e-08
558.2	3.9681e-08
558.4	3.9853e-08
558.6	4.0027e-08
558.8	4.0201e-08
559.0	4.0376e-08
559.2	4.0551e-08
559.4	4.0728e-08
559.6	4.0905e-08
559.8	4.1083e-08
560.0	4.1262e-08
560.2	4.1441e-08
560.4	4.1622e-08
560.6	4.1803e-08
560.8	4.1985e-08
561.0	4.2167e-08
561.2	4.2351e-08
561.4	4.2535e-08
561.6	4.272e-08
561.8	4.2491e-08
562.0	4.1887e-08
562.2	4.129e-08
562.4	4.0703e-08
562.6	4.0123e-08
562.8	3.9552e-08
563.0	3.8989e-08
563.2	3.8434e-08
563.4	3.7887e-08
563.6	3.7348e-08
563.8	3.6816e-08
564.0	3.6292e-08
564.2	3.5776e-08
564.4	3.5267e-08
564.6	3.4765e-08
564.8	3.427e-08
565.0	3.3782e-08
565.2	3.3301e-08
565.4	3.2827e-08
565.6	3.236e-08
565.8	3.1899e-08
566.0	3.1445e-08
566.2	3.0998e-08
566.4	3.0556e-08
566.6	3.0127e-08
566.8	3.0041e-08
567.0	2.9955e-08
567.2	2.9869e-08
567.4	2.9783e-08
567.6	2.9698e-08
567.8	2.9613e-08
568.0	2.9529e-08
568.2	2.9444e-08
568.4	2.936e-08
568.6	2.9276e-08
568.8	2.9192e-08
569.0	2.9109e-08
569.2	2.9025e-08
569.4	2.8942e-08
569.6	2.8859e-08
569.8	2.8777e-08
570.0	2.8695e-08
570.2	2.8612e-08
570.4	2.8531e-08
570.6	2.8449e-08
570.8	2.8368e-08
571.0	2.8286e-08
571.2	2.8205e-08
571.4	2.8125e-08
571.6	2.7699e-08
571.8	2.6983e-08
572.0	2.6284e-08
572.2	2.5604e-08
572.4	2.4942e-08
572.6	2.4296e-08
572.8	2.3667e-08
573.0	2.3055e-08
573.2	2.2458e-08
573.4	2.1877e-08
573.6	2.1311e-08
573.8	2.076e-08
574.0	2.0222e-08
574.2	1.9699e-08
574.4	1.9189e-08
574.6	1.8693e-08
574.8	1.8209e-08
575.0	1.7738e-08
575.2	1.7279e-08
575.4	1.6832e-08
575.6	1.6396e-08
575.8	1.5972e-08
576.0	1.5559e-08
576.2	1.5156e-08
576.4	1.4795e-08
576.6	1.5038e-08
576.8	1.5286e-08
577.0	1.5537e-08
577.2	1.5792e-08
577.4	1.6052e-08
577.6	1.6316e-08
577.8	1.6584e-08
578.0	1.6857e-08
578.2	1.7134e-08
578.4	1.7415e-08
578.6	1.7702e-08
578.8	1.7993e-08
579.0	1.8288e-08
579.2	1.8589e-08
579.4	1.8894e-08
579.6	1.9205e-08
579.8	1.9521e-08
580.0	1.9842e-08
580.2	2.0168e-08
580.4	2.0499e-08
580.6	2.0836e-08
580.8	2.1179e-08
581.0	2.1527e-08
581.2	2.1881e-08
581.4	2.1975e-08
581.6	2.185e-08
581.8	2.1725e-08
582.0	2.1601e-08
582.2	2.1478e-08
582.4	2.1355e-08
582.6	2.1233e-08
582.8	2.1112e-08
583.0	2.0992e-08
583.2	2.0872e-08
583.4	2.0753e-08
583.6	2.0634e-08
583.8	2.0517e-08
584.0	2.04e-08
584.2	2.0283e-08
584.4	2.0167e-08
584.6	2.0052e-08
584.8	1.9938e-08
585.0	1.9824e-08
585.2	1.9711e-08
585.4	1.9598e-08
585.6	1.9487e-08
585.8	1.9375e-08
586.0	1.9265e-08
586.2	1.9211e-08
586.4	2.0551e-08
586.6	2.1985e-08
586.8	2.3519e-08
587.0	2.516e-08
587.2	2.6916e-08
587.4	2.8794e-08
587.6	3.0803e-08
587.8	3.2952e-08
588.0	3.5251e-08
588.2	3.771e-08
588.4	4.0341e-08
588.6	4.3156e-08
588.8	4.6167e-08
589.0	4.9388e-08
589.2	5.2834e-08
589.4	5.652e-08
589.6	6.0463e-08
589.8	6.4682e-08
590.0	6.9195e-08
590.2	7.4023e-08
590.4	7.9187e-08
590.6	8.4712e-08
590.8	9.0622e-08
591.0	9.6945e-08
591.2	9.5322e-08
591.4	8.7229e-08
591.6	7.9823e-08
591.8	7.3046e-08
592.0	6.6844e-08
592.2	6.1169e-08
592.4	5.5976e-08
592.6	5.1223e-08
592.8	4.6874e-08
593.0	4.2895e-08
593.2	3.9253e-08
593.4	3.592e-08
593.6	3.2871e-08
593.8	3.008e-08
594.0	2.7526e-08
594.2	2.5189e-08
594.4	2.305e-08
594.6	2.1093e-08
594.8	1.9303e-08
595.0	1.7664e-08
595.2	1.6164e-08
595.4	1.4792e-08
595.6	1.3536e-08
595.8	1.2387e-08
596.0	1.1375e-08
596.2	1.1373e-08
596.4	1.1371e-08
596.6	1.1369e-08
596.8	1.1367e-08
597.0	1.1365e-08
597.2	1.1363e-08
597.4	1.1361e-08
597.6	1.1359e-08
597.8	1.1357e-08
598.0	1.1355e-08
598.2	1.1354e-08
598.4	1.1352e-08
598.6	1.135e-08
598.8	1.1348e-08
599.0	1.1346e-08
599.2	1.1344e-08
599.4	1.1342e-08
599.6	1.134e-08
599.8	1.1338e-08
600.0	1.1336e-08
600.2	1.1334e-08
600.4	1.1332e-08
600.6	1.133e-08
600.8	1.1328e-08
601.0	1.1368e-08
601.2	1.1447e-08
601.4	1.1527e-08
601.6	1.1607e-08
601.8	1.1688e-08
602.0	1.1769e-08
602.2	1.1851e-08
602.4	1.1934e-08
602.6	1.2017e-08
602.8	1.21e-08
603.0	1.2185e-08
603.2	1.2269e-08
603.4	1.2355e-08
603.6	1.2441e-08
603.8	1.2527e-08
604.0	1.2614e-08
604.2	1.2702e-08
604.4	1.2791e-08
604.6	1.288e-08
604.8	1.2969e-08
605.0	1.306e-08
605.2	1.315e-08
605.4	1.3242e-08
605.6	1.3334e-08
605.8	1.4609e-08
606.0	1.639e-08
606.2	1.8389e-08
606.4	2.0632e-08
606.6	2.3148e-08
606.8	2.5972e-08
607.0	2.9139e-08
607.2	3.2693e-08
607.4	3.6681e-08
607.6	4.1154e-08
607.8	4.6174e-08
608.0	5.1805e-08
608.2	5.8123e-08
608.4	6.5212e-08
608.6	7.3166e-08
608.8	8.2089e-08
609.0	9.2101e-08
609.2	1.0e-07
609.4	1.0e-07
609.6	1.0e-07
609.8	1.0e-07
610.0	1.0e-07
610.2	1.0e-07
610.4	1.0e-07
610.6	1.0e-07
610.8	1.0e-07
611.0	1.0e-07
611.2	1.0e-07
611.4	1.0e-07
611.6	1.0e-07
611.8	1.0e-07
612.0	1.0e-07
612.2	1.0e-07
612.4	1.0e-07
612.6	1.0052e-07
612.8	1.0147e-07
613.0	1.0243e-07
613.2	1.034e-07
613.4	1.0438e-07
613.6	1.0536e-07
613.8	1.0636e-07
614.0	1.0736e-07
614.2	1.0838e-07
614.4	1.094e-07
614.6	1.1044e-07
614.8	1.1148e-07
615.0	1.1253e-07
615.2	1.136e-07
615.4	1.1467e-07
615.6	1.1575e-07
615.8	1.1685e-07
616.0	1.1795e-07
616.2	1.1869e-07
616.4	1.1714e-07
616.6	1.1561e-07
616.8	1.1409e-07
617.0	1.126e-07
617.2	1.1113e-07
617.4	1.0968e-07
617.6	1.0824e-07
617.8	1.0683e-07
618.0	1.0543e-07
618.2	1.0405e-07
618.4	1.0269e-07
618.6	1.0135e-07
618.8	1.0002e-07
619.0	9.8714e-08
619.2	9.7423e-08
619.4	9.6149e-08
619.6	9.4891e-08
619.8	9.365e-08
620.0	9.3365e-08
620.2	9.3338e-08
620.4	9.3311e-08
620.6	9.3284e-08
620.8	9.3258e-08
621.0	9.3231e-08
621.2	9.3204e-08
621.4	9.3177e-08
621.6	9.3151e-08
621.8	9.3124e-08
622.0	9.3097e-08
622.2	9.307e-08
622.4	9.3044e-08
622.6	9.3017e-08
622.8	9.299e-08
623.0	9.2964e-08
623.2	9.2937e-08
623.4	9.291e-08
623.6	9.2773e-08
623.8	9.2497e-08
624.0	9.2222e-08
624.2	9.1948e-08
624.4	9.1675e-08
624.6	9.1402e-08
624.8	9.113e-08
625.0	9.086e-08
625.2	9.0589e-08
625.4	9.032e-08
625.6	9.0052e-08
625.8	8.9784e-08
626.0	8.9517e-08
626.2	8.9251e-08
626.4	8.8986e-08
626.6	8.8721e-08
626.8	8.8458e-08
627.0	8.8195e-08
627.2	8.7812e-08
627.4	8.6515e-08
627.6	8.5236e-08
627.8	8.3977e-08
628.0	8.2736e-08
628.2	8.1513e-08
628.4	8.0308e-08
628.6	7.9121e-08
628.8	7.7952e-08
629.0	7.68e-08
629.2	7.5665e-08
629.4	7.4547e-08
629.6	7.3446e-08
629.8	7.236e-08
630.0	7.1291e-08
630.2	7.0237e-08
630.4	6.9199e-08
630.6	6.8177e-08
630.8	6.7169e-08
631.0	6.608e-08
631.2	6.4985e-08
631.4	6.3907e-08
631.6	6.2848e-08
631.8	6.1806e-08
632.0	6.0781e-08
632.2	5.9773e-08
632.4	5.8782e-08
632.6	5.7807e-08
632.8	5.6849e-08
633.0	5.5906e-08
633.2	5.4979e-08
633.4	5.4068e-08
633.6	5.3171e-08
633.8	5.229e-08
634.0	5.1423e-08
634.2	5.057e-08
634.4	4.9732e-08
634.6	4.8978e-08
634.8	4.8311e-08
635.0	4.7652e-08
635.2	4.7003e-08
635.4	4.6362e-08
635.6	4.573e-08
635.8	4.5107e-08
636.0	4.4492e-08
636.2	4.3886e-08
636.4	4.3288e-08
636.6	4.2698e-08
636.8	4.2116e-08
637.0	4.1542e-08
637.2	4.0976e-08
637.4	4.0418e-08
637.6	3.9867e-08
637.8	3.9324e-08
638.0	3.8788e-08
638.2	3.8298e-08
638.4	3.7983e-08
638.6	3.7671e-08
638.8	3.7361e-08
639.0	3.7054e-08
639.2	3.6749e-08
639.4	3.6447e-08
639.6	3.6147e-08
639.8	3.585e-08
640.0	3.5555e-08
640.2	3.5263e-08
640.4	3.4973e-08
640.6	3.4686e-08
640.8	3.44e-08
641.0	3.4118e-08
641.2	3.3837e-08
641.4	3.3559e-08
641.6	3.3283e-08
641.8	3.3009e-08
642.0	3.258e-08
642.2	3.2137e-08
642.4	3.1701e-08
642.6	3.127e-08
642.8	3.0846e-08
643.0	3.0427e-08
643.2	3.0014e-08
643.4	2.9606e-08
643.6	2.9204e-08
643.8	2.8807e-08
644.0	2.8416e-08
644.2	2.803e-08
644.4	2.765e-08
644.6	2.7274e-08
644.8	2.6904e-08
645.0	2.6539e-08
645.2	2.6178e-08
645.4	2.5823e-08
645.6	2.6372e-08
645.8	2.7525e-08
646.0	2.8728e-08
646.2	2.9983e-08
646.4	3.1294e-08
646.6	3.2662e-08
646.8	3.4089e-08
647.0	3.5579e-08
647.2	3.7134e-08
647.4	3.8757e-08
647.6	4.0452e-08
647.8	4.222e-08
648.0	4.4065e-08
648.2	4.5991e-08
648.4	4.8001e-08
648.6	5.0099e-08
648.8	5.2289e-08
649.0	5.4575e-08
649.2	5.6233e-08
649.4	5.6544e-08
649.6	5.6857e-08
649.8	5.7171e-08
650.0	5.7488e-08
650.2	5.7806e-08
650.4	5.8126e-08
650.6	5.8448e-08
650.8	5.8771e-08
651.0	5.9096e-08
651.2	5.9423e-08
651.4	5.9752e-08
651.6	6.0083e-08
651.8	6.0415e-08
652.0	6.075e-08
652.2	6.1086e-08
652.4	6.1424e-08
652.6	6.1764e-08
652.8	6.1987e-08
653.0	6.1018e-08
653.2	6.0065e-08
653.4	5.9126e-08
653.6	5.8202e-08
653.8	5.7292e-08
654.0	5.6397e-08
654.2	5.5516e-08
654.4	5.4648e-08
654.6	5.3794e-08
654.8	5.2953e-08
655.0	5.2126e-08
655.2	5.1311e-08
655.4	5.0509e-08
655.6	4.972e-08
655.8	4.8943e-08
656.0	4.8178e-08
656.2	4.7425e-08
656.4	4.6684e-08
656.6	4.5787e-08
656.8	4.4876e-08
657.0	4.3984e-08
657.2	4.3109e-08
657.4	4.2252e-08
657.6	4.1412e-08
657.8	4.0588e-08
658.0	3.9781e-08
658.2	3.899e-08
658.4	3.8214e-08
658.6	3.7454e-08
658.8	3.6709e-08
659.0	3.5979e-08
659.2	3.5264e-08
659.4	3.4562e-08
659.6	3.3875e-08
659.8	3.3201e-08
660.0	3.2541e-08
660.2	3.2745e-08
660.4	3.3533e-08
660.6	3.4341e-08
660.8	3.5168e-08
661.0	3.6015e-08
661.2	3.6882e-08
661.4	3.7771e-08
661.6	3.868e-08
661.8	3.9612e-08
662.0	4.0566e-08
662.2	4.1543e-08
662.4	4.2543e-08
662.6	4.3568e-08
662.8	4.4617e-08
663.0	4.5692e-08
663.2	4.6792e-08
663.4	4.7919e-08
663.6	4.9073e-08
663.8	4.9547e-08
664.0	4.8832e-08
664.2	4.8128e-08
664.4	4.7433e-08
664.6	4.6749e-08
664.8	4.6074e-08
665.0	4.5409e-08
665.2	4.4754e-08
665.4	4.4108e-08
665.6	4.3472e-08
665.8	4.2845e-08
666.0	4.2226e-08
666.2	4.1617e-08
666.4	4.1017e-08
666.6	4.0425e-08
666.8	3.9841e-08
667.0	3.9267e-08
667.2	3.87e-08
667.4	3.8529e-08
667.6	4.0619e-08
667.8	4.2822e-08
668.0	4.5145e-08
668.2	4.7594e-08
668.4	5.0176e-08
668.6	5.2898e-08
668.8	5.5767e-08
669.0	5.8792e-08
669.2	6.1982e-08
669.4	6.5344e-08
669.6	6.8888e-08
669.8	7.2625e-08
670.0	7.6565e-08
670.2	8.0718e-08
670.4	8.5097e-08
670.6	8.9713e-08
670.8	9.4579e-08
671.0	9.971e-08
671.2	1.0e-07
671.4	1.0e-07
671.6	1.0e-07
671.8	1.0e-07
672.0	1.0e-07
672.2	1.0e-07
672.4	1.0e-07
672.6	1.0e-07
672.8	1.0e-07
673.0	1.0e-07
673.2	6.7325e-08
673.4	4.5326e-08
673.6	3.0516e-08
673.8	2.0545e-08
674.0	1.4904e-08
674.2	1.502e-08
674.4	1.5137e-08
674.6	1.5255e-08
674.8	1.5374e-08
675.0	1.5494e-08
675.2	1.5614e-08
675.4	1.5736e-08
675.6	1.5859e-08
675.8	1.5982e-08
676.0	1.6107e-08
676.2	1.6232e-08
676.4	1.6359e-08
676.6	1.6486e-08
676.8	1.6615e-08
677.0	1.6744e-08
677.2	1.6875e-08
677.4	1.7006e-08
677.6	1.7139e-08
677.8	1.7551e-08
678.0	1.8009e-08
678.2	1.8479e-08
678.4	1.8961e-08
678.6	1.9456e-08
678.8	1.9964e-08
679.0	2.0484e-08
679.2	2.1019e-08
679.4	2.1567e-08
679.6	2.213e-08
679.8	2.2707e-08
680.0	2.33e-08
680.2	2.3908e-08
680.4	2.4531e-08
680.6	2.5171e-08
680.8	2.5828e-08
681.0	2.6502e-08
681.2	2.7194e-08
681.4	2.744e-08
681.6	2.7387e-08
681.8	2.7334e-08
682.0	2.7282e-08
682.2	2.7229e-08
682.4	2.7177e-08
682.6	2.7124e-08
682.8	2.7072e-08
683.0	2.702e-08
683.2	2.6968e-08
683.4	2.6916e-08
683.6	2.6865e-08
683.8	2.6813e-08
684.0	2.6761e-08
684.2	2.671e-08
684.4	2.6659e-08
684.6	2.6607e-08
684.8	2.6556e-08
685.0	2.6124e-08
685.2	2.497e-08
685.4	2.3867e-08
685.6	2.2813e-08
685.8	2.1805e-08
686.0	2.0842e-08
686.2	1.9922e-08
686.4	1.9042e-08
686.6	1.8201e-08
686.8	1.7397e-08
687.0	1.6628e-08
687.2	1.5894e-08
687.4	1.5192e-08
687.6	1.4521e-08
687.8	1.388e-08
688.0	1.3267e-08
688.2	1.2681e-08
688.4	1.2121e-08
688.6	1.1718e-08
688.8	1.3185e-08
689.0	1.4834e-08
689.2	1.6691e-08
689.4	1.8779e-08
689.6	2.1129e-08
689.8	2.3773e-08
690.0	2.6748e-08
690.2	3.0095e-08
690.4	3.3861e-08
690.6	3.8098e-08
690.8	4.2865e-08
691.0	4.8229e-08
691.2	5.4264e-08
691.4	6.1054e-08
691.6	6.8694e-08
691.8	7.7289e-08
692.0	8.6961e-08
692.2	9.7842e-08
692.4	9.0514e-08
692.6	8.0096e-08
692.8	7.0877e-08
693.0	6.2719e-08
693.2	5.55e-08
693.4	4.9111e-08
693.6	4.3459e-08
693.8	3.8456e-08
694.0	3.403e-08
694.2	3.0113e-08
694.4	2.6647e-08
694.6	2.358e-08
694.8	2.0866e-08
695.0	1.8464e-08
695.2	1.6339e-08
695.4	1.4458e-08
695.6	1.2794e-08
695.8	1.1321e-08
696.0	1.0814e-08
696.2	1.0942e-08
696.4	1.1072e-08
696.6	1.1203e-08
696.8	1.1336e-08
697.0	1.147e-08
697.2	1.1606e-08
697.4	1.1743e-08
697.6	1.1883e-08
697.8	1.2023e-08
698.0	1.2166e-08
698.2	1.231e-08
698.4	1.2456e-08
698.6	1.2604e-08
698.8	1.2753e-08
699.0	1.2904e-08
699.2	1.3057e-08
699.4	1.3212e-08
699.6	1.3376e-08
699.8	1.3557e-08
700.0	1.374e-08
700.2	1.3926e-08
700.4	1.4115e-08
700.6	1.4306e-08
700.8	1.4499e-08
701.0	1.4696e-08
701.2	1.4895e-08
701.4	1.5096e-08
701.6	1.53e-08
701.8	1.5508e-08
702.0	1.5717e-08
702.2	1.593e-08
702.4	1.6146e-08
702.6	1.6364e-08
702.8	1.6586e-08
703.0	1.681e-08
703.2	1.7069e-08
703.4	1.7581e-08
703.6	1.8108e-08
703.8	1.8651e-08
704.0	1.9211e-08
704.2	1.9787e-08
704.4	2.038e-08
704.6	2.0991e-08
704.8	2.1621e-08
705.0	2.2269e-08
705.2	2.2937e-08
705.4	2.3625e-08
705.6	2.4333e-08
705.8	2.5063e-08
706.0	2.5815e-08
706.2	2.6589e-08
706.4	2.7386e-08
706.6	2.8208e-08
706.8	2.9053e-08
707.0	3.1146e-08
707.2	3.3538e-08
707.4	3.6114e-08
707.6	3.8888e-08
707.8	4.1875e-08
708.0	4.5091e-08
708.2	4.8554e-08
708.4	5.2283e-08
708.6	5.6299e-08
708.8	6.0623e-08
709.0	6.5279e-08
709.2	7.0293e-08
709.4	7.5692e-08
709.6	8.1506e-08
709.8	8.7766e-08
710.0	9.4506e-08
710.2	1.0177e-07
710.4	1.0958e-07
710.6	1.0763e-07
710.8	1.0163e-07
711.0	9.5964e-08
711.2	9.0614e-08
711.4	8.5562e-08
711.6	8.0792e-08
711.8	7.6288e-08
712.0	7.2035e-08
712.2	6.8019e-08
712.4	6.4227e-08
712.6	6.0646e-08
712.8	5.7265e-08
713.0	5.4072e-08
713.2	5.1058e-08
713.4	4.8211e-08
713.6	4.5523e-08
713.8	4.2985e-08
714.0	4.0589e-08
714.2	3.9411e-08
714.4	3.933e-08
714.6	3.9248e-08
714.8	3.9167e-08
715.0	3.9086e-08
715.2	3.9005e-08
715.4	3.8924e-08
715.6	3.8843e-08
715.8	3.8763e-08
716.0	3.8683e-08
716.2	3.8602e-08
716.4	3.8522e-08
716.6	3.8443e-08
716.8	3.8363e-08
717.0	3.8284e-08
717.2	3.8204e-08
717.4	3.8125e-08
717.6	3.8046e-08
717.8	3.9421e-08
718.0	4.4243e-08
718.2	4.9653e-08
718.4	5.5726e-08
718.6	6.2541e-08
718.8	7.0189e-08
719.0	7.8773e-08
719.2	8.8407e-08
719.4	9.9219e-08
719.6	1.1135e-07
719.8	1.2497e-07
720.0	1.4025e-07
720.2	1.5741e-07
720.4	1.7666e-07
720.6	1.9826e-07
720.8	2.2251e-07
721.0	2.4972e-07
721.2	2.8026e-07
721.4	3.1837e-07
721.6	3.8732e-07
721.8	4.7122e-07
722.0	5.7328e-07
722.2	6.9745e-07
722.4	8.4852e-07
722.6	1.0323e-06
722.8	1.2559e-06
723.0	1.5279e-06
723.2	1.8589e-06
723.4	2.2615e-06
723.6	2.7513e-06
723.8	3.3472e-06
724.0	4.0723e-06
724.2	4.9543e-06
724.4	6.0274e-06
724.6	7.3329e-06
724.8	8.9212e-06
725.0	1.0853e-05
725.2	1.1846e-05
725.4	1.2908e-05
725.6	1.4065e-05
725.8	1.5326e-05
726.0	1.67e-05
726.2	1.8197e-05
726.4	1.9829e-05
726.6	2.1606e-05
726.8	2.3543e-05
727.0	2.5654e-05
727.2	2.7954e-05
727.4	3.046e-05
727.6	3.3191e-05
727.8	3.6166e-05
728.0	3.9408e-05
728.2	4.2941e-05
728.4	4.6791e-05
728.6	5.0986e-05
728.8	4.9778e-05
729.0	4.7555e-05
729.2	4.5432e-05
729.4	4.3403e-05
729.6	4.1465e-05
729.8	3.9614e-05
730.0	3.7845e-05
730.2	3.6155e-05
730.4	3.4541e-05
730.6	3.2998e-05
730.8	3.1525e-05
731.0	3.0117e-05
731.2	2.8773e-05
731.4	2.7488e-05
731.6	2.626e-05
731.8	2.5088e-05
732.0	2.3968e-05
732.2	2.2898e-05
732.4	2.2322e-05
732.6	2.1959e-05
732.8	2.1602e-05
733.0	2.1251e-05
733.2	2.0906e-05
733.4	2.0566e-05
733.6	2.0232e-05
733.8	1.9903e-05
734.0	1.958e-05
734.2	1.9262e-05
734.4	1.8949e-05
734.6	1.8641e-05
734.8	1.8338e-05
735.0	1.804e-05
735.2	1.7747e-05
735.4	1.7458e-05
735.6	1.7175e-05
735.8	1.6895e-05
736.0	1.6533e-05
736.2	1.6111e-05
736.4	1.5699e-05
736.6	1.5297e-05
736.8	1.4906e-05
737.0	1.4525e-05
737.2	1.4154e-05
737.4	1.3792e-05
737.6	1.3439e-05
737.8	1.3095e-05
738.0	1.276e-05
738.2	1.2343e-05
738.4	1.1939e-05
738.6	1.1548e-05
738.8	1.1171e-05
739.0	1.0805e-05
739.2	1.0648e-05
739.4	1.0668e-05
739.6	1.0688e-05
739.8	1.0708e-05
740.0	1.0728e-05
740.2	1.0748e-05
740.4	1.0768e-05
740.6	1.0788e-05
740.8	1.0808e-05
741.0	1.0828e-05
741.2	1.0848e-05
741.4	1.0868e-05
741.6	1.0889e-05
741.8	1.0909e-05
742.0	1.0929e-05
742.2	1.095e-05
742.4	1.097e-05
742.6	1.099e-05
742.8	1.1141e-05
743.0	1.1587e-05
743.2	1.2051e-05
743.4	1.2534e-05
743.6	1.3036e-05
743.8	1.3557e-05
744.0	1.41e-05
744.2	1.4665e-05
744.4	1.5252e-05
744.6	1.5862e-05
744.8	1.6497e-05
745.0	1.7158e-05
745.2	1.7845e-05
745.4	1.8559e-05
745.6	1.9302e-05
745.8	2.0075e-05
746.0	2.0879e-05
746.2	2.1715e-05
746.4	2.257e-05
746.6	2.3348e-05
746.8	2.4151e-05
747.0	2.4983e-05
747.2	2.5843e-05
747.4	2.6733e-05
747.6	2.7653e-05
747.8	2.8605e-05
748.0	2.959e-05
748.2	3.0609e-05
748.4	3.1663e-05
748.6	3.2753e-05
748.8	3.3881e-05
749.0	3.5048e-05
749.2	3.6254e-05
749.4	3.7502e-05
749.6	3.8794e-05
749.8	4.0129e-05
750.0	4.1511e-05
750.2	4.2288e-05
750.4	4.3018e-05
750.6	4.3761e-05
750.8	4.4516e-05
751.0	4.5285e-05
751.2	4.6067e-05
751.4	4.6862e-05
751.6	4.7671e-05
751.8	4.8494e-05
752.0	4.9331e-05
752.2	5.0183e-05
752.4	5.105e-05
752.6	5.1931e-05
752.8	5.2828e-05
753.0	5.374e-05
753.2	5.4667e-05
753.4	5.5611e-05
753.6	5.6571e-05
753.8	5.6095e-05
754.0	5.5086e-05
754.2	5.4095e-05
754.4	5.3122e-05
754.6	5.2167e-05
754.8	5.1228e-05
755.0	5.0307e-05
755.2	4.9402e-05
755.4	4.8513e-05
755.6	4.7641e-05
755.8	4.6784e-05
756.0	4.5942e-05
756.2	4.5116e-05
756.4	4.4304e-05
756.6	4.3507e-05
756.8	4.2724e-05
757.0	4.1956e-05
757.2	4.1201e-05
757.4	4.0727e-05
757.6	4.0475e-05
757.8	4.0224e-05
758.0	3.9976e-05
758.2	3.9728e-05
758.4	3.9483e-05
758.6	3.9238e-05
758.8	3.8996e-05
759.0	3.8754e-05
759.2	3.8515e-05
759.4	3.8276e-05
759.6	3.8039e-05
759.8	3.7804e-05
760.0	3.757e-05
760.2	3.7338e-05
760.4	3.7107e-05
760.6	3.6877e-05
760.8	3.6649e-05
761.0	3.6829e-05
761.2	3.7671e-05
761.4	3.8533e-05
761.6	3.9415e-05
761.8	4.0316e-05
762.0	4.1238e-05
762.2	4.2182e-05
762.4	4.3147e-05
762.6	4.4134e-05
762.8	4.5143e-05
763.0	4.6176e-05
763.2	4.7232e-05
763.4	4.8313e-05
763.6	4.9418e-05
763.8	5.0548e-05
764.0	5.1705e-05
764.2	5.2888e-05
764.4	5.4097e-05
764.6	5.5259e-05
764.8	5.6186e-05
765.0	5.7128e-05
765.2	5.8086e-05
765.4	5.9061e-05
765.6	6.0051e-05
765.8	6.1059e-05
766.0	6.2083e-05
766.2	6.3124e-05
766.4	6.4183e-05
766.6	6.526e-05
766.8	6.6354e-05
767.0	6.7467e-05
767.2	6.8599e-05
767.4	6.9749e-05
767.6	7.0919e-05
767.8	7.2109e-05
768.0	7.3319e-05
768.2	7.446e-05
768.4	7.4657e-05
768.6	7.4854e-05
768.8	7.5052e-05
769.0	7.5251e-05
769.2	7.545e-05
769.4	7.565e-05
769.6	7.585e-05
769.8	7.6051e-05
770.0	7.6252e-05
770.2	7.6454e-05
770.4	7.6656e-05
770.6	7.6859e-05
770.8	7.7062e-05
771.0	7.7266e-05
771.2	7.7471e-05
771.4	7.7676e-05
771.6	7.7881e-05
771.8	7.8087e-05
772.0	7.8022e-05
772.2	7.7943e-05
772.4	7.7864e-05
772.6	7.7785e-05
772.8	7.7706e-05
773.0	7.7627e-05
773.2	7.7548e-05
773.4	7.7469e-05
773.6	7.739e-05
773.8	7.7312e-05
774.0	7.7233e-05
774.2	7.7155e-05
774.4	7.7076e-05
774.6	7.6998e-05
774.8	7.692e-05
775.0	7.6842e-05
775.2	7.6764e-05
775.4	7.6686e-05
775.6	7.6379e-05
775.8	7.6025e-05
776.0	7.5673e-05
776.2	7.5322e-05
776.4	7.4973e-05
776.6	7.4626e-05
776.8	7.428e-05
777.0	7.3936e-05
777.2	7.3593e-05
777.4	7.3252e-05
777.6	7.2913e-05
777.8	7.2575e-05
778.0	7.2239e-05
778.2	7.1904e-05
778.4	7.1571e-05
778.6	7.1239e-05
778.8	7.0909e-05
779.0	7.0581e-05
779.2	7.0502e-05
779.4	7.0525e-05
779.6	7.0547e-05
779.8	7.057e-05
780.0	7.0593e-05
780.2	7.0616e-05
780.4	7.0639e-05
780.6	7.0662e-05
780.8	7.0684e-05
781.0	7.0707e-05
781.2	7.073e-05
781.4	7.0753e-05
781.6	7.0776e-05
781.8	7.0799e-05
782.0	7.0822e-05
782.2	7.0845e-05
782.4	7.0867e-05
782.6	7.089e-05
782.8	7.0854e-05
783.0	7.0778e-05
783.2	7.0702e-05
783.4	7.0627e-05
783.6	7.0551e-05
783.8	7.0476e-05
784.0	7.0401e-05
784.2	7.0326e-05
784.4	7.025e-05
784.6	7.0175e-05
784.8	7.01e-05
785.0	7.0026e-05
785.2	6.9951e-05
785.4	6.9876e-05
785.6	6.9801e-05
785.8	6.9727e-05
786.0	6.9652e-05
786.2	6.9578e-05
786.4	6.8243e-05
786.6	6.5768e-05
786.8	6.3383e-05
787.0	6.1084e-05
787.2	5.8868e-05
787.4	5.6733e-05
787.6	5.4675e-05
787.8	5.2692e-05
788.0	5.0781e-05
788.2	4.8939e-05
788.4	4.7164e-05
788.6	4.5453e-05
788.8	4.3804e-05
789.0	4.2215e-05
789.2	4.0684e-05
789.4	3.9208e-05
789.6	3.7786e-05
789.8	3.6416e-05
790.0	3.5013e-05
790.2	3.3558e-05
790.4	3.2163e-05
790.6	3.0827e-05
790.8	2.9546e-05
791.0	2.8318e-05
791.2	2.7141e-05
791.4	2.6013e-05
791.6	2.4932e-05
791.8	2.3896e-05
792.0	2.2903e-05
792.2	2.1951e-05
792.4	2.1039e-05
792.6	2.0165e-05
792.8	1.9327e-05
793.0	1.8523e-05
793.2	1.7754e-05
793.4	1.7016e-05
793.6	1.6529e-05
793.8	1.6461e-05
794.0	1.6393e-05
794.2	1.6326e-05
794.4	1.6258e-05
794.6	1.6191e-05
794.8	1.6125e-05
795.0	1.6058e-05
795.2	1.5857e-05
795.4	1.5658e-05
795.6	1.5462e-05
795.8	1.5268e-05
796.0	1.5076e-05
796.2	1.4887e-05
796.4	1.4701e-05
796.6	1.4516e-05
796.8	1.4334e-05
797.0	1.4155e-05
797.2	1.413e-05
797.4	1.4515e-05
797.6	1.4911e-05
797.8	1.5318e-05
798.0	1.5736e-05
798.2	1.6165e-05
798.4	1.6606e-05
798.6	1.7059e-05
798.8	1.7524e-05
799.0	1.8002e-05
799.2	1.8493e-05
799.4	1.8997e-05
799.6	1.9515e-05
799.8	2.0048e-05
800.0	2.0595e-05
800.2	2.1156e-05
800.4	2.1733e-05
800.6	2.2326e-05
800.8	2.3028e-05
801.0	2.4096e-05
801.2	2.5214e-05
801.4	2.6383e-05
801.6	2.7607e-05
801.8	2.8887e-05
802.0	3.0227e-05
802.2	3.1629e-05
802.4	3.3096e-05
802.6	3.4631e-05
802.8	3.6237e-05
803.0	3.7918e-05
803.2	3.9136e-05
803.4	4.0394e-05
803.6	4.1692e-05
803.8	4.3031e-05
804.0	4.4414e-05
804.2	4.5841e-05
804.4	4.5638e-05
804.6	4.5126e-05
804.8	4.4619e-05
805.0	4.4118e-05
805.2	4.3623e-05
805.4	4.3133e-05
805.6	4.2649e-05
805.8	4.217e-05
806.0	4.1696e-05
806.2	4.1228e-05
806.4	4.0765e-05
806.6	4.0307e-05
806.8	3.9855e-05
807.0	3.9407e-05
807.2	3.8965e-05
807.4	3.8527e-05
807.6	3.8094e-05
807.8	3.7667e-05
808.0	3.6917e-05
808.2	3.6052e-05
808.4	3.5207e-05
808.6	3.4383e-05
808.8	3.3577e-05
809.0	3.279e-05
809.2	3.2022e-05
809.4	3.1272e-05
809.6	3.0539e-05
809.8	2.9824e-05
810.0	2.9125e-05
810.2	2.8443e-05
810.4	2.7777e-05
810.6	2.7126e-05
810.8	2.649e-05
811.0	2.587e-05
811.2	2.5264e-05
811.4	2.4672e-05
811.6	2.4616e-05
811.8	2.4929e-05
812.0	2.5246e-05
812.2	2.5566e-05
812.4	2.5891e-05
812.6	2.622e-05
812.8	2.6554e-05
813.0	2.6891e-05
813.2	2.7233e-05
813.4	2.7579e-05
813.6	2.7929e-05
813.8	2.8284e-05
814.0	2.8644e-05
814.2	2.9008e-05
814.4	2.9376e-05
814.6	2.975e-05
814.8	3.0128e-05
815.0	3.051e-05
815.2	3.1262e-05
815.4	3.244e-05
815.6	3.3663e-05
815.8	3.4932e-05
816.0	3.6248e-05
816.2	3.7615e-05
816.4	3.9033e-05
816.6	4.0504e-05
816.8	4.2031e-05
817.0	4.3615e-05
817.2	4.5259e-05
817.4	4.6965e-05
817.6	4.8735e-05
817.8	5.0572e-05
818.0	5.2478e-05
818.2	5.4456e-05
818.4	5.6509e-05
818.6	5.8639e-05
818.8	6.0573e-05
819.0	6.21e-05
819.2	6.3666e-05
819.4	6.5271e-05
819.6	6.6916e-05
819.8	6.8603e-05
820.0	7.0332e-05
820.2	7.2105e-05
820.4	7.3922e-05
820.6	7.5786e-05
820.8	7.7696e-05
821.0	7.9655e-05
821.2	8.1663e-05
821.4	8.3721e-05
821.6	8.5832e-05
821.8	8.7995e-05
822.0	9.0213e-05
822.2	9.2487e-05
822.4	9.4164e-05
822.6	9.4219e-05
822.8	9.4274e-05
823.0	9.4329e-05
823.2	9.4384e-05
823.4	9.4439e-05
823.6	9.4494e-05
823.8	9.4549e-05
824.0	9.4604e-05
824.2	9.466e-05
824.4	9.4715e-05
824.6	9.477e-05
824.8	9.4825e-05
825.0	9.4881e-05
825.2	9.4936e-05
825.4	9.4991e-05
825.6	9.5047e-05
825.8	9.5102e-05
826.0	9.491e-05
826.2	9.3735e-05
826.4	9.2574e-05
826.6	9.1428e-05
826.8	9.0296e-05
827.0	8.9178e-05
827.2	8.8074e-05
827.4	8.6983e-05
827.6	8.5906e-05
827.8	8.4842e-05
828.0	8.3792e-05
828.2	8.2754e-05
828.4	8.173e-05
828.6	8.0718e-05
828.8	7.9718e-05
829.0	7.8731e-05
829.2	7.7757e-05
829.4	7.6794e-05
829.6	7.5459e-05
829.8	7.167e-05
830.0	6.8071e-05
830.2	6.4653e-05
830.4	6.1406e-05
830.6	5.8323e-05
830.8	5.5394e-05
831.0	5.2613e-05
831.2	4.9971e-05
831.4	4.7462e-05
831.6	4.5078e-05
831.8	4.2815e-05
832.0	4.0665e-05
832.2	3.8623e-05
832.4	3.6684e-05
832.6	3.4842e-05
832.8	3.3092e-05
833.0	3.143e-05
833.2	2.9844e-05
833.4	2.822e-05
833.6	2.6686e-05
833.8	2.5234e-05
834.0	2.3862e-05
834.2	2.2564e-05
834.4	2.1337e-05
834.6	2.0176e-05
834.8	1.9079e-05
835.0	1.8041e-05
835.2	1.706e-05
835.4	1.6132e-05
835.6	1.5255e-05
835.8	1.4425e-05
836.0	1.3641e-05
836.2	1.2899e-05
836.4	1.2197e-05
836.6	1.1534e-05
836.8	1.0909e-05
837.0	1.0563e-05
837.2	1.0227e-05
837.4	9.9024e-06
837.6	9.5878e-06
837.8	9.2833e-06
838.0	8.9884e-06
838.2	8.7029e-06
838.4	8.4264e-06
838.6	8.1588e-06
838.8	7.8996e-06
839.0	7.6487e-06
839.2	7.4058e-06
839.4	7.1705e-06
839.6	6.9427e-06
839.8	6.7222e-06
840.0	6.5087e-06
840.2	6.302e-06
840.4	6.1018e-06
840.6	6.0705e-06
840.8	6.0454e-06
841.0	6.0203e-06
841.2	5.9954e-06
841.4	5.9706e-06
841.6	5.9458e-06
841.8	5.9212e-06
842.0	5.8967e-06
842.2	5.8722e-06
842.4	5.8479e-06
842.6	5.8237e-06
842.8	5.7996e-06
843.0	5.7755e-06
843.2	5.7516e-06
843.4	5.7278e-06
843.6	5.7041e-06
843.8	5.6804e-06
844.0	5.6569e-06
844.2	5.7792e-06
844.4	5.9154e-06
844.6	6.0549e-06
844.8	6.1976e-06
845.0	6.3438e-06
845.2	6.4933e-06
845.4	6.6464e-06
845.6	6.8031e-06
845.8	6.9635e-06
846.0	7.1277e-06
846.2	7.2957e-06
846.4	7.4678e-06
846.6	7.6438e-06
846.8	7.824e-06
847.0	8.0085e-06
847.2	8.1973e-06
847.4	8.3906e-06
847.6	8.5884e-06
847.8	9.0303e-06
848.0	9.5218e-06
848.2	1.004e-05
848.4	1.0586e-05
848.6	1.1163e-05
848.8	1.177e-05
849.0	1.2411e-05
849.2	1.3086e-05
849.4	1.3799e-05
849.6	1.4549e-05
849.8	1.5341e-05
850.0	1.6176e-05
850.2	1.7057e-05
850.4	1.7985e-05
850.6	1.8964e-05
850.8	1.9996e-05
851.0	2.1084e-05
851.2	2.2232e-05
851.4	2.3056e-05
851.6	2.3859e-05
851.8	2.4691e-05
852.0	2.5551e-05
852.2	2.6441e-05
852.4	2.7362e-05
852.6	2.8316e-05
852.8	2.9302e-05
853.0	3.0323e-05
853.2	3.1379e-05
853.4	3.2473e-05
853.6	3.3604e-05
853.8	3.4775e-05
854.0	3.5986e-05
854.2	3.724e-05
854.4	3.8538e-05
854.6	3.988e-05
854.8	4.127e-05
855.0	4.0583e-05
855.2	3.9631e-05
855.4	3.8701e-05
855.6	3.7793e-05
855.8	3.6907e-05
856.0	3.6041e-05
856.2	3.5196e-05
856.4	3.437e-05
856.6	3.3564e-05
856.8	3.2776e-05
857.0	3.2008e-05
857.2	3.1257e-05
857.4	3.0523e-05
857.6	2.9807e-05
857.8	2.9108e-05
858.0	2.8425e-05
858.2	2.7759e-05
858.4	2.7107e-05
858.6	2.6752e-05
858.8	2.6438e-05
859.0	2.6127e-05
859.2	2.582e-05
859.4	2.5517e-05
859.6	2.5217e-05
859.8	2.492e-05
860.0	2.4628e-05
860.2	2.4338e-05
860.4	2.4052e-05
860.6	2.3769e-05
860.8	2.349e-05
861.0	2.3214e-05
861.2	2.2941e-05
861.4	2.2672e-05
861.6	2.2405e-05
861.8	2.2142e-05
862.0	2.1882e-05
862.2	2.227e-05
862.4	2.2743e-05
862.6	2.3226e-05
862.8	2.3719e-05
863.0	2.4223e-05
863.2	2.4738e-05
863.4	2.5263e-05
863.6	2.58e-05
863.8	2.6348e-05
864.0	2.6908e-05
864.2	2.7479e-05
864.4	2.8063e-05
864.6	2.8659e-05
864.8	2.9268e-05
865.0	2.989e-05
865.2	3.0525e-05
865.4	3.1173e-05
865.6	3.1836e-05
865.8	3.3134e-05
866.0	3.4546e-05
866.2	3.6018e-05
866.4	3.7554e-05
866.6	3.9154e-05
866.8	4.0823e-05
867.0	4.2562e-05
867.2	4.4376e-05
867.4	4.6268e-05
867.6	4.824e-05
867.8	5.0295e-05
868.0	5.2439e-05
868.2	5.4092e-05
868.4	5.5798e-05
868.6	5.7849e-05
868.8	6.0133e-05
869.0	6.2507e-05
869.2	6.4974e-05
869.4	6.7607e-05
869.6	7.0404e-05
869.8	7.3316e-05
870.0	7.6348e-05
870.2	7.9258e-05
870.4	8.1965e-05
870.6	8.4764e-05
870.8	8.7659e-05
871.0	9.0198e-05
871.2	9.1949e-05
871.4	9.3733e-05
871.6	9.5553e-05
871.8	9.7131e-05
872.0	9.79e-05
872.2	9.8675e-05
872.4	9.9455e-05
872.6	1.0019e-04
872.8	1.006e-04
873.0	1.0101e-04
873.2	1.0142e-04
873.4	1.018e-04
873.6	1.0146e-04
873.8	1.0111e-04
874.0	1.0076e-04
874.2	1.0042e-04
874.4	9.983e-05
874.6	9.923e-05
874.8	9.8634e-05
875.0	9.8041e-05
875.2	9.7734e-05
875.4	9.7479e-05
875.6	9.7226e-05
875.8	9.6972e-05
876.0	9.6635e-05
876.2	9.627e-05
876.4	9.5906e-05
876.6	9.5544e-05
876.8	9.5319e-05
877.0	9.5167e-05
877.2	9.5016e-05
877.4	9.4865e-05
877.6	9.4722e-05
877.8	9.4586e-05
878.0	9.445e-05
878.2	9.4315e-05
878.4	9.4176e-05
878.6	9.4034e-05
878.8	9.3892e-05
879.0	9.3751e-05
879.2	9.3608e-05
879.4	9.3463e-05
879.6	9.3318e-05
879.8	9.3173e-05
880.0	9.2988e-05
880.2	9.2691e-05
880.4	9.2394e-05
880.6	9.2099e-05
880.8	9.1575e-05
881.0	8.9869e-05
881.2	8.8194e-05
881.4	8.655e-05
881.6	8.4945e-05
881.8	8.3486e-05
882.0	8.2052e-05
882.2	8.0643e-05
882.4	7.9258e-05
882.6	7.6775e-05
882.8	7.4337e-05
883.0	7.1976e-05
883.2	6.969e-05
883.4	6.7256e-05
883.6	6.4876e-05
883.8	6.2581e-05
884.0	6.0366e-05
884.2	5.8102e-05
884.4	5.5889e-05
884.6	5.3759e-05
884.8	5.1711e-05
885.0	4.9617e-05
885.2	4.7554e-05
885.4	4.5577e-05
885.6	4.3681e-05
885.8	4.1804e-05
886.0	3.9967e-05
886.2	3.8212e-05
886.4	3.6533e-05
886.6	3.4905e-05
886.8	3.3327e-05
887.0	3.1821e-05
887.2	3.0382e-05
887.4	2.909e-05
887.6	2.7964e-05
887.8	2.6881e-05
888.0	2.584e-05
888.2	2.487e-05
888.4	2.3997e-05
888.6	2.3155e-05
888.8	2.2342e-05
889.0	2.1583e-05
889.2	2.0934e-05
889.4	2.0304e-05
889.6	1.9694e-05
889.8	1.9092e-05
890.0	1.8454e-05
890.2	1.7836e-05
890.4	1.7239e-05
890.6	1.6669e-05
890.8	1.6243e-05
891.0	1.5829e-05
891.2	1.5425e-05
891.4	1.5031e-05
891.6	1.4488e-05
891.8	1.3957e-05
892.0	1.3446e-05
892.2	1.2953e-05
892.4	1.2627e-05
892.6	1.2332e-05
892.8	1.2044e-05
893.0	1.1762e-05
893.2	1.1496e-05
893.4	1.1239e-05
893.6	1.0987e-05
893.8	1.0741e-05
894.0	1.0474e-05
894.2	1.0203e-05
894.4	9.9378e-06
894.6	9.68e-06
894.8	9.5378e-06
895.0	9.47e-06
895.2	9.4026e-06
895.4	9.3357e-06
895.6	9.2225e-06
895.8	9.0666e-06
896.0	8.9132e-06
896.2	8.7625e-06
896.4	8.6472e-06
896.6	8.5774e-06
896.8	8.5082e-06
897.0	8.4396e-06
897.2	8.3734e-06
897.4	8.3116e-06
897.6	8.2503e-06
897.8	8.1894e-06
898.0	8.1321e-06
898.2	8.0843e-06
898.4	8.0368e-06
898.6	7.9896e-06
898.8	7.9427e-06
899.0	7.8966e-06
899.2	7.8508e-06
899.4	7.8052e-06
899.6	7.7672e-06
899.8	7.8134e-06
900.0	7.8598e-06
900.2	7.9065e-06
900.4	7.9534e-06
900.6	8.0469e-06
900.8	8.1418e-06
901.0	8.2377e-06
901.2	8.3348e-06
901.4	8.4306e-06
901.6	8.5273e-06
901.8	8.6252e-06
902.0	8.7241e-06
902.2	8.7936e-06
902.4	8.8574e-06
902.6	8.9217e-06
902.8	8.9864e-06
903.0	9.1313e-06
903.2	9.3063e-06
903.4	9.4848e-06
903.6	9.6667e-06
903.8	9.9264e-06
904.0	1.0233e-05
904.2	1.0549e-05
904.4	1.0874e-05
904.6	1.1157e-05
904.8	1.141e-05
905.0	1.1668e-05
905.2	1.1932e-05
905.4	1.2323e-05
905.6	1.2854e-05
905.8	1.3408e-05
906.0	1.3986e-05
906.2	1.4516e-05
906.4	1.496e-05
906.6	1.5418e-05
906.8	1.589e-05
907.0	1.6471e-05
907.2	1.7269e-05
907.4	1.8106e-05
907.6	1.8983e-05
907.8	1.9893e-05
908.0	2.0815e-05
908.2	2.1779e-05
908.4	2.2788e-05
908.6	2.3885e-05
908.8	2.5238e-05
909.0	2.6668e-05
909.2	2.818e-05
909.4	2.9788e-05
909.6	3.16e-05
909.8	3.3523e-05
910.0	3.5562e-05
910.2	3.7729e-05
910.4	4.0218e-05
910.6	4.287e-05
910.8	4.5698e-05
911.0	4.8712e-05
911.2	5.2086e-05
911.4	5.5706e-05
911.6	5.9577e-05
911.8	6.3717e-05
912.0	6.7674e-05
912.2	7.1796e-05
912.4	7.6169e-05
912.6	8.0808e-05
912.8	8.4403e-05
913.0	8.7782e-05
913.2	9.1297e-05
913.4	9.4952e-05
913.6	9.698e-05
913.8	9.8321e-05
914.0	9.968e-05
914.2	1.0106e-04
914.4	1.0076e-04
914.6	9.9472e-05
914.8	9.8205e-05
915.0	9.6954e-05
915.2	9.4592e-05
915.4	9.1416e-05
915.6	8.8347e-05
915.8	8.5381e-05
916.0	8.2194e-05
916.2	7.8791e-05
916.4	7.553e-05
916.6	7.2404e-05
916.8	6.942e-05
917.0	6.6579e-05
917.2	6.3855e-05
917.4	6.1241e-05
917.6	5.8768e-05
917.8	5.646e-05
918.0	5.4242e-05
918.2	5.2111e-05
918.4	5.0176e-05
918.6	4.863e-05
918.8	4.7132e-05
919.0	4.568e-05
919.2	4.4287e-05
919.4	4.2996e-05
919.6	4.1743e-05
919.8	4.0527e-05
920.0	3.9386e-05
920.2	3.8598e-05
920.4	3.7826e-05
920.6	3.7069e-05
920.8	3.6334e-05
921.0	3.578e-05
921.2	3.5235e-05
921.4	3.4699e-05
921.6	3.417e-05
921.8	3.3946e-05
922.0	3.3735e-05
922.2	3.3524e-05
922.4	3.3316e-05
922.6	3.3273e-05
922.8	3.3249e-05
923.0	3.3225e-05
923.2	3.3202e-05
923.4	3.3355e-05
923.6	3.3547e-05
923.8	3.374e-05
924.0	3.3934e-05
924.2	3.4174e-05
924.4	3.443e-05
924.6	3.4688e-05
924.8	3.4949e-05
925.0	3.551e-05
925.2	3.6221e-05
925.4	3.6946e-05
925.6	3.7686e-05
925.8	3.8266e-05
926.0	3.8746e-05
926.2	3.9231e-05
926.4	3.9722e-05
926.6	4.0608e-05
926.8	4.1847e-05
927.0	4.3125e-05
927.2	4.4441e-05
927.4	4.5785e-05
927.6	4.7156e-05
927.8	4.8567e-05
928.0	5.0021e-05
928.2	5.1833e-05
928.4	5.4185e-05
928.6	5.6643e-05
928.8	5.9213e-05
929.0	6.1904e-05
929.2	6.4726e-05
929.4	6.7677e-05
929.6	7.0762e-05
929.8	7.4215e-05
930.0	7.8467e-05
930.2	8.2963e-05
930.4	8.7717e-05
930.6	9.2802e-05
930.8	9.8413e-05
931.0	1.0436e-04
931.2	1.1067e-04
931.4	1.1759e-04
931.6	1.2638e-04
931.8	1.3583e-04
932.0	1.4598e-04
932.2	1.5499e-04
932.4	1.6896e-04
932.6	1.8112e-04
932.8	1.9851e-04
933.0	2.1791e-04
933.2	2.4169e-04
933.4	2.6723e-04
933.6	2.8887e-04
933.8	3.2343e-04
934.0	3.6157e-04
934.2	4.096e-04
934.4	4.599e-04
934.6	5.2026e-04
934.8	5.9484e-04
935.0	6.7877e-04
935.2	7.8143e-04
935.4	9.2144e-04
935.6	0.00107
935.8	0.00124
936.0	0.00147
936.2	0.00174
936.4	0.00205
936.6	0.0024
936.8	0.00275
937.0	0.00312
937.2	0.00342
937.4	0.00364
937.6	0.00372
937.8	0.00362
938.0	0.00345
938.2	0.00315
938.4	0.00285
938.6	0.00257
938.8	0.00227
939.0	0.00203
939.2	0.00181
939.4	0.00161
939.6	0.00147
939.8	0.00133
940.0	0.00121
940.2	0.00111
940.4	0.00102
940.6	9.5334e-04
940.8	8.8739e-04
941.0	8.3155e-04
941.2	7.8471e-04
941.4	7.4358e-04
941.6	7.101e-04
941.8	6.7403e-04
942.0	6.4259e-04
942.2	6.2761e-04
942.4	5.9825e-04
942.6	5.8375e-04
942.8	5.6417e-04
943.0	5.5052e-04
943.2	5.3859e-04
943.4	5.304e-04
943.6	5.2127e-04
943.8	5.1495e-04
944.0	5.0757e-04
944.2	5.0636e-04
944.4	5.0475e-04
944.6	5.0756e-04
944.8	5.0413e-04
945.0	5.0703e-04
945.2	5.0295e-04
945.4	5.054e-04
945.6	5.1061e-04
945.8	5.2147e-04
946.0	5.2382e-04
946.2	5.282e-04
946.4	5.443e-04
946.6	5.5086e-04
946.8	5.6793e-04
947.0	5.8279e-04
947.2	5.9876e-04
947.4	6.1018e-04
947.6	6.3105e-04
947.8	6.5524e-04
948.0	6.8117e-04
948.2	7.1396e-04
948.4	7.3719e-04
948.6	7.6337e-04
948.8	8.0343e-04
949.0	8.4396e-04
949.2	8.8617e-04
949.4	9.4348e-04
949.6	9.917e-04
949.8	0.00104
950.0	0.00111
950.2	0.0012
950.4	0.00128
950.6	0.00138
950.8	0.00148
951.0	0.00162
951.2	0.00174
951.4	0.0019
951.6	0.00209
951.8	0.00229
952.0	0.00253
952.2	0.00279
952.4	0.0031
952.6	0.00343
952.8	0.00382
953.0	0.00424
953.2	0.00472
953.4	0.00523
953.6	0.00574
953.8	0.00624
954.0	0.00673
954.2	0.00718
954.4	0.00747
954.6	0.00761
954.8	0.0076
955.0	0.00745
955.2	0.00718
955.4	0.00675
955.6	0.0063
955.8	0.00583
956.0	0.00536
956.2	0.0049
956.4	0.00446
956.6	0.00405
956.8	0.00371
957.0	0.0034
957.2	0.00312
957.4	0.00285
957.6	0.00263
957.8	0.00245
958.0	0.00226
958.2	0.0021
958.4	0.00196
958.6	0.00185
958.8	0.00174
959.0	0.00163
959.2	0.00154
959.4	0.00147
959.6	0.0014
959.8	0.00134
960.0	0.00129
960.2	0.00123
960.4	0.00118
960.6	0.00114
960.8	0.0011
961.0	0.00107
961.2	0.00104
961.4	0.00101
961.6	9.9291e-04
961.8	9.6472e-04
962.0	9.4899e-04
962.2	9.3531e-04
962.4	9.1076e-04
962.6	9.0027e-04
962.8	8.9385e-04
963.0	8.8248e-04
963.2	8.8392e-04
963.4	8.7502e-04
963.6	8.7028e-04
963.8	8.6585e-04
964.0	8.7346e-04
964.2	8.6133e-04
964.4	8.6869e-04
964.6	8.6918e-04
964.8	8.7326e-04
965.0	8.7908e-04
965.2	8.929e-04
965.4	8.9883e-04
965.6	9.1372e-04
965.8	9.2853e-04
966.0	9.4716e-04
966.2	9.6151e-04
966.4	9.8756e-04
966.6	0.001
966.8	0.00104
967.0	0.00106
967.2	0.0011
967.4	0.00114
967.6	0.00117
967.8	0.00121
968.0	0.00126
968.2	0.00131
968.4	0.00137
968.6	0.00143
968.8	0.00151
969.0	0.00157
969.2	0.00166
969.4	0.00175
969.6	0.00186
969.8	0.00196
970.0	0.00209
970.2	0.00221
970.4	0.00237
970.6	0.00253
970.8	0.00271
971.0	0.0029
971.2	0.00312
971.4	0.00333
971.6	0.00356
971.8	0.00381
972.0	0.00399
972.2	0.00416
972.4	0.00443
972.6	0.00459
972.8	0.00482
973.0	0.00498
973.2	0.0051
973.4	0.00513
973.6	0.00515
973.8	0.00507
974.0	0.00491
974.2	0.00476
974.4	0.00452
974.6	0.00429
974.8	0.00403
975.0	0.00377
975.2	0.0035
975.4	0.00325
975.6	0.00302
975.8	0.00277
976.0	0.00258
976.2	0.00238
976.4	0.00221
976.6	0.00205
976.8	0.00191
977.0	0.00177
977.2	0.00165
977.4	0.00153
977.6	0.00144
977.8	0.00135
978.0	0.00128
978.2	0.0012
978.4	0.00115
978.6	0.00107
978.8	0.00103
979.0	9.714e-04
979.2	9.408e-04
979.4	8.8334e-04
979.6	8.5375e-04
979.8	8.2198e-04
980.0	7.9473e-04
980.2	7.6833e-04
980.4	7.3037e-04
980.6	7.1103e-04
980.8	6.9229e-04
981.0	6.6376e-04
981.2	6.4648e-04
981.4	6.2904e-04
981.6	6.1311e-04
981.8	6.0271e-04
982.0	5.9186e-04
982.2	5.8139e-04
982.4	5.6367e-04
982.6	5.6139e-04
982.8	5.5441e-04
983.0	5.4833e-04
983.2	5.3058e-04
983.4	5.3386e-04
983.6	5.2644e-04
983.8	5.239e-04
984.0	5.1538e-04
984.2	5.2035e-04
984.4	5.1487e-04
984.6	5.2256e-04
984.8	5.1116e-04
985.0	5.161e-04
985.2	5.1616e-04
985.4	5.2716e-04
985.6	5.1901e-04
985.8	5.2788e-04
986.0	5.2876e-04
986.2	5.3078e-04
986.4	5.339e-04
986.6	5.4755e-04
986.8	5.4995e-04
987.0	5.5742e-04
987.2	5.6526e-04
987.4	5.8284e-04
987.6	5.9758e-04
987.8	6.057e-04
988.0	6.1823e-04
988.2	6.4343e-04
988.4	6.5477e-04
988.6	6.7663e-04
988.8	6.885e-04
989.0	7.1475e-04
989.2	7.4235e-04
989.4	7.6639e-04
989.6	7.9596e-04
989.8	8.3108e-04
990.0	8.8551e-04
990.2	8.9672e-04
990.4	9.4944e-04
990.6	9.8513e-04
990.8	0.00106
991.0	0.00109
991.2	0.00118
991.4	0.00123
991.6	0.00132
991.8	0.00139
992.0	0.0015
992.2	0.00158
992.4	0.00173
992.6	0.00182
992.8	0.00201
993.0	0.00214
993.2	0.00237
993.4	0.00252
993.6	0.00283
993.8	0.00306
994.0	0.00341
994.2	0.00367
994.4	0.00418
994.6	0.00454
994.8	0.00507
995.0	0.00555
995.2	0.00625
995.4	0.00672
995.6	0.00738
995.8	0.00794
996.0	0.0085
996.2	0.00882
996.4	0.00912
996.6	0.00929
996.8	0.00907
997.0	0.00888
997.2	0.00844
997.4	0.008
997.6	0.00735
997.8	0.00695
998.0	0.00627
998.2	0.00578
998.4	0.00523
998.6	0.00485
998.8	0.00435
999.0	0.00403
999.2	0.00366
999.4	0.0034
999.6	0.00309
999.8	0.0029
1000.0	0.00267
1000.2	0.00252
1000.4	0.00234
1000.6	0.00218
1000.8	0.00205
1001.0	0.00191
1001.2	0.00182
1001.4	0.0017
1001.6	0.00162
1001.8	0.00153
1002.0	0.00147
1002.2	0.00139
1002.4	0.00135
1002.6	0.00127
1002.8	0.00124
1003.0	0.00118
1003.2	0.00115
1003.4	0.0011
1003.6	0.00109
1003.8	0.00103
1004.0	0.001
1004.2	9.6946e-04
1004.4	9.5775e-04
1004.6	9.252e-04
1004.8	9.0832e-04
1005.0	8.9436e-04
1005.2	8.7789e-04
1005.4	8.6582e-04
1005.6	8.4355e-04
1005.8	8.4581e-04
1006.0	8.2459e-04
1006.2	8.1947e-04
1006.4	8.0501e-04
1006.6	8.1099e-04
1006.8	7.9623e-04
1007.0	8.0107e-04
1007.2	7.8953e-04
1007.4	7.9438e-04
1007.6	7.9555e-04
1007.8	8.1043e-04
1008.0	7.9613e-04
1008.2	8.1175e-04
1008.4	8.1617e-04
1008.6	8.3701e-04
1008.8	8.3983e-04
1009.0	8.4249e-04
1009.2	8.7046e-04
1009.4	8.8535e-04
1009.6	9.1283e-04
1009.8	9.1199e-04
1010.0	9.6263e-04
1010.2	9.8906e-04
1010.4	0.00104
1010.6	0.00105
1010.8	0.00112
1011.0	0.00116
1011.2	0.00123
1011.4	0.00128
1011.6	0.00137
1011.8	0.00147
1012.0	0.00159
1012.2	0.0017
1012.4	0.00186
1012.6	0.00206
1012.8	0.00226
1013.0	0.00253
1013.2	0.00284
1013.4	0.00326
1013.6	0.00372
1013.8	0.00429
1014.0	0.00493
1014.2	0.0057
1014.4	0.00638
1014.6	0.00696
1014.8	0.00732
1015.0	0.0071
1015.2	0.00657
1015.4	0.0057
1015.6	0.00479
1015.8	0.00387
1016.0	0.00314
1016.2	0.00251
1016.4	0.00202
1016.6	0.00163
1016.8	0.00134
1017.0	0.0011
1017.2	9.1468e-04
1017.4	7.6329e-04
1017.6	6.5907e-04
1017.8	5.4628e-04
1018.0	4.6924e-04
1018.2	4.0484e-04
1018.4	3.5058e-04
1018.6	3.1282e-04
1018.8	2.699e-04
1019.0	2.3663e-04
1019.2	2.1413e-04
1019.4	1.8347e-04
1019.6	1.6522e-04
1019.8	1.455e-04
1020.0	1.3326e-04
1020.2	1.1611e-04
1020.4	1.0928e-04
1020.6	1.0021e-04
1020.8	8.9663e-05
1021.0	8.2656e-05
1021.2	7.6093e-05
1021.4	7.0394e-05
1021.6	6.3831e-05
1021.8	5.9845e-05
1022.0	5.4737e-05
1022.2	5.014e-05
1022.4	4.7618e-05
1022.6	4.4204e-05
1022.8	4.3547e-05
1023.0	3.9273e-05
1023.2	3.6512e-05
1023.4	3.522e-05
1023.6	3.3231e-05
1023.8	3.0513e-05
1024.0	2.9632e-05
1024.2	2.5033e-05
1024.4	2.7753e-05
1024.6	2.4313e-05
1024.8	2.2511e-05
1025.0	2.3002e-05
1025.2	1.9636e-05
1025.4	1.7994e-05
1025.6	1.7103e-05
1025.8	1.6255e-05
1026.0	1.545e-05
1026.2	1.4685e-05
1026.4	1.3957e-05
1026.6	1.3266e-05
1026.8	1.2609e-05
1027.0	1.1984e-05
1027.2	1.1576e-05
1027.4	1.1248e-05
1027.6	1.0929e-05
1027.8	1.0619e-05
1028.0	1.0318e-05
1028.2	1.0025e-05
1028.4	9.7407e-06
1028.6	9.4644e-06
1028.8	9.196e-06
1029.0	8.8999e-06
1029.2	8.6056e-06
1029.4	8.3211e-06
1029.6	8.046e-06
1029.8	7.78e-06
1030.0	7.5228e-06
1030.2	7.274e-06
1030.4	7.0335e-06
1030.6	6.801e-06
1030.8	6.7672e-06
1031.0	6.7575e-06
1031.2	6.7477e-06
1031.4	6.738e-06
1031.6	6.7283e-06
1031.8	6.7186e-06
1032.0	6.709e-06
1032.2	6.6993e-06
1032.4	6.6897e-06
1032.6	6.8414e-06
1032.8	7.0018e-06
1033.0	7.1659e-06
1033.2	7.3339e-06
1033.4	7.5058e-06
1033.6	7.6818e-06
1033.8	7.8618e-06
1034.0	8.0461e-06
1034.2	8.2177e-06
1034.4	8.1003e-06
1034.6	7.9846e-06
1034.8	7.8706e-06
1035.0	7.7581e-06
1035.2	7.6473e-06
1035.4	7.5381e-06
1035.6	7.4304e-06
1035.8	7.3242e-06
1036.0	7.2118e-06
1036.2	7.0541e-06
1036.4	6.8998e-06
1036.6	6.749e-06
1036.8	6.6014e-06
1037.0	6.457e-06
1037.2	6.3158e-06
1037.4	6.1777e-06
1037.6	6.0426e-06
1037.8	5.9004e-06
1038.0	5.729e-06
1038.2	5.5626e-06
1038.4	5.4011e-06
1038.6	5.2442e-06
1038.8	5.0918e-06
1039.0	4.9439e-06
1039.2	4.8003e-06
1039.4	4.6609e-06
1039.6	4.5554e-06
1039.8	4.5148e-06
1040.0	4.4747e-06
1040.2	4.4349e-06
1040.4	4.3955e-06
1040.6	4.3564e-06
1040.8	4.3176e-06
1041.0	4.2792e-06
1041.2	4.2412e-06
1041.4	4.156e-06
1041.6	4.0064e-06
1041.8	3.8622e-06
1042.0	3.7232e-06
1042.2	3.5892e-06
1042.4	3.46e-06
1042.6	3.3355e-06
1042.8	3.2154e-06
1043.0	3.0997e-06
1043.2	3.0806e-06
1043.4	3.1544e-06
1043.6	3.2299e-06
1043.8	3.3073e-06
1044.0	3.3865e-06
1044.2	3.4677e-06
1044.4	3.5507e-06
1044.6	3.6358e-06
1044.8	3.7229e-06
1045.0	4.943e-06
1045.2	5.1802e-06
1045.4	5.4288e-06
1045.6	5.6893e-06
1045.8	5.8544e-06
1046.0	5.5276e-06
1046.2	5.219e-06
1046.4	4.9277e-06
1046.6	4.6526e-06
1046.8	4.6937e-06
1047.0	4.8587e-06
1047.2	5.0295e-06
1047.4	5.2063e-06
1047.6	5.2544e-06
1047.8	4.9427e-06
1048.0	4.6494e-06
1048.2	4.3736e-06
1048.4	4.1141e-06
1048.6	4.2452e-06
1048.8	4.4766e-06
1049.0	4.7205e-06
1049.2	4.9778e-06
1049.4	5.2186e-06
1049.6	5.4135e-06
1049.8	5.6156e-06
1050.0	5.8253e-06
1050.2	6.0428e-06
1050.4	5.7217e-06
1050.6	5.363e-06
1050.8	5.0267e-06
1051.0	4.7116e-06
1051.2	4.57e-06
1051.4	4.622e-06
1051.6	4.6747e-06
1051.8	4.7279e-06
1052.0	4.7818e-06
1052.2	4.9687e-06
1052.4	5.1637e-06
1052.6	5.3664e-06
1052.8	5.577e-06
1053.0	5.5377e-06
1053.2	5.2934e-06
1053.4	5.0599e-06
1053.6	4.8367e-06
1053.8	4.6642e-06
1054.0	4.9167e-06
1054.2	5.1828e-06
1054.4	5.4634e-06
1054.6	5.7592e-06
1054.8	5.7331e-06
1055.0	5.5263e-06
1055.2	5.3269e-06
1055.4	5.1348e-06
1055.6	4.9743e-06
1055.8	4.9222e-06
1056.0	4.8707e-06
1056.2	4.8198e-06
1056.4	4.7694e-06
1056.6	4.8707e-06
1056.8	5.0295e-06
1057.0	5.1935e-06
1057.2	5.3629e-06
1057.4	5.4153e-06
1057.6	5.177e-06
1057.8	4.9491e-06
1058.0	4.7313e-06
1058.2	4.523e-06
1058.4	3.6231e-06
1058.6	2.8061e-06
1058.8	2.1734e-06
1059.0	1.6833e-06
1059.2	1.6088e-06
1059.4	2.1218e-06
1059.6	2.7984e-06
1059.8	3.6908e-06
1060.0	4.8677e-06
1060.2	4.6857e-06
1060.4	4.4285e-06
1060.6	4.1854e-06
1060.8	3.9557e-06
1061.0	4.0574e-06
1061.2	4.5168e-06
1061.4	5.0282e-06
1061.6	5.5975e-06
1061.8	6.1871e-06
1062.0	6.0519e-06
1062.2	5.9196e-06
1062.4	5.7902e-06
1062.6	5.6637e-06
1062.8	5.7502e-06
1063.0	5.9817e-06
1063.2	6.2226e-06
1063.4	6.4732e-06
1063.6	6.6237e-06
1063.8	6.2153e-06
1064.0	5.8321e-06
1064.2	5.4725e-06
1064.4	5.1351e-06
1064.6	5.4696e-06
1064.8	6.1276e-06
1065.0	6.8648e-06
1065.2	6.8652e-06
1065.4	6.8655e-06
1065.6	6.8658e-06
1065.8	6.8662e-06
1066.0	7.1702e-06
1066.2	7.5158e-06
1066.4	7.8782e-06
1066.6	8.258e-06
1066.8	8.249e-06
1067.0	7.813e-06
1067.2	7.3999e-06
1067.4	7.0087e-06
1067.6	6.6489e-06
1067.8	6.7178e-06
1068.0	6.7874e-06
1068.2	6.8578e-06
1068.4	6.9288e-06
1068.6	6.8596e-06
1068.8	6.6898e-06
1069.0	6.5241e-06
1069.2	6.3625e-06
1069.4	6.2553e-06
1069.6	6.5073e-06
1069.8	6.7695e-06
1070.0	7.0422e-06
1070.2	7.326e-06
1070.4	7.8663e-06
1070.6	8.5733e-06
1070.8	9.3438e-06
1071.0	1.0184e-05
1071.2	1.0766e-05
1071.4	1.031e-05
1071.6	9.8725e-06
1071.8	9.4538e-06
1072.0	9.0528e-06
1072.2	9.0159e-06
1072.4	9.0733e-06
1072.6	9.131e-06
1072.8	9.1891e-06
1073.0	9.3602e-06
1073.2	9.761e-06
1073.4	1.0179e-05
1073.6	1.0615e-05
1073.8	1.107e-05
1074.0	1.1423e-05
1074.2	1.1774e-05
1074.4	1.2136e-05
1074.6	1.2508e-05
1074.8	1.2326e-05
1075.0	1.1512e-05
1075.2	1.0751e-05
1075.4	1.004e-05
1075.6	9.3768e-06
1075.8	8.7571e-06
1076.0	8.1783e-06
1076.2	7.6378e-06
1076.4	7.133e-06
1076.6	7.3417e-06
1076.8	7.8552e-06
1077.0	8.4045e-06
1077.2	8.9923e-06
1077.4	9.6212e-06
1077.6	1.0294e-05
1077.8	1.1014e-05
1078.0	1.1784e-05
1078.2	1.2608e-05
1078.4	1.349e-05
1078.6	1.4434e-05
1078.8	1.5443e-05
1079.0	1.6523e-05
1079.2	1.7679e-05
1079.4	1.8915e-05
1079.6	2.0238e-05
1079.8	2.1653e-05
1080.0	2.3563e-05
1080.2	2.5763e-05
1080.4	2.8169e-05
1080.6	3.0799e-05
1080.8	3.3675e-05
1081.0	3.682e-05
1081.2	4.0258e-05
1081.4	4.4018e-05
1081.6	4.8128e-05
1081.8	5.2623e-05
1082.0	5.7537e-05
1082.2	6.291e-05
1082.4	6.8785e-05
1082.6	7.5208e-05
1082.8	8.2231e-05
1083.0	8.991e-05
1083.2	9.8306e-05
1083.4	1.154e-04
1083.6	1.3712e-04
1083.8	1.6292e-04
1084.0	1.9357e-04
1084.2	2.2999e-04
1084.4	2.7326e-04
1084.6	3.2467e-04
1084.8	3.8576e-04
1085.0	4.5834e-04
1085.2	5.4458e-04
1085.4	6.6316e-04
1085.6	8.3222e-04
1085.8	0.00104
1086.0	0.00131
1086.2	0.00164
1086.4	0.00206
1086.6	0.00259
1086.8	0.00325
1087.0	0.00408
1087.2	0.00402
1087.4	0.00395
1087.6	0.00389
1087.8	0.00382
1088.0	0.00375
1088.2	0.00369
1088.4	0.00363
1088.6	0.00356
1088.8	0.00324
1089.0	0.00275
1089.2	0.00233
1089.4	0.00197
1089.6	0.00167
1089.8	0.00142
1090.0	0.0012
1090.2	0.00102
1090.4	8.6796e-04
1090.6	7.997e-04
1090.8	7.3681e-04
1091.0	6.7887e-04
1091.2	6.2548e-04
1091.4	5.7629e-04
1091.6	5.3097e-04
1091.8	4.8922e-04
1092.0	4.5074e-04
1092.2	4.2558e-04
1092.4	4.0816e-04
1092.6	3.9146e-04
1092.8	3.7544e-04
1093.0	3.6007e-04
1093.2	3.4533e-04
1093.4	3.312e-04
1093.6	3.1764e-04
1093.8	3.058e-04
1094.0	3.0054e-04
1094.2	2.9536e-04
1094.4	2.9028e-04
1094.6	2.8528e-04
1094.8	2.8038e-04
1095.0	2.7555e-04
1095.2	2.7081e-04
1095.4	2.6615e-04
1095.6	2.6157e-04
1095.8	2.5706e-04
1096.0	2.5742e-04
1096.2	2.598e-04
1096.4	2.6221e-04
1096.6	2.6464e-04
1096.8	2.6709e-04
1097.0	2.6957e-04
1097.2	2.7206e-04
1097.4	2.7459e-04
1097.6	2.7713e-04
1097.8	2.797e-04
1098.0	2.8229e-04
1098.2	2.849e-04
1098.4	2.8754e-04
1098.6	2.9021e-04
1098.8	2.929e-04
1099.0	2.9561e-04
1099.2	2.9835e-04
1099.4	3.0499e-04
1099.6	3.1281e-04
1099.8	3.2083e-04
1100.0	3.2906e-04
1100.2	3.375e-04
1100.4	3.4615e-04
1100.6	3.5503e-04
1100.8	3.6414e-04
1101.0	3.7347e-04
1101.2	3.8305e-04
1101.4	3.9287e-04
1101.6	4.0295e-04
1101.8	4.1328e-04
1102.0	4.2388e-04
1102.2	4.3498e-04
1102.4	4.5573e-04
1102.6	4.7747e-04
1102.8	5.0024e-04
1103.0	5.241e-04
1103.2	5.491e-04
1103.4	5.753e-04
1103.6	6.0274e-04
1103.8	6.3149e-04
1104.0	6.6161e-04
1104.2	6.9317e-04
1104.4	7.2623e-04
1104.6	7.6087e-04
1104.8	7.9717e-04
1105.0	8.3519e-04
1105.2	8.7901e-04
1105.4	9.3749e-04
1105.6	9.9985e-04
1105.8	0.00107
1106.0	0.00114
1106.2	0.00121
1106.4	0.00129
1106.6	0.00138
1106.8	0.00147
1107.0	0.00157
1107.2	0.00167
1107.4	0.00179
1107.6	0.0019
1107.8	0.00203
1108.0	0.00217
1108.2	0.00231
1108.4	0.00246
1108.6	0.00263
1108.8	0.0028
1109.0	0.00299
