Typical Measured Spectrum of Semrock FF01-700/13 Optical Filter	
For wavelengths between 320 and 1120 nm, values near or below 3e-7 (Optical Density 6.5) are measurement noise limited.
For wavelengths < 320 nm and > 1120 nm, values near or below 3e-6 (Optical Density 5.5) are measurement noise limited. 
Data format:  Wavelength (nm) <tab> Transmission (0 to 1)
300.0	2.1572e-07
300.2	2.1343e-07
300.4	2.1117e-07
300.6	2.0894e-07
300.8	2.0672e-07
301.0	2.0453e-07
301.2	2.0237e-07
301.4	2.0022e-07
301.6	1.981e-07
301.8	1.96e-07
302.0	2.5593e-07
302.2	3.3464e-07
302.4	4.3757e-07
302.6	5.7214e-07
302.8	7.4811e-07
303.0	9.782e-07
303.2	1.2791e-06
303.4	1.6724e-06
303.6	2.1868e-06
303.8	2.8594e-06
304.0	2.4049e-06
304.2	1.7924e-06
304.4	1.3358e-06
304.6	9.956e-07
304.8	7.4202e-07
305.0	5.5303e-07
305.2	4.1217e-07
305.4	3.0719e-07
305.6	2.2895e-07
305.8	1.7064e-07
306.0	1.5e-07
306.2	1.4898e-07
306.4	1.4797e-07
306.6	1.4696e-07
306.8	1.4596e-07
307.0	1.4497e-07
307.2	1.4398e-07
307.4	1.43e-07
307.6	1.4202e-07
307.8	1.4106e-07
308.0	1.4964e-07
308.2	1.7758e-07
308.4	2.1073e-07
308.6	2.5008e-07
308.8	2.9678e-07
309.0	3.522e-07
309.2	4.1796e-07
309.4	4.9601e-07
309.6	5.8862e-07
309.8	6.9853e-07
310.0	8.0542e-07
310.2	6.6666e-07
310.4	5.5182e-07
310.6	4.5675e-07
310.8	3.7807e-07
311.0	3.1293e-07
311.2	2.5902e-07
311.4	2.144e-07
311.6	1.7746e-07
311.8	1.4689e-07
312.0	1.6059e-07
312.2	1.7682e-07
312.4	1.9469e-07
312.6	2.1437e-07
312.8	2.3603e-07
313.0	2.5988e-07
313.2	2.8615e-07
313.4	3.1507e-07
313.6	3.4691e-07
313.8	3.8197e-07
314.0	4.2365e-07
314.2	4.7092e-07
314.4	5.2347e-07
314.6	5.8188e-07
314.8	6.468e-07
315.0	7.1898e-07
315.2	7.992e-07
315.4	8.8838e-07
315.6	9.8751e-07
315.8	1.0977e-06
316.0	1.0151e-06
316.2	8.1474e-07
316.4	6.5392e-07
316.6	5.2484e-07
316.8	4.2124e-07
317.0	3.3809e-07
317.2	2.7136e-07
317.4	2.1779e-07
317.6	1.748e-07
317.8	1.403e-07
318.0	1.2477e-07
318.2	1.3263e-07
318.4	1.4099e-07
318.6	1.4988e-07
318.8	1.5932e-07
319.0	1.6937e-07
319.2	1.8004e-07
319.4	1.9139e-07
319.6	2.0345e-07
319.8	2.1627e-07
320.0	2.2746e-07
320.2	2.1154e-07
320.4	1.9673e-07
320.6	1.8296e-07
320.8	1.7015e-07
321.0	1.5824e-07
321.2	1.4717e-07
321.4	1.3687e-07
321.6	1.2729e-07
321.8	1.1838e-07
322.0	1.2608e-07
322.2	1.3466e-07
322.4	1.4382e-07
322.6	1.536e-07
322.8	1.6405e-07
323.0	1.7522e-07
323.2	1.8714e-07
323.4	1.9987e-07
323.6	2.1346e-07
323.8	2.2799e-07
324.0	2.5088e-07
324.2	2.7842e-07
324.4	3.0897e-07
324.6	3.4288e-07
324.8	3.8051e-07
325.0	4.2227e-07
325.2	4.6861e-07
325.4	5.2004e-07
325.6	5.7711e-07
325.8	6.4045e-07
326.0	6.4404e-07
326.2	6.0304e-07
326.4	5.6466e-07
326.6	5.2872e-07
326.8	4.9506e-07
327.0	4.6355e-07
327.2	4.3405e-07
327.4	4.0642e-07
327.6	3.8055e-07
327.8	3.5633e-07
328.0	3.463e-07
328.2	3.5719e-07
328.4	3.6841e-07
328.6	3.7999e-07
328.8	3.9193e-07
329.0	4.0425e-07
329.2	4.1696e-07
329.4	4.3006e-07
329.6	4.4358e-07
329.8	4.5752e-07
330.0	4.6092e-07
330.2	3.7114e-07
330.4	2.9885e-07
330.6	2.4063e-07
330.8	1.9376e-07
331.0	1.5602e-07
331.2	1.2563e-07
331.4	1.0116e-07
331.6	8.1451e-08
331.8	6.5585e-08
332.0	7.7197e-08
332.2	9.2699e-08
332.4	1.1131e-07
332.6	1.3367e-07
332.8	1.6051e-07
333.0	1.9274e-07
333.2	2.3144e-07
333.4	2.7792e-07
333.6	3.3373e-07
333.8	4.0074e-07
334.0	3.6028e-07
334.2	2.9487e-07
334.4	2.4133e-07
334.6	1.9751e-07
334.8	1.6165e-07
335.0	1.323e-07
335.2	1.0828e-07
335.4	8.862e-08
335.6	7.253e-08
335.8	5.9361e-08
336.0	5.4081e-08
336.2	5.3509e-08
336.4	5.2944e-08
336.6	5.2384e-08
336.8	5.1831e-08
337.0	5.1283e-08
337.2	5.0741e-08
337.4	5.0205e-08
337.6	4.9674e-08
337.8	4.9149e-08
338.0	5.2224e-08
338.2	6.2493e-08
338.4	7.4781e-08
338.6	8.9485e-08
338.8	1.0708e-07
339.0	1.2814e-07
339.2	1.5333e-07
339.4	1.8348e-07
339.6	2.1956e-07
339.8	2.6274e-07
340.0	3.0828e-07
340.2	2.9995e-07
340.4	2.9185e-07
340.6	2.8397e-07
340.8	2.7629e-07
341.0	2.6883e-07
341.2	2.6157e-07
341.4	2.545e-07
341.6	2.4763e-07
341.8	2.4094e-07
342.0	2.0291e-07
342.2	1.6904e-07
342.4	1.4082e-07
342.6	1.1731e-07
342.8	9.773e-08
343.0	8.1416e-08
343.2	6.7825e-08
343.4	5.6503e-08
343.6	4.7071e-08
343.8	3.9213e-08
344.0	3.7242e-08
344.2	3.7036e-08
344.4	3.6832e-08
344.6	3.6629e-08
344.8	3.6427e-08
345.0	3.6226e-08
345.2	3.6026e-08
345.4	3.5827e-08
345.6	3.5629e-08
345.8	3.5433e-08
346.0	4.1271e-08
346.2	5.4567e-08
346.4	7.2146e-08
346.6	9.5388e-08
346.8	1.2612e-07
347.0	1.6675e-07
347.2	2.2046e-07
347.4	2.9149e-07
347.6	3.8539e-07
347.8	5.0955e-07
348.0	5.5704e-07
348.2	4.4357e-07
348.4	3.5321e-07
348.6	2.8126e-07
348.8	2.2396e-07
349.0	1.7834e-07
349.2	1.4201e-07
349.4	1.1308e-07
349.6	9.0046e-08
349.8	7.1703e-08
350.0	5.8556e-08
350.2	6.0823e-08
350.4	6.3178e-08
350.6	6.5623e-08
350.8	6.8163e-08
351.0	7.0802e-08
351.2	7.3543e-08
351.4	7.639e-08
351.6	7.9347e-08
351.8	8.2418e-08
352.0	7.7325e-08
352.2	7.1993e-08
352.4	6.7029e-08
352.6	6.2407e-08
352.8	5.8104e-08
353.0	5.4097e-08
353.2	5.0367e-08
353.4	4.6894e-08
353.6	4.3661e-08
353.8	4.065e-08
354.0	4.1925e-08
354.2	4.4781e-08
354.4	4.7831e-08
354.6	5.1089e-08
354.8	5.4569e-08
355.0	5.8286e-08
355.2	6.2257e-08
355.4	6.6497e-08
355.6	7.1027e-08
355.8	7.5865e-08
356.0	7.5042e-08
356.2	6.9965e-08
356.4	6.5231e-08
356.6	6.0818e-08
356.8	5.6703e-08
357.0	5.2866e-08
357.2	4.929e-08
357.4	4.5955e-08
357.6	4.2846e-08
357.8	3.9947e-08
358.0	4.0122e-08
358.2	4.5272e-08
358.4	5.1084e-08
358.6	5.7642e-08
358.8	6.5042e-08
359.0	7.3391e-08
359.2	8.2813e-08
359.4	9.3444e-08
359.6	1.0544e-07
359.8	1.1897e-07
360.0	1.3066e-07
360.2	1.1387e-07
360.4	9.924e-08
360.6	8.649e-08
360.8	7.5378e-08
361.0	6.5693e-08
361.2	5.7253e-08
361.4	4.9897e-08
361.6	4.3487e-08
361.8	3.7899e-08
362.0	3.7516e-08
362.2	3.744e-08
362.4	3.7364e-08
362.6	3.7289e-08
362.8	3.7213e-08
363.0	3.7138e-08
363.2	3.7062e-08
363.4	3.6987e-08
363.6	3.6912e-08
363.8	3.6837e-08
364.0	3.6757e-08
364.2	3.6675e-08
364.4	3.6593e-08
364.6	3.6511e-08
364.8	3.643e-08
365.0	3.6348e-08
365.2	3.6267e-08
365.4	3.6186e-08
365.6	3.6105e-08
365.8	3.6025e-08
366.0	3.5934e-08
366.2	3.5838e-08
366.4	3.5741e-08
366.6	3.5645e-08
366.8	3.5549e-08
367.0	3.5453e-08
367.2	3.5357e-08
367.4	3.5262e-08
367.6	3.5167e-08
367.8	3.5072e-08
368.0	3.869e-08
368.2	4.9205e-08
368.4	6.2578e-08
368.6	7.9584e-08
368.8	1.0121e-07
369.0	1.2872e-07
369.2	1.637e-07
369.4	2.0819e-07
369.6	2.6477e-07
369.8	3.3673e-07
370.0	4.1035e-07
370.2	3.7097e-07
370.4	3.3536e-07
370.6	3.0317e-07
370.8	2.7407e-07
371.0	2.4777e-07
371.2	2.2399e-07
371.4	2.0249e-07
371.6	1.8305e-07
371.8	1.6548e-07
372.0	1.8219e-07
372.2	2.0336e-07
372.4	2.2699e-07
372.6	2.5336e-07
372.8	2.828e-07
373.0	3.1566e-07
373.2	3.5233e-07
373.4	3.9327e-07
373.6	4.3896e-07
373.8	4.8996e-07
374.0	4.0677e-07
374.2	3.0835e-07
374.4	2.3375e-07
374.6	1.7719e-07
374.8	1.3432e-07
375.0	1.0182e-07
375.2	7.7188e-08
375.4	5.8512e-08
375.6	4.4355e-08
375.8	3.3624e-08
376.0	3.0022e-08
376.2	2.9896e-08
376.4	2.9771e-08
376.6	2.9647e-08
376.8	2.9523e-08
377.0	2.94e-08
377.2	2.9277e-08
377.4	2.9155e-08
377.6	2.9033e-08
377.8	2.8912e-08
378.0	2.9281e-08
378.2	3.0327e-08
378.4	3.1411e-08
378.6	3.2533e-08
378.8	3.3695e-08
379.0	3.4898e-08
379.2	3.6145e-08
379.4	3.7436e-08
379.6	3.8773e-08
379.8	4.0158e-08
380.0	4.2545e-08
380.2	5.2106e-08
380.4	6.3816e-08
380.6	7.8158e-08
380.8	9.5723e-08
381.0	1.1724e-07
381.2	1.4358e-07
381.4	1.7585e-07
381.6	2.1537e-07
381.8	2.6377e-07
382.0	2.6089e-07
382.2	2.536e-07
382.4	2.4652e-07
382.6	2.3963e-07
382.8	2.3294e-07
383.0	2.2643e-07
383.2	2.201e-07
383.4	2.1396e-07
383.6	2.0798e-07
383.8	2.0217e-07
384.0	1.7109e-07
384.2	1.3859e-07
384.4	1.1226e-07
384.6	9.0936e-08
384.8	7.3662e-08
385.0	5.9669e-08
385.2	4.8334e-08
385.4	3.9152e-08
385.6	3.1714e-08
385.8	2.569e-08
386.0	2.6607e-08
386.2	3.2462e-08
386.4	3.9606e-08
386.6	4.8323e-08
386.8	5.8957e-08
387.0	7.1932e-08
387.2	8.7763e-08
387.4	1.0708e-07
387.6	1.3064e-07
387.8	1.5939e-07
388.0	1.8416e-07
388.2	1.9852e-07
388.4	2.1399e-07
388.6	2.3068e-07
388.8	2.4866e-07
389.0	2.6805e-07
389.2	2.8895e-07
389.4	3.1148e-07
389.6	3.3576e-07
389.8	3.6194e-07
390.0	3.8276e-07
390.2	3.5985e-07
390.4	3.383e-07
390.6	3.1805e-07
390.8	2.9901e-07
391.0	2.8111e-07
391.2	2.6428e-07
391.4	2.4846e-07
391.6	2.3359e-07
391.8	2.196e-07
392.0	2.1551e-07
392.2	2.1233e-07
392.4	2.092e-07
392.6	2.0611e-07
392.8	2.0307e-07
393.0	2.0008e-07
393.2	1.9713e-07
393.4	1.9422e-07
393.6	1.9136e-07
393.8	1.8854e-07
394.0	2.0101e-07
394.2	2.1972e-07
394.4	2.4017e-07
394.6	2.6252e-07
394.8	2.8695e-07
395.0	3.1366e-07
395.2	3.4285e-07
395.4	3.7476e-07
395.6	4.0963e-07
395.8	4.4776e-07
396.0	4.4939e-07
396.2	4.261e-07
396.4	4.0401e-07
396.6	3.8306e-07
396.8	3.632e-07
397.0	3.4437e-07
397.2	3.2652e-07
397.4	3.0959e-07
397.6	2.9354e-07
397.8	2.7832e-07
398.0	2.6375e-07
398.2	2.4979e-07
398.4	2.3656e-07
398.6	2.2403e-07
398.8	2.1217e-07
399.0	2.0093e-07
399.2	1.9029e-07
399.4	1.8021e-07
399.6	1.7067e-07
399.8	1.6163e-07
400.0	1.5729e-07
400.2	1.7855e-07
400.4	2.0269e-07
400.6	2.301e-07
400.8	2.6121e-07
401.0	2.9652e-07
401.2	3.3661e-07
401.4	3.8213e-07
401.6	4.3379e-07
401.8	4.9244e-07
402.0	3.6757e-07
402.2	2.5912e-07
402.4	1.8267e-07
402.6	1.2877e-07
402.8	9.0777e-08
403.0	6.3993e-08
403.2	4.5112e-08
403.4	3.1802e-08
403.6	2.2419e-08
403.8	1.5804e-08
404.0	1.5514e-08
404.2	1.7213e-08
404.4	1.9098e-08
404.6	2.1189e-08
404.8	2.351e-08
405.0	2.6084e-08
405.2	2.8941e-08
405.4	3.211e-08
405.6	3.5627e-08
405.8	3.9528e-08
406.0	4.3573e-08
406.2	4.7806e-08
406.4	5.245e-08
406.6	5.7546e-08
406.8	6.3136e-08
407.0	6.927e-08
407.2	7.5999e-08
407.4	8.3382e-08
407.6	9.1483e-08
407.8	1.0037e-07
408.0	1.0767e-07
408.2	1.1212e-07
408.4	1.1675e-07
408.6	1.2156e-07
408.8	1.2658e-07
409.0	1.3181e-07
409.2	1.3725e-07
409.4	1.4291e-07
409.6	1.4881e-07
409.8	1.5495e-07
410.0	1.6163e-07
410.2	1.7038e-07
410.4	1.796e-07
410.6	1.8932e-07
410.8	1.9957e-07
411.0	2.1037e-07
411.2	2.2176e-07
411.4	2.3376e-07
411.6	2.4642e-07
411.8	2.5976e-07
412.0	2.5987e-07
412.2	2.5804e-07
412.4	2.5622e-07
412.6	2.5442e-07
412.8	2.5263e-07
413.0	2.5085e-07
413.2	2.4908e-07
413.4	2.4733e-07
413.6	2.4559e-07
413.8	2.4386e-07
414.0	2.3697e-07
414.2	2.2845e-07
414.4	2.2023e-07
414.6	2.123e-07
414.8	2.0466e-07
415.0	1.973e-07
415.2	1.902e-07
415.4	1.8336e-07
415.6	1.7676e-07
415.8	1.704e-07
416.0	1.5338e-07
416.2	1.315e-07
416.4	1.1275e-07
416.6	9.6664e-08
416.8	8.2877e-08
417.0	7.1056e-08
417.2	6.0921e-08
417.4	5.2232e-08
417.6	4.4782e-08
417.8	3.8395e-08
418.0	3.8013e-08
418.2	4.5033e-08
418.4	5.3349e-08
418.6	6.3201e-08
418.8	7.4873e-08
419.0	8.87e-08
419.2	1.0508e-07
419.4	1.2449e-07
419.6	1.4747e-07
419.8	1.7471e-07
420.0	2.0025e-07
420.2	1.9169e-07
420.4	1.8349e-07
420.6	1.7565e-07
420.8	1.6814e-07
421.0	1.6096e-07
421.2	1.5408e-07
421.4	1.4749e-07
421.6	1.4119e-07
421.8	1.3515e-07
422.0	1.3187e-07
422.2	1.2896e-07
422.4	1.2612e-07
422.6	1.2335e-07
422.8	1.2063e-07
423.0	1.1798e-07
423.2	1.1538e-07
423.4	1.1284e-07
423.6	1.1036e-07
423.8	1.0793e-07
424.0	1.0555e-07
424.2	1.0323e-07
424.4	1.0095e-07
424.6	8.2265e-08
424.8	6.5311e-08
425.0	5.1851e-08
425.2	4.1165e-08
425.4	3.2681e-08
425.6	2.5946e-08
425.8	2.0598e-08
426.0	1.6353e-08
426.2	1.2983e-08
426.4	1.1276e-08
426.6	1.2917e-08
426.8	1.4797e-08
427.0	1.695e-08
427.2	1.9417e-08
427.4	2.2242e-08
427.6	2.5479e-08
427.8	2.9187e-08
428.0	3.3435e-08
428.2	3.8301e-08
428.4	4.3413e-08
428.6	4.5172e-08
428.8	4.7003e-08
429.0	4.8908e-08
429.2	5.089e-08
429.4	5.2952e-08
429.6	5.5098e-08
429.8	5.7331e-08
430.0	5.9654e-08
430.2	6.2071e-08
430.4	6.4587e-08
430.6	7.0719e-08
430.8	7.7535e-08
431.0	8.5008e-08
431.2	9.3201e-08
431.4	1.0218e-07
431.6	1.1203e-07
431.8	1.2283e-07
432.0	1.3467e-07
432.2	1.4765e-07
432.4	1.6188e-07
432.6	1.7748e-07
432.8	1.9459e-07
433.0	2.0894e-07
433.2	2.1923e-07
433.4	2.3002e-07
433.6	2.4135e-07
433.8	2.5324e-07
434.0	2.6571e-07
434.2	2.788e-07
434.4	2.9253e-07
434.6	3.0694e-07
434.8	3.2206e-07
435.0	1.6048e-07
435.2	1.2017e-07
435.4	8.9979e-08
435.6	6.7375e-08
435.8	5.0449e-08
436.0	3.7775e-08
436.2	2.8285e-08
436.4	2.1179e-08
436.6	1.5859e-08
436.8	1.1875e-08
437.0	8.8916e-09
437.2	1.0995e-08
437.4	1.3629e-08
437.6	1.6896e-08
437.8	2.0944e-08
438.0	2.5964e-08
438.2	3.2185e-08
438.4	3.9898e-08
438.6	4.946e-08
438.8	6.1312e-08
439.0	7.6005e-08
439.2	8.7499e-08
439.4	9.9574e-08
439.6	1.1331e-07
439.8	1.2895e-07
440.0	1.4675e-07
440.2	1.67e-07
440.4	1.9004e-07
440.6	2.1627e-07
440.8	2.4612e-07
441.0	2.8008e-07
441.2	2.9387e-07
441.4	2.9943e-07
441.6	3.0511e-07
441.8	3.1089e-07
442.0	3.1678e-07
442.2	3.2278e-07
442.4	3.2889e-07
442.6	3.3512e-07
442.8	3.4147e-07
443.0	3.4794e-07
443.2	3.0076e-07
443.4	2.3402e-07
443.6	1.8209e-07
443.8	1.4168e-07
444.0	1.1024e-07
444.2	8.5776e-08
444.4	6.6741e-08
444.6	5.1931e-08
444.8	4.0407e-08
445.0	3.144e-08
445.2	3.2646e-08
445.4	3.3898e-08
445.6	3.5199e-08
445.8	3.6549e-08
446.0	3.7951e-08
446.2	3.9406e-08
446.4	4.0918e-08
446.6	4.2487e-08
446.8	4.4117e-08
447.0	4.5809e-08
447.2	4.5701e-08
447.4	4.5575e-08
447.6	4.5449e-08
447.8	4.5323e-08
448.0	4.5198e-08
448.2	4.5073e-08
448.4	4.4949e-08
448.6	4.4824e-08
448.8	4.4701e-08
449.0	4.4577e-08
449.2	5.1062e-08
449.4	5.9769e-08
449.6	6.996e-08
449.8	8.1889e-08
450.0	9.5853e-08
450.2	1.122e-07
450.4	1.3133e-07
450.6	1.5372e-07
450.8	1.7993e-07
451.0	2.1062e-07
451.2	2.3023e-07
451.4	2.457e-07
451.6	2.6221e-07
451.8	2.7982e-07
452.0	2.9862e-07
452.2	3.1869e-07
452.4	3.401e-07
452.6	3.6295e-07
452.8	3.8733e-07
453.0	4.1335e-07
453.2	3.5517e-07
453.4	2.6721e-07
453.6	2.0103e-07
453.8	1.5125e-07
454.0	1.1379e-07
454.2	8.5611e-08
454.4	6.4409e-08
454.6	4.8458e-08
454.8	3.6457e-08
455.0	2.7429e-08
455.2	2.9153e-08
455.4	3.0986e-08
455.6	3.2934e-08
455.8	3.5004e-08
456.0	3.7205e-08
456.2	3.9544e-08
456.4	4.203e-08
456.6	4.4672e-08
456.8	4.748e-08
457.0	5.0376e-08
457.2	3.755e-08
457.4	2.7989e-08
457.6	2.0863e-08
457.8	1.5551e-08
458.0	1.1592e-08
458.2	8.6403e-09
458.4	6.4404e-09
458.6	4.8006e-09
458.8	3.5783e-09
459.0	2.6673e-09
459.2	3.2604e-09
459.4	4.2501e-09
459.6	5.5402e-09
459.8	7.2219e-09
460.0	9.4141e-09
460.2	1.2272e-08
460.4	1.5997e-08
460.6	2.0852e-08
460.8	2.7182e-08
461.0	3.5433e-08
461.2	3.0583e-08
461.4	2.3339e-08
461.6	1.781e-08
461.8	1.3591e-08
462.0	1.0372e-08
462.2	7.9149e-09
462.4	6.0401e-09
462.6	4.6093e-09
462.8	3.5174e-09
463.0	2.6842e-09
463.2	3.1458e-09
463.4	4.6215e-09
463.6	6.7893e-09
463.8	9.9742e-09
464.0	1.4653e-08
464.2	2.1526e-08
464.4	3.1624e-08
464.6	4.6459e-08
464.8	6.8253e-08
465.0	1.0027e-07
465.2	1.1082e-07
465.4	1.2248e-07
465.6	1.3537e-07
465.8	1.4961e-07
466.0	1.6535e-07
466.2	1.8275e-07
466.4	2.0198e-07
466.6	2.2323e-07
466.8	2.4672e-07
467.0	2.7268e-07
467.2	2.3573e-07
467.4	2.0226e-07
467.6	1.7353e-07
467.8	1.4889e-07
468.0	1.2774e-07
468.2	1.096e-07
468.4	9.4036e-08
468.6	8.0681e-08
468.8	6.9223e-08
469.0	5.9392e-08
469.2	5.736e-08
469.4	5.6521e-08
469.6	5.5694e-08
469.8	5.4879e-08
470.0	5.4075e-08
470.2	5.3284e-08
470.4	5.2504e-08
470.6	5.1736e-08
470.8	5.0979e-08
471.0	5.0233e-08
471.2	4.5075e-08
471.4	3.9171e-08
471.6	3.404e-08
471.8	2.9582e-08
472.0	2.5707e-08
472.2	2.234e-08
472.4	1.9414e-08
472.6	1.6871e-08
472.8	1.4661e-08
473.0	1.2741e-08
473.2	1.3421e-08
473.4	1.579e-08
473.6	1.8576e-08
473.8	2.1855e-08
474.0	2.5713e-08
474.2	3.0251e-08
474.4	3.559e-08
474.6	4.1872e-08
474.8	4.9262e-08
475.0	5.7956e-08
475.2	6.7207e-08
475.4	7.7935e-08
475.6	9.0375e-08
475.8	1.048e-07
476.0	1.2153e-07
476.2	1.4093e-07
476.4	1.6342e-07
476.6	1.8951e-07
476.8	2.1976e-07
477.0	2.5484e-07
477.2	2.2467e-07
477.4	1.9753e-07
477.6	1.7366e-07
477.8	1.5268e-07
478.0	1.3424e-07
478.2	1.1802e-07
478.4	1.0376e-07
478.6	9.1225e-08
478.8	8.0204e-08
479.0	7.0515e-08
479.2	7.9545e-08
479.4	9.2835e-08
479.6	1.0835e-07
479.8	1.2645e-07
480.0	1.4757e-07
480.2	1.7223e-07
480.4	2.01e-07
480.6	2.3459e-07
480.8	2.7378e-07
481.0	3.1952e-07
481.2	2.9407e-07
481.4	2.5261e-07
481.6	2.17e-07
481.8	1.8641e-07
482.0	1.6013e-07
482.2	1.3755e-07
482.4	1.1816e-07
482.6	1.015e-07
482.8	8.7193e-08
483.0	7.4901e-08
483.2	5.8174e-08
483.4	4.3042e-08
483.6	3.1847e-08
483.8	2.3563e-08
484.0	1.7434e-08
484.2	1.29e-08
484.4	9.5443e-09
484.6	7.0618e-09
484.8	5.225e-09
485.0	3.866e-09
485.2	3.5395e-09
485.4	3.2406e-09
485.6	2.9669e-09
485.8	2.7164e-09
486.0	2.487e-09
486.2	2.2769e-09
486.4	2.0847e-09
486.6	1.9086e-09
486.8	1.7474e-09
487.0	1.5999e-09
487.2	1.5873e-09
487.4	1.5807e-09
487.6	1.5743e-09
487.8	1.5678e-09
488.0	1.5613e-09
488.2	1.5549e-09
488.4	1.5485e-09
488.6	1.5422e-09
488.8	1.5359e-09
489.0	1.5295e-09
489.2	1.5234e-09
489.4	1.5172e-09
489.6	1.5111e-09
489.8	1.505e-09
490.0	1.499e-09
490.2	1.4929e-09
490.4	1.4869e-09
490.6	1.4809e-09
490.8	1.475e-09
491.0	1.469e-09
491.2	1.4633e-09
491.4	1.4576e-09
491.6	1.452e-09
491.8	1.4463e-09
492.0	1.4407e-09
492.2	1.4351e-09
492.4	1.4296e-09
492.6	1.424e-09
492.8	1.4185e-09
493.0	1.413e-09
493.2	1.7044e-09
493.4	2.2691e-09
493.6	3.0208e-09
493.8	4.0214e-09
494.0	5.3536e-09
494.2	7.1271e-09
494.4	9.4882e-09
494.6	1.2631e-08
494.8	1.6816e-08
495.0	2.2386e-08
495.2	1.8057e-08
495.4	1.4565e-08
495.6	1.1749e-08
495.8	9.4769e-09
496.0	7.6443e-09
496.2	6.166e-09
496.4	4.9737e-09
496.6	4.0119e-09
496.8	3.2361e-09
497.0	2.6103e-09
497.2	3.0458e-09
497.4	3.6236e-09
497.6	4.3111e-09
497.8	5.129e-09
498.0	6.1021e-09
498.2	7.2598e-09
498.4	8.6371e-09
498.6	1.0276e-08
498.8	1.2225e-08
499.0	1.4545e-08
499.2	1.487e-08
499.4	1.4817e-08
499.6	1.4764e-08
499.8	1.4712e-08
500.0	1.4659e-08
500.2	1.4607e-08
500.4	1.4555e-08
500.6	1.4503e-08
500.8	1.4451e-08
501.0	1.4399e-08
501.2	1.1889e-08
501.4	9.2652e-09
501.6	7.2205e-09
501.8	5.627e-09
502.0	4.3852e-09
502.2	3.4175e-09
502.4	2.6633e-09
502.6	2.0755e-09
502.8	1.6175e-09
503.0	1.2605e-09
503.2	1.1597e-09
503.4	1.1557e-09
503.6	1.1518e-09
503.8	1.1478e-09
504.0	1.1439e-09
504.2	1.14e-09
504.4	1.1361e-09
504.6	1.1322e-09
504.8	1.1283e-09
505.0	1.1244e-09
505.2	1.311e-09
505.4	1.5285e-09
505.6	1.7821e-09
505.8	2.0778e-09
506.0	2.4226e-09
506.2	2.8246e-09
506.4	3.2933e-09
506.6	3.8397e-09
506.8	4.4768e-09
507.0	5.2196e-09
507.2	5.9081e-09
507.4	6.6802e-09
507.6	7.5532e-09
507.8	8.5403e-09
508.0	9.6565e-09
508.2	1.0918e-08
508.4	1.2345e-08
508.6	1.3959e-08
508.8	1.5783e-08
509.0	1.7846e-08
509.2	1.7034e-08
509.4	1.5871e-08
509.6	1.4787e-08
509.8	1.3777e-08
510.0	1.2836e-08
510.2	1.196e-08
510.4	1.1143e-08
510.6	1.0382e-08
510.8	9.6728e-09
511.0	9.0122e-09
511.2	8.1271e-09
511.4	7.2656e-09
511.6	6.4955e-09
511.8	5.8069e-09
512.0	5.1914e-09
512.2	4.6411e-09
512.4	4.1491e-09
512.6	3.7093e-09
512.8	3.3161e-09
513.0	2.9646e-09
513.2	3.0066e-09
513.4	3.2145e-09
513.6	3.4368e-09
513.8	3.6745e-09
514.0	3.9286e-09
514.2	4.2002e-09
514.4	4.4907e-09
514.6	4.8012e-09
514.8	5.1332e-09
515.0	5.4882e-09
515.2	4.5883e-09
515.4	3.8359e-09
515.6	3.207e-09
515.8	2.6811e-09
516.0	2.2415e-09
516.2	1.8739e-09
516.4	1.5667e-09
516.6	1.3098e-09
516.8	1.095e-09
517.0	9.1546e-10
517.2	9.9588e-10
517.4	1.1067e-09
517.6	1.2299e-09
517.8	1.3668e-09
518.0	1.519e-09
518.2	1.688e-09
518.4	1.8759e-09
518.6	2.0847e-09
518.8	2.3168e-09
519.0	2.5747e-09
519.2	2.6148e-09
519.4	2.6104e-09
519.6	2.606e-09
519.8	2.6016e-09
520.0	2.5972e-09
520.2	2.5929e-09
520.4	2.5885e-09
520.6	2.5841e-09
520.8	2.5798e-09
521.0	2.5754e-09
521.2	2.9516e-09
521.4	3.5334e-09
521.6	4.2298e-09
521.8	5.0636e-09
522.0	6.0617e-09
522.2	7.2565e-09
522.4	8.6868e-09
522.6	1.0399e-08
522.8	1.2449e-08
523.0	1.4903e-08
523.2	1.5221e-08
523.4	1.4451e-08
523.6	1.372e-08
523.8	1.3026e-08
524.0	1.2367e-08
524.2	1.1741e-08
524.4	1.1147e-08
524.6	1.0583e-08
524.8	1.0048e-08
525.0	9.5397e-09
525.2	7.4424e-09
525.4	5.8062e-09
525.6	4.5298e-09
525.8	3.5339e-09
526.0	2.757e-09
526.2	2.1509e-09
526.4	1.678e-09
526.6	1.3091e-09
526.8	1.0213e-09
527.0	7.9678e-10
527.2	7.8325e-10
527.4	7.8141e-10
527.6	7.7956e-10
527.8	7.7773e-10
528.0	7.7589e-10
528.2	7.7406e-10
528.4	7.7224e-10
528.6	7.7042e-10
528.8	7.686e-10
529.0	7.6679e-10
529.2	7.6539e-10
529.4	7.6405e-10
529.6	7.6272e-10
529.8	7.6139e-10
530.0	7.6006e-10
530.2	7.5873e-10
530.4	7.5741e-10
530.6	7.5609e-10
530.8	7.5477e-10
531.0	7.5346e-10
531.2	7.5188e-10
531.4	7.5024e-10
531.6	7.486e-10
531.8	7.4696e-10
532.0	7.4533e-10
532.2	7.437e-10
532.4	7.4208e-10
532.6	7.4046e-10
532.8	7.3884e-10
533.0	7.3722e-10
533.2	8.1406e-10
533.4	9.3502e-10
533.6	1.074e-09
533.8	1.2335e-09
534.0	1.4168e-09
534.2	1.6274e-09
534.4	1.8692e-09
534.6	2.1469e-09
534.8	2.466e-09
535.0	2.8324e-09
535.2	3.3411e-09
535.4	3.9413e-09
535.6	4.6493e-09
535.8	5.4844e-09
536.0	6.4695e-09
536.2	7.6316e-09
536.4	9.0024e-09
536.6	1.0619e-08
536.8	1.2527e-08
537.0	1.4777e-08
537.2	1.1237e-08
537.4	8.2882e-09
537.6	6.1132e-09
537.8	4.509e-09
538.0	3.3257e-09
538.2	2.453e-09
538.4	1.8093e-09
538.6	1.3345e-09
538.8	9.843e-10
539.0	7.26e-10
539.2	8.6208e-10
539.4	1.1026e-09
539.6	1.4103e-09
539.8	1.8039e-09
540.0	2.3072e-09
540.2	2.9511e-09
540.4	3.7745e-09
540.6	4.8278e-09
540.8	6.175e-09
541.0	7.8981e-09
541.2	8.1692e-09
541.4	8.0127e-09
541.6	7.8593e-09
541.8	7.7087e-09
542.0	7.561e-09
542.2	7.4162e-09
542.4	7.2741e-09
542.6	7.1348e-09
542.8	6.9981e-09
543.0	6.8641e-09
543.2	6.6144e-09
543.4	6.3333e-09
543.6	6.0641e-09
543.8	5.8064e-09
544.0	5.5596e-09
544.2	5.3233e-09
544.4	5.097e-09
544.6	4.8804e-09
544.8	4.673e-09
545.0	4.4743e-09
545.2	5.0216e-09
545.4	5.6494e-09
545.6	6.3557e-09
545.8	7.1503e-09
546.0	8.0443e-09
546.2	9.05e-09
546.4	1.0181e-08
546.6	1.1454e-08
546.8	1.2886e-08
547.0	1.4498e-08
547.2	1.3049e-08
547.4	1.1458e-08
547.6	1.0061e-08
547.8	8.8337e-09
548.0	7.7565e-09
548.2	6.8106e-09
548.4	5.9801e-09
548.6	5.2508e-09
548.8	4.6105e-09
549.0	4.0482e-09
549.2	4.0599e-09
549.4	4.1759e-09
549.6	4.2953e-09
549.8	4.418e-09
550.0	4.5443e-09
550.2	4.6742e-09
550.4	4.8078e-09
550.6	4.9452e-09
550.8	5.0865e-09
551.0	5.2319e-09
551.2	5.6296e-09
551.4	6.135e-09
551.6	6.6858e-09
551.8	7.2861e-09
552.0	7.9403e-09
552.2	8.6532e-09
552.4	9.4301e-09
552.6	1.0277e-08
552.8	1.1199e-08
553.0	1.2205e-08
553.2	1.2078e-08
553.4	1.1514e-08
553.6	1.0975e-08
553.8	1.0462e-08
554.0	9.9726e-09
554.2	9.5063e-09
554.4	9.0617e-09
554.6	8.6379e-09
554.8	8.2339e-09
555.0	7.8489e-09
555.2	7.6078e-09
555.4	7.3773e-09
555.6	7.1538e-09
555.8	6.937e-09
556.0	6.7268e-09
556.2	6.523e-09
556.4	6.3253e-09
556.6	6.1337e-09
556.8	5.9478e-09
557.0	5.7676e-09
557.2	4.737e-09
557.4	3.8074e-09
557.6	3.0603e-09
557.8	2.4598e-09
558.0	1.9771e-09
558.2	1.5891e-09
558.4	1.2773e-09
558.6	1.0267e-09
558.8	8.252e-10
559.0	6.6327e-10
559.2	7.5082e-10
559.4	9.1168e-10
559.6	1.107e-09
559.8	1.3442e-09
560.0	1.6321e-09
560.2	1.9818e-09
560.4	2.4064e-09
560.6	2.9219e-09
560.8	3.5479e-09
561.0	4.308e-09
561.2	4.7731e-09
561.4	5.1496e-09
561.6	5.5558e-09
561.8	5.9941e-09
562.0	6.4669e-09
562.2	6.9771e-09
562.4	7.5275e-09
562.6	8.1213e-09
562.8	8.762e-09
563.0	9.4532e-09
563.2	9.6224e-09
563.4	9.5756e-09
563.6	9.5289e-09
563.8	9.4825e-09
564.0	9.4364e-09
564.2	9.3904e-09
564.4	9.3447e-09
564.6	9.2992e-09
564.8	9.2539e-09
565.0	9.2089e-09
565.2	8.292e-09
565.4	7.4472e-09
565.6	6.6885e-09
565.8	6.0071e-09
566.0	5.3952e-09
566.2	4.8455e-09
566.4	4.3519e-09
566.6	3.9086e-09
566.8	3.5104e-09
567.0	3.1527e-09
567.2	2.7016e-09
567.4	2.3023e-09
567.6	1.962e-09
567.8	1.672e-09
568.0	1.4249e-09
568.2	1.2143e-09
568.4	1.0348e-09
568.6	8.8186e-10
568.8	7.5152e-10
569.0	6.4044e-10
569.2	8.132e-10
569.4	1.1109e-09
569.6	1.5176e-09
569.8	2.0732e-09
570.0	2.8322e-09
570.2	3.8691e-09
570.4	5.2856e-09
570.6	7.2206e-09
570.8	9.8641e-09
571.0	1.3475e-08
571.2	1.3949e-08
571.4	1.3442e-08
571.6	1.2954e-08
571.8	1.2483e-08
572.0	1.2029e-08
572.2	1.1592e-08
572.4	1.1171e-08
572.6	1.0765e-08
572.8	1.0374e-08
573.0	9.9971e-09
573.2	9.3919e-09
573.4	8.7489e-09
573.6	8.1499e-09
573.8	7.5919e-09
574.0	7.0721e-09
574.2	6.5878e-09
574.4	6.1368e-09
574.6	5.7166e-09
574.8	5.3252e-09
575.0	4.9606e-09
575.2	4.948e-09
575.4	4.9458e-09
575.6	4.9436e-09
575.8	4.9415e-09
576.0	4.9393e-09
576.2	4.9372e-09
576.4	4.935e-09
576.6	4.9329e-09
576.8	4.9307e-09
577.0	4.9286e-09
577.2	4.6324e-09
577.4	4.3227e-09
577.6	4.0337e-09
577.8	3.7641e-09
578.0	3.5124e-09
578.2	3.2776e-09
578.4	3.0585e-09
578.6	2.854e-09
578.8	2.6632e-09
579.0	2.4852e-09
579.2	2.7006e-09
579.4	3.0147e-09
579.6	3.3653e-09
579.8	3.7567e-09
580.0	4.1936e-09
580.2	4.6813e-09
580.4	5.2257e-09
580.6	5.8334e-09
580.8	6.5119e-09
581.0	7.2692e-09
581.2	6.0757e-09
581.4	4.745e-09
581.6	3.7057e-09
581.8	2.8941e-09
582.0	2.2602e-09
582.2	1.7652e-09
582.4	1.3785e-09
582.6	1.0766e-09
582.8	8.408e-10
583.0	6.5664e-10
583.2	7.4248e-10
583.4	9.3767e-10
583.6	1.1842e-09
583.8	1.4955e-09
584.0	1.8886e-09
584.2	2.3851e-09
584.4	3.0121e-09
584.6	3.8039e-09
584.8	4.8039e-09
585.0	6.0668e-09
585.2	6.3252e-09
585.4	6.5354e-09
585.6	6.7525e-09
585.8	6.9768e-09
586.0	7.2086e-09
586.2	7.4481e-09
586.4	7.6955e-09
586.6	7.9511e-09
586.8	8.2153e-09
587.0	8.4882e-09
587.2	7.6544e-09
587.4	6.7636e-09
587.6	5.9764e-09
587.8	5.2808e-09
588.0	4.6662e-09
588.2	4.1232e-09
588.4	3.6433e-09
588.6	3.2193e-09
588.8	2.8446e-09
589.0	2.5136e-09
589.2	2.8125e-09
589.4	3.303e-09
589.6	3.879e-09
589.8	4.5554e-09
590.0	5.3498e-09
590.2	6.2827e-09
590.4	7.3783e-09
590.6	8.6649e-09
590.8	1.0176e-08
591.0	1.195e-08
591.2	1.1489e-08
591.4	1.049e-08
591.6	9.5782e-09
591.8	8.7455e-09
592.0	7.9851e-09
592.2	7.2908e-09
592.4	6.657e-09
592.6	6.0782e-09
592.8	5.5497e-09
593.0	5.0672e-09
593.2	5.6164e-09
593.4	6.6182e-09
593.6	7.7986e-09
593.8	9.1896e-09
594.0	1.0829e-08
594.2	1.276e-08
594.4	1.5036e-08
594.6	1.7718e-08
594.8	2.0878e-08
595.0	2.4602e-08
595.2	2.5275e-08
595.4	2.5779e-08
595.6	2.6293e-08
595.8	2.6817e-08
596.0	2.7352e-08
596.2	2.7898e-08
596.4	2.8455e-08
596.6	2.9022e-08
596.8	2.9601e-08
597.0	3.0192e-08
597.2	3.0457e-08
597.4	3.067e-08
597.6	3.0885e-08
597.8	3.1101e-08
598.0	3.1318e-08
598.2	3.1537e-08
598.4	3.1758e-08
598.6	3.198e-08
598.8	3.2204e-08
599.0	3.2429e-08
599.2	3.3078e-08
599.4	3.3828e-08
599.6	3.4596e-08
599.8	3.5381e-08
600.0	3.6184e-08
600.2	3.7005e-08
600.4	3.7844e-08
600.6	3.8703e-08
600.8	3.9581e-08
601.0	4.0479e-08
601.2	4.1601e-08
601.4	4.2807e-08
601.6	4.4048e-08
601.8	4.5325e-08
602.0	4.6639e-08
602.2	4.7991e-08
602.4	4.9382e-08
602.6	5.0814e-08
602.8	5.2286e-08
603.0	5.3802e-08
603.2	5.467e-08
603.4	5.535e-08
603.6	5.6038e-08
603.8	5.6734e-08
604.0	5.744e-08
604.2	5.8154e-08
604.4	5.8877e-08
604.6	5.9608e-08
604.8	6.0349e-08
605.0	6.11e-08
605.2	6.0719e-08
605.4	6.0283e-08
605.6	5.9849e-08
605.8	5.9419e-08
606.0	5.8991e-08
606.2	5.8567e-08
606.4	5.8146e-08
606.6	5.7727e-08
606.8	5.7312e-08
607.0	5.69e-08
607.2	5.8032e-08
607.4	5.9415e-08
607.6	6.083e-08
607.8	6.2279e-08
608.0	6.3763e-08
608.2	6.5282e-08
608.4	6.6838e-08
608.6	6.843e-08
608.8	7.0061e-08
609.0	7.173e-08
609.2	7.331e-08
609.4	7.49e-08
609.6	7.6524e-08
609.8	7.8184e-08
610.0	7.988e-08
610.2	8.1613e-08
610.4	8.3383e-08
610.6	8.5192e-08
610.8	8.704e-08
611.0	8.8928e-08
611.2	8.9134e-08
611.4	8.8978e-08
611.6	8.8823e-08
611.8	8.8668e-08
612.0	8.8513e-08
612.2	8.8358e-08
612.4	8.8204e-08
612.6	8.805e-08
612.8	8.7896e-08
613.0	8.7743e-08
613.2	8.6444e-08
613.4	8.4894e-08
613.6	8.3371e-08
613.8	8.1876e-08
614.0	8.0407e-08
614.2	7.8965e-08
614.4	7.7549e-08
614.6	7.6158e-08
614.8	7.4792e-08
615.0	7.345e-08
615.2	7.3019e-08
615.4	7.2646e-08
615.6	7.2276e-08
615.8	7.1907e-08
616.0	7.1541e-08
616.2	7.1176e-08
616.4	7.0813e-08
616.6	7.0452e-08
616.8	7.0093e-08
617.0	6.9735e-08
617.2	6.8273e-08
617.4	6.6658e-08
617.6	6.5082e-08
617.8	6.3543e-08
618.0	6.204e-08
618.2	6.0573e-08
618.4	5.9141e-08
618.6	5.7743e-08
618.8	5.6377e-08
619.0	5.5044e-08
619.2	5.3743e-08
619.4	5.2472e-08
619.6	5.1456e-08
619.8	5.0893e-08
620.0	5.0335e-08
620.2	4.9783e-08
620.4	4.9238e-08
620.6	4.8698e-08
620.8	4.8164e-08
621.0	4.7637e-08
621.2	4.7114e-08
621.4	4.6598e-08
621.6	4.6314e-08
621.8	4.6516e-08
622.0	4.6717e-08
622.2	4.692e-08
622.4	4.7124e-08
622.6	4.7329e-08
622.8	4.7534e-08
623.0	4.774e-08
623.2	4.7948e-08
623.4	4.8156e-08
623.6	4.8745e-08
623.8	5.0229e-08
624.0	5.1758e-08
624.2	5.3334e-08
624.4	5.4958e-08
624.6	5.6631e-08
624.8	5.8355e-08
625.0	6.0132e-08
625.2	6.1963e-08
625.4	6.3849e-08
625.6	6.4712e-08
625.8	6.3942e-08
626.0	6.3181e-08
626.2	6.2429e-08
626.4	6.1686e-08
626.6	6.0952e-08
626.8	6.0227e-08
627.0	5.951e-08
627.2	5.8802e-08
627.4	5.8102e-08
627.6	5.741e-08
627.8	5.6727e-08
628.0	5.6052e-08
628.2	4.862e-08
628.4	4.0696e-08
628.6	3.4063e-08
628.8	2.8511e-08
629.0	2.3864e-08
629.2	1.9975e-08
629.4	1.6719e-08
629.6	1.3994e-08
629.8	1.1713e-08
630.0	9.8041e-09
630.2	1.0113e-08
630.4	3.6691e-08
630.6	2.7848e-08
630.8	1.4717e-08
631.0	9.8516e-09
631.2	9.8705e-09
631.4	9.8832e-09
631.6	9.8814e-09
631.8	9.8862e-09
632.0	9.8782e-09
632.2	9.8676e-09
632.4	9.8643e-09
632.6	9.873e-09
632.8	1.4847e-08
633.0	5.8416e-08
633.2	1.7446e-08
633.4	9.8853e-09
633.6	1.8002e-08
633.8	6.5121e-08
634.0	4.1567e-08
634.2	3.4195e-08
634.4	2.1459e-08
634.6	1.2386e-08
634.8	9.8267e-09
635.0	9.8171e-09
635.2	9.822e-09
635.4	9.844e-09
635.6	3.3926e-08
635.8	1.3562e-08
636.0	9.8686e-09
636.2	1.3322e-08
636.4	1.6826e-08
636.6	9.8883e-09
636.8	9.8828e-09
637.0	9.8989e-09
637.2	9.9131e-09
637.4	3.4246e-08
637.6	3.4813e-08
637.8	1.556e-08
638.0	9.8102e-08
638.2	3.8004e-08
638.4	2.4385e-08
638.6	3.3584e-08
638.8	3.3779e-08
639.0	2.9731e-08
639.2	2.4903e-08
639.4	1.0327e-08
639.6	9.8798e-09
639.8	2.3911e-08
640.0	3.8693e-08
640.2	1.9186e-08
640.4	9.8381e-09
640.6	9.8153e-09
640.8	9.7865e-09
641.0	9.7735e-09
641.2	1.6089e-08
641.4	1.3445e-08
641.6	9.7359e-09
641.8	9.7023e-09
642.0	9.6812e-09
642.2	9.6789e-09
642.4	9.6806e-09
642.6	2.3796e-08
642.8	1.953e-08
643.0	9.6803e-09
643.2	1.432e-08
643.4	4.7258e-08
643.6	3.1404e-08
643.8	4.5284e-08
644.0	3.0642e-08
644.2	1.2918e-08
644.4	9.6855e-09
644.6	1.1137e-08
644.8	1.939e-08
645.0	4.0349e-08
645.2	1.8273e-08
645.4	1.1348e-08
645.6	1.1616e-08
645.8	1.6119e-08
646.0	3.0654e-08
646.2	1.0125e-08
646.4	9.6808e-09
646.6	9.6789e-09
646.8	1.0106e-08
647.0	1.3593e-08
647.2	2.6138e-08
647.4	5.0424e-08
647.6	6.5916e-08
647.8	1.6344e-08
648.0	9.6106e-09
648.2	9.6015e-09
648.4	9.5961e-09
648.6	1.6156e-08
648.8	5.3697e-08
649.0	3.0778e-08
649.2	1.3326e-08
649.4	9.4925e-09
649.6	1.2454e-08
649.8	2.6842e-08
650.0	3.1743e-08
650.2	9.7446e-09
650.4	1.7e-08
650.6	5.0297e-08
650.8	4.3029e-08
651.0	1.7974e-08
651.2	1.846e-08
651.4	2.2688e-08
651.6	9.4142e-09
651.8	9.42e-09
652.0	9.4245e-09
652.2	1.6417e-08
652.4	3.5958e-08
652.6	2.44e-08
652.8	9.4686e-09
653.0	9.4825e-09
653.2	2.6921e-08
653.4	1.7674e-08
653.6	9.5056e-09
653.8	1.0114e-08
654.0	1.264e-08
654.2	9.5869e-09
654.4	9.597e-09
654.6	9.5887e-09
654.8	2.0299e-08
655.0	2.4005e-08
655.2	1.0164e-08
655.4	1.5378e-08
655.6	4.8913e-08
655.8	5.6538e-08
656.0	2.7271e-08
656.2	1.9267e-08
656.4	2.4977e-08
656.6	4.2995e-08
656.8	1.6166e-08
657.0	9.6163e-09
657.2	9.6069e-09
657.4	9.5949e-09
657.6	1.7639e-08
657.8	3.2451e-08
658.0	1.8763e-08
658.2	1.2138e-08
658.4	2.8401e-08
658.6	3.6073e-08
658.8	1.6874e-08
659.0	1.7929e-08
659.2	4.7651e-08
659.4	4.7683e-08
659.6	4.4374e-08
659.8	5.6976e-08
660.0	4.9877e-08
660.2	1.8942e-08
660.4	9.5738e-09
660.6	9.5824e-09
660.8	9.597e-09
661.0	1.1341e-08
661.2	2.6335e-08
661.4	1.3107e-08
661.6	1.3851e-08
661.8	1.5433e-08
662.0	9.6833e-09
662.2	9.6944e-09
662.4	3.0523e-08
662.6	3.8575e-08
662.8	2.45e-08
663.0	1.4086e-08
663.2	9.7556e-09
663.4	1.0533e-08
663.6	2.5474e-08
663.8	5.1396e-08
664.0	5.0758e-08
664.2	6.0976e-08
664.4	6.3904e-08
664.6	4.4376e-08
664.8	2.0448e-08
665.0	4.2602e-08
665.2	3.3045e-08
665.4	2.1648e-08
665.6	1.2895e-08
665.8	1.5025e-08
666.0	2.6888e-08
666.2	1.9379e-08
666.4	4.0273e-08
666.6	3.3559e-08
666.8	1.3698e-08
667.0	2.5433e-08
667.2	3.9811e-08
667.4	1.9289e-08
667.6	1.9306e-08
667.8	5.4199e-08
668.0	3.5262e-08
668.2	1.3134e-08
668.4	1.728e-08
668.6	2.0226e-08
668.8	1.2162e-08
669.0	5.1314e-08
669.2	2.5932e-08
669.4	3.6749e-08
669.6	4.4459e-08
669.8	5.0649e-08
670.0	7.2893e-08
670.2	8.472e-08
670.4	6.1247e-08
670.6	5.1462e-08
670.8	5.4261e-08
671.0	6.8647e-08
671.2	7.3963e-08
671.4	7.058e-08
671.6	7.7094e-08
671.8	4.4193e-08
672.0	7.3964e-08
672.2	8.6004e-08
672.4	5.8429e-08
672.6	4.9233e-08
672.8	5.1142e-08
673.0	5.9541e-08
673.2	9.6693e-08
673.4	1.4132e-07
673.6	1.5299e-07
673.8	1.5928e-07
674.0	1.7931e-07
674.2	1.6812e-07
674.4	1.7535e-07
674.6	1.8292e-07
674.8	1.9047e-07
675.0	2.1528e-07
675.2	2.6986e-07
675.4	3.2845e-07
675.6	3.6875e-07
675.8	3.6863e-07
676.0	3.8928e-07
676.2	4.2644e-07
676.4	4.7352e-07
676.6	5.2526e-07
676.8	5.7951e-07
677.0	6.2952e-07
677.2	6.9996e-07
677.4	8.2768e-07
677.6	9.2657e-07
677.8	1.0534e-06
678.0	1.2638e-06
678.2	1.4311e-06
678.4	1.6646e-06
678.6	1.9229e-06
678.8	2.1516e-06
679.0	2.4276e-06
679.2	2.7821e-06
679.4	3.187e-06
679.6	3.6094e-06
679.8	4.2486e-06
680.0	4.9565e-06
680.2	5.7534e-06
680.4	6.673e-06
680.6	7.6986e-06
680.8	8.8024e-06
681.0	1.0396e-05
681.2	1.2231e-05
681.4	1.4356e-05
681.6	1.6849e-05
681.8	1.9851e-05
682.0	2.3488e-05
682.2	2.7793e-05
682.4	3.315e-05
682.6	3.9808e-05
682.8	4.7408e-05
683.0	5.7036e-05
683.2	6.895e-05
683.4	8.3069e-05
683.6	9.7974e-05
683.8	1.1816e-04
684.0	1.4426e-04
684.2	1.7854e-04
684.4	2.1784e-04
684.6	2.7079e-04
684.8	3.3783e-04
685.0	4.3626e-04
685.2	5.5882e-04
685.4	7.0517e-04
685.6	8.9314e-04
685.8	0.00116
686.0	0.00148
686.2	0.00191
686.4	0.00249
686.6	0.00321
686.8	0.00425
687.0	0.00567
687.2	0.00759
687.4	0.01028
687.6	0.01401
687.8	0.01877
688.0	0.02451
688.2	0.03433
688.4	0.04836
688.6	0.06873
688.8	0.09842
689.0	0.14101
689.2	0.20074
689.4	0.28042
689.6	0.38247
689.8	0.50169
690.0	0.62782
690.2	0.74292
690.4	0.83585
690.6	0.90176
690.8	0.94511
691.0	0.96803
691.2	0.97896
691.4	0.98437
691.6	0.98627
691.8	0.98735
692.0	0.98678
692.2	0.98643
692.4	0.9858
692.6	0.98551
692.8	0.98437
693.0	0.98316
693.2	0.98237
693.4	0.98101
693.6	0.98001
693.8	0.97902
694.0	0.9785
694.2	0.97878
694.4	0.97912
694.6	0.97944
694.8	0.98029
695.0	0.9816
695.2	0.98245
695.4	0.98439
695.6	0.98575
695.8	0.98765
696.0	0.98814
696.2	0.98886
696.4	0.99141
696.6	0.99172
696.8	0.99306
697.0	0.99268
697.2	0.99379
697.4	0.99419
697.6	0.99433
697.8	0.99513
698.0	0.99505
698.2	0.99534
698.4	0.99507
698.6	0.99526
698.8	0.99561
699.0	0.99557
699.2	0.99583
699.4	0.99595
699.6	0.99551
699.8	0.99563
700.0	0.99449
700.2	0.99476
700.4	0.9936
700.6	0.99379
700.8	0.99349
701.0	0.99326
701.2	0.99276
701.4	0.99241
701.6	0.99227
701.8	0.99249
702.0	0.99265
702.2	0.99276
702.4	0.99292
702.6	0.99279
702.8	0.99308
703.0	0.99322
703.2	0.99343
703.4	0.99341
703.6	0.99267
703.8	0.99308
704.0	0.9928
704.2	0.99212
704.4	0.99167
704.6	0.99138
704.8	0.99092
705.0	0.98979
705.2	0.99016
705.4	0.98951
705.6	0.9894
705.8	0.99026
706.0	0.99019
706.2	0.99149
706.4	0.99151
706.6	0.9917
706.8	0.99245
707.0	0.99262
707.2	0.99306
707.4	0.99351
707.6	0.99342
707.8	0.9923
708.0	0.99178
708.2	0.98972
708.4	0.98596
708.6	0.97901
708.8	0.96582
709.0	0.94213
709.2	0.90364
709.4	0.84567
709.6	0.76629
709.8	0.6672
710.0	0.55625
710.2	0.44412
710.4	0.34029
710.6	0.25439
710.8	0.18662
711.0	0.13572
711.2	0.09831
711.4	0.07127
711.6	0.05199
711.8	0.03853
712.0	0.02839
712.2	0.02106
712.4	0.01573
712.6	0.01187
712.8	0.00901
713.0	0.00689
713.2	0.00559
713.4	0.00444
713.6	0.00346
713.8	0.00271
714.0	0.00214
714.2	0.00168
714.4	0.00136
714.6	0.00104
714.8	8.1037e-04
715.0	6.5418e-04
715.2	5.2961e-04
715.4	4.3191e-04
715.6	3.5522e-04
715.8	2.9259e-04
716.0	2.4411e-04
716.2	2.057e-04
716.4	1.7098e-04
716.6	1.4307e-04
716.8	1.1957e-04
717.0	1.0036e-04
717.2	8.4808e-05
717.4	7.1039e-05
717.6	6.0343e-05
717.8	5.168e-05
718.0	4.4106e-05
718.2	3.7483e-05
718.4	3.1784e-05
718.6	2.7012e-05
718.8	2.1987e-05
719.0	2.0198e-05
719.2	1.7322e-05
719.4	1.4925e-05
719.6	1.2947e-05
719.8	1.1309e-05
720.0	9.8887e-06
720.2	8.5375e-06
720.4	7.6576e-06
720.6	6.6825e-06
720.8	5.7175e-06
721.0	4.9631e-06
721.2	4.4947e-06
721.4	3.8269e-06
721.6	3.4085e-06
721.8	3.2974e-06
722.0	2.7742e-06
722.2	2.4586e-06
722.4	2.3491e-06
722.6	2.1104e-06
722.8	1.5117e-06
723.0	1.3998e-06
723.2	1.386e-06
723.4	1.2488e-06
723.6	1.1127e-06
723.8	1.0264e-06
724.0	9.0591e-07
724.2	7.6779e-07
724.4	6.7149e-07
724.6	6.7329e-07
724.8	5.2346e-07
725.0	4.0267e-07
725.2	4.182e-07
725.4	4.7951e-07
725.6	3.3642e-07
725.8	3.0047e-07
726.0	3.2377e-07
726.2	2.6118e-07
726.4	2.2051e-07
726.6	2.8867e-07
726.8	1.6514e-07
727.0	1.946e-07
727.2	1.3083e-07
727.4	1.6117e-07
727.6	1.7157e-07
727.8	9.2722e-08
728.0	7.8497e-08
728.2	1.2118e-07
728.4	1.5882e-07
728.6	7.3918e-08
728.8	6.723e-08
729.0	7.6205e-08
729.2	3.6845e-08
729.4	5.5509e-08
729.6	6.4288e-08
729.8	7.3147e-08
730.0	5.153e-08
730.2	2.0449e-08
730.4	1.1164e-08
730.6	1.4119e-08
730.8	4.2973e-08
731.0	6.1183e-08
731.2	2.3616e-08
731.4	2.1824e-08
731.6	2.8127e-08
731.8	1.8163e-08
732.0	4.7881e-08
732.2	1.3086e-08
732.4	1.1277e-08
732.6	1.1289e-08
732.8	1.9096e-08
733.0	2.7908e-08
733.2	1.1357e-08
733.4	1.1363e-08
733.6	1.1364e-08
733.8	1.1374e-08
734.0	1.1382e-08
734.2	1.1406e-08
734.4	1.1456e-08
734.6	1.6836e-08
734.8	5.7425e-08
735.0	5.7444e-08
735.2	2.0118e-08
735.4	1.1535e-08
735.6	2.1729e-08
735.8	5.5168e-08
736.0	1.1578e-08
736.2	1.1719e-08
736.4	2.044e-08
736.6	1.5038e-08
736.8	1.1607e-08
737.0	1.1625e-08
737.2	1.1674e-08
737.4	1.2931e-08
737.6	2.2551e-08
737.8	4.669e-08
738.0	4.3986e-08
738.2	2.356e-08
738.4	1.5015e-08
738.6	3.3677e-08
738.8	1.1799e-08
739.0	1.181e-08
739.2	2.6308e-08
739.4	4.6653e-08
739.6	4.3649e-08
739.8	2.145e-08
740.0	1.2625e-08
740.2	1.1914e-08
740.4	1.1924e-08
740.6	4.6417e-08
740.8	3.1535e-08
741.0	1.4827e-08
741.2	2.2157e-08
741.4	1.276e-08
741.6	1.269e-08
741.8	6.7969e-08
742.0	2.5867e-08
742.2	1.2098e-08
742.4	1.2092e-08
742.6	1.2103e-08
742.8	1.2153e-08
743.0	1.2177e-08
743.2	4.4347e-08
743.4	6.0978e-08
743.6	3.1499e-08
743.8	1.2246e-08
744.0	1.2679e-08
744.2	3.5998e-08
744.4	5.9275e-08
744.6	7.0566e-08
744.8	6.7081e-08
745.0	5.1723e-08
745.2	4.7568e-08
745.4	1.7457e-07
745.6	3.1202e-08
745.8	1.3511e-08
746.0	1.2466e-08
746.2	1.2506e-08
746.4	2.9347e-08
746.6	1.6984e-07
746.8	1.3974e-07
747.0	3.8671e-08
747.2	1.4421e-08
747.4	1.2671e-08
747.6	2.1843e-08
747.8	2.7437e-08
748.0	1.4234e-08
748.2	3.4586e-08
748.4	1.8231e-08
748.6	2.2872e-08
748.8	1.6576e-08
749.0	2.3281e-08
749.2	3.6855e-08
749.4	1.3746e-08
749.6	5.0178e-08
749.8	4.1657e-08
750.0	1.942e-08
750.2	4.7777e-08
750.4	2.378e-08
750.6	1.9466e-08
750.8	2.8441e-08
751.0	4.0042e-08
751.2	1.7315e-08
751.4	1.4029e-08
751.6	3.6842e-08
751.8	6.8849e-08
752.0	3.9414e-08
752.2	3.9483e-08
752.4	1.7224e-08
752.6	1.3198e-08
752.8	1.3232e-08
753.0	1.3253e-08
753.2	1.65e-08
753.4	2.4429e-08
753.6	1.4015e-08
753.8	3.6681e-08
754.0	2.3738e-08
754.2	1.1043e-08
754.4	1.4068e-08
754.6	2.1389e-08
754.8	3.2639e-08
755.0	3.7208e-08
755.2	3.1313e-08
755.4	2.2557e-08
755.6	2.3084e-08
755.8	2.039e-08
756.0	1.7261e-08
756.2	4.1282e-08
756.4	6.2425e-08
756.6	9.2052e-08
756.8	6.3387e-08
757.0	2.3324e-08
757.2	1.3806e-08
757.4	1.3822e-08
757.6	1.3863e-08
757.8	7.4203e-08
758.0	3.1012e-08
758.2	1.7282e-08
758.4	4.2635e-08
758.6	4.8449e-08
758.8	1.3924e-08
759.0	1.3955e-08
759.2	1.4002e-08
759.4	1.4042e-08
759.6	1.4632e-08
759.8	1.9534e-08
760.0	3.2197e-08
760.2	3.8232e-08
760.4	1.575e-08
760.6	1.43e-08
760.8	1.4325e-08
761.0	1.574e-08
761.2	2.704e-08
761.4	3.9758e-08
761.6	1.5142e-08
761.8	2.6528e-08
762.0	1.794e-08
762.2	1.4438e-08
762.4	1.6273e-08
762.6	1.842e-08
762.8	1.4571e-08
763.0	1.5401e-08
763.2	3.7336e-08
763.4	2.1148e-08
763.6	2.4385e-08
763.8	4.686e-08
764.0	4.68e-08
764.2	2.9499e-08
764.4	2.9451e-08
764.6	2.949e-08
764.8	5.1064e-08
765.0	7.3773e-08
765.2	5.2748e-08
765.4	1.8174e-08
765.6	1.49e-08
765.8	1.4915e-08
766.0	4.2953e-08
766.2	2.7174e-08
766.4	3.1027e-08
766.6	7.4931e-08
766.8	2.0025e-08
767.0	1.5088e-08
767.2	1.5096e-08
767.4	1.512e-08
767.6	1.5158e-08
767.8	3.0074e-08
768.0	8.9814e-08
768.2	3.7123e-08
768.4	1.5949e-08
768.6	2.7907e-08
768.8	7.1173e-08
769.0	8.2023e-08
769.2	4.1284e-08
769.4	1.5944e-08
769.6	2.1341e-08
769.8	1.5467e-08
770.0	1.5489e-08
770.2	1.5531e-08
770.4	2.9277e-08
770.6	4.3372e-08
770.8	1.584e-08
771.0	1.8716e-08
771.2	4.6831e-08
771.4	1.9376e-08
771.6	1.5753e-08
771.8	1.5768e-08
772.0	2.0333e-08
772.2	4.5614e-08
772.4	1.8555e-08
772.6	1.606e-08
772.8	1.5949e-08
773.0	1.5975e-08
773.2	3.5228e-08
773.4	1.0032e-07
773.6	1.695e-08
773.8	2.1965e-08
774.0	1.6744e-08
774.2	5.1162e-08
774.4	4.9801e-08
774.6	4.6747e-08
774.8	7.5699e-08
775.0	1.7891e-08
775.2	1.6341e-08
775.4	1.6338e-08
775.6	1.633e-08
775.8	3.1121e-08
776.0	4.5134e-08
776.2	1.826e-08
776.4	5.5945e-08
776.6	4.8287e-08
776.8	6.0924e-08
777.0	2.7749e-08
777.2	3.3491e-08
777.4	5.6356e-08
777.6	1.6676e-08
777.8	1.6703e-08
778.0	2.6448e-08
778.2	1.9585e-08
778.4	4.4013e-08
778.6	5.8198e-08
778.8	4.1077e-08
779.0	8.1949e-08
779.2	2.243e-08
779.4	1.9021e-08
779.6	3.7737e-08
779.8	4.1239e-08
780.0	2.6912e-08
780.2	2.1211e-08
780.4	6.5237e-08
780.6	2.3913e-08
780.8	1.7316e-08
781.0	1.7345e-08
781.2	3.9111e-08
781.4	5.2701e-08
781.6	1.7432e-08
781.8	1.7449e-08
782.0	1.7483e-08
782.2	2.5421e-08
782.4	2.2317e-08
782.6	5.0476e-08
782.8	8.4288e-08
783.0	1.7663e-08
783.2	1.7704e-08
783.4	2.905e-08
783.6	4.546e-08
783.8	6.2751e-08
784.0	4.0289e-08
784.2	1.794e-08
784.4	1.7986e-08
784.6	1.8045e-08
784.8	4.4214e-08
785.0	4.2614e-08
785.2	2.7228e-08
785.4	2.7299e-08
785.6	2.7388e-08
785.8	7.7684e-08
786.0	2.8867e-08
786.2	2.7513e-08
786.4	3.5154e-08
786.6	3.2592e-08
786.8	1.8443e-08
787.0	1.847e-08
787.2	1.8496e-08
787.4	1.8537e-08
787.6	1.8585e-08
787.8	3.3227e-08
788.0	4.1124e-08
788.2	3.3283e-08
788.4	1.0728e-07
788.6	2.2342e-08
788.8	4.1479e-08
789.0	3.1584e-08
789.2	1.8848e-08
789.4	5.5767e-08
789.6	3.6452e-08
789.8	2.3409e-08
790.0	1.6386e-08
790.2	1.2419e-08
790.4	9.5326e-09
790.6	9.5717e-09
790.8	9.611e-09
791.0	1.797e-08
791.2	3.4481e-08
791.4	4.0339e-08
791.6	2.7907e-08
791.8	1.9312e-08
792.0	1.3769e-08
792.2	9.8173e-09
792.4	9.7539e-09
792.6	9.7738e-09
792.8	9.7944e-09
793.0	9.8159e-09
793.2	9.8374e-09
793.4	9.8561e-09
793.6	9.8749e-09
793.8	9.902e-09
794.0	9.9293e-09
794.2	1.2462e-08
794.4	1.949e-08
794.6	2.9605e-08
794.8	1.75e-08
795.0	1.0345e-08
795.2	2.8309e-08
795.4	8.4694e-08
795.6	1.5159e-07
795.8	1.5202e-07
796.0	1.5245e-07
796.2	9.7777e-08
796.4	6.257e-08
796.6	5.7272e-08
796.8	5.3314e-08
797.0	5.1401e-08
797.2	5.1474e-08
797.4	5.1344e-08
797.6	2.3357e-08
797.8	1.0626e-08
798.0	2.2277e-08
798.2	4.8963e-08
798.4	6.8236e-08
798.6	5.9745e-08
798.8	5.1632e-08
799.0	2.3527e-08
799.2	1.0721e-08
799.4	2.2862e-08
799.6	5.0314e-08
799.8	5.0014e-08
800.0	2.2812e-08
800.2	1.0653e-08
800.4	1.0669e-08
800.6	1.0686e-08
800.8	1.0704e-08
801.0	1.0722e-08
801.2	1.6511e-08
801.4	3.8438e-08
801.6	8.314e-08
801.8	3.0797e-08
802.0	1.1408e-08
802.2	1.0927e-08
802.4	1.0946e-08
802.6	1.0957e-08
802.8	1.0958e-08
803.0	1.1012e-08
803.2	2.8664e-08
803.4	7.461e-08
803.6	3.6234e-08
803.8	1.6557e-08
804.0	1.112e-08
804.2	1.115e-08
804.4	1.118e-08
804.6	1.1217e-08
804.8	1.1254e-08
805.0	1.1271e-08
805.2	1.1288e-08
805.4	1.1303e-08
805.6	1.1317e-08
805.8	1.1331e-08
806.0	1.1365e-08
806.2	1.1398e-08
806.4	1.1433e-08
806.6	1.1467e-08
806.8	1.1494e-08
807.0	1.1512e-08
807.2	1.1776e-08
807.4	1.996e-08
807.6	3.3833e-08
807.8	5.5278e-08
808.0	9.0142e-08
808.2	8.5566e-08
808.4	4.4662e-08
808.6	2.3348e-08
808.8	1.667e-08
809.0	1.1902e-08
809.2	2.0192e-08
809.4	3.5513e-08
809.6	4.7419e-08
809.8	4.7532e-08
810.0	4.7404e-08
810.2	3.3893e-08
810.4	2.4233e-08
810.6	3.4403e-08
810.8	4.9887e-08
811.0	4.341e-08
811.2	2.2668e-08
811.4	1.2193e-08
811.6	2.0874e-08
811.8	3.5737e-08
812.0	4.4205e-08
812.2	5.4318e-08
812.4	6.2422e-08
812.6	6.718e-08
812.8	7.1622e-08
813.0	5.8863e-08
813.2	4.8377e-08
813.4	3.6615e-08
813.6	2.7666e-08
813.8	2.0896e-08
814.0	1.5776e-08
814.2	1.2302e-08
814.4	2.0852e-08
814.6	3.5345e-08
814.8	3.635e-08
815.0	3.6412e-08
815.2	2.9444e-08
815.4	1.8879e-08
815.6	1.2132e-08
815.8	1.2128e-08
816.0	1.2123e-08
816.2	2.2588e-08
816.4	4.3339e-08
816.6	6.0848e-08
816.8	6.0909e-08
817.0	6.0698e-08
817.2	3.8888e-08
817.4	2.4915e-08
817.6	1.8689e-08
817.8	1.4111e-08
818.0	1.2218e-08
818.2	1.2198e-08
818.4	1.2179e-08
818.6	1.2202e-08
818.8	1.2225e-08
819.0	1.2243e-08
819.2	1.226e-08
819.4	1.2275e-08
819.6	1.2288e-08
819.8	1.251e-08
820.0	2.4574e-08
820.2	4.8272e-08
820.4	2.8591e-08
820.6	1.6318e-08
820.8	1.2331e-08
821.0	1.2338e-08
821.2	1.2597e-08
821.4	2.4754e-08
821.6	4.8643e-08
821.8	8.7652e-08
822.0	1.5752e-07
822.2	2.2047e-07
822.4	2.4033e-07
822.6	2.6211e-07
822.8	2.9082e-07
823.0	3.2267e-07
823.2	4.1876e-07
823.4	5.461e-07
823.6	6.5866e-07
823.8	7.3473e-07
824.0	8.194e-07
824.2	9.0731e-07
824.4	1.0047e-06
824.6	9.8195e-07
824.8	9.5669e-07
825.0	9.2104e-07
825.2	8.7641e-07
825.4	8.3523e-07
825.6	8.3015e-07
825.8	8.2511e-07
826.0	8.01e-07
826.2	7.7703e-07
826.4	7.4412e-07
826.6	7.0348e-07
826.8	6.6563e-07
827.0	6.4784e-07
827.2	6.3052e-07
827.4	5.8761e-07
827.6	5.4689e-07
827.8	5.4047e-07
828.0	5.6717e-07
828.2	5.9474e-07
828.4	6.0859e-07
828.6	6.2276e-07
828.8	6.4919e-07
829.0	6.7707e-07
829.2	7.0452e-07
829.4	7.3142e-07
829.6	7.5794e-07
829.8	7.463e-07
830.0	7.3484e-07
830.2	7.8447e-07
830.4	8.3954e-07
830.6	8.8268e-07
830.8	9.117e-07
831.0	9.394e-07
831.2	8.949e-07
831.4	8.5251e-07
831.6	8.9186e-07
831.8	9.3716e-07
832.0	9.4535e-07
832.2	9.1392e-07
832.4	8.8481e-07
832.6	9.1951e-07
832.8	9.5558e-07
833.0	9.9798e-07
833.2	1.0425e-06
833.4	1.085e-06
833.6	1.1245e-06
833.8	1.1647e-06
834.0	1.1545e-06
834.2	1.1445e-06
834.4	1.2139e-06
834.6	1.2889e-06
834.8	1.3662e-06
835.0	1.4459e-06
835.2	1.5225e-06
835.4	1.4579e-06
835.6	1.396e-06
835.8	1.357e-06
836.0	1.3195e-06
836.2	1.3212e-06
836.4	1.3614e-06
836.6	1.3994e-06
836.8	1.3455e-06
837.0	1.2937e-06
837.2	1.3807e-06
837.4	1.4792e-06
837.6	1.4556e-06
837.8	1.3157e-06
838.0	1.1934e-06
838.2	1.2112e-06
838.4	1.2293e-06
838.6	1.2536e-06
838.8	1.2788e-06
839.0	1.2905e-06
839.2	1.2879e-06
839.4	1.2851e-06
839.6	1.2734e-06
839.8	1.2619e-06
840.0	1.1979e-06
840.2	1.1344e-06
840.4	1.0832e-06
840.6	1.0438e-06
840.8	1.0062e-06
841.0	1.0014e-06
841.2	9.9655e-07
841.4	1.0135e-06
841.6	1.0314e-06
841.8	1.0234e-06
842.0	9.9014e-07
842.2	9.5889e-07
842.4	9.5394e-07
842.6	9.4901e-07
842.8	9.3346e-07
843.0	9.1761e-07
843.2	9.2386e-07
843.4	9.5407e-07
843.6	9.829e-07
843.8	9.0015e-07
844.0	8.2437e-07
844.2	8.7052e-07
844.4	9.2192e-07
844.6	9.4953e-07
844.8	9.5262e-07
845.0	9.5453e-07
845.2	9.3389e-07
845.4	9.137e-07
845.6	9.9947e-07
845.8	1.0984e-06
846.0	1.1796e-06
846.2	1.2367e-06
846.4	1.2916e-06
846.6	1.1653e-06
846.8	1.0513e-06
847.0	1.0637e-06
847.2	1.0843e-06
847.4	1.1158e-06
847.6	1.1604e-06
847.8	1.2069e-06
848.0	1.2608e-06
848.2	1.3172e-06
848.4	1.3214e-06
848.6	1.3238e-06
848.8	1.3437e-06
849.0	1.3788e-06
849.2	1.4124e-06
849.4	1.4191e-06
849.6	1.4257e-06
849.8	1.4458e-06
850.0	1.473e-06
850.2	1.5008e-06
850.4	1.5291e-06
850.6	1.5579e-06
850.8	1.5872e-06
851.0	1.6171e-06
851.2	1.6311e-06
851.4	1.6162e-06
851.6	1.6013e-06
851.8	1.5867e-06
852.0	1.5721e-06
852.2	1.5577e-06
852.4	1.5434e-06
852.6	1.5292e-06
852.8	1.5152e-06
853.0	1.5013e-06
853.2	1.4728e-06
853.4	1.4303e-06
853.6	1.389e-06
853.8	1.3489e-06
854.0	1.31e-06
854.2	1.2721e-06
854.4	1.2354e-06
854.6	1.1997e-06
854.8	1.1651e-06
855.0	1.1314e-06
855.2	1.0954e-06
855.4	1.0586e-06
855.6	1.023e-06
855.8	9.8864e-07
856.0	9.5543e-07
856.2	9.2333e-07
856.4	8.9231e-07
856.6	8.6234e-07
856.8	8.3337e-07
857.0	8.0537e-07
857.2	7.7954e-07
857.4	7.5488e-07
857.6	7.31e-07
857.8	7.0787e-07
858.0	6.8548e-07
858.2	6.6379e-07
858.4	6.4279e-07
858.6	6.2246e-07
858.8	6.0276e-07
859.0	5.8369e-07
859.2	5.7058e-07
859.4	5.5819e-07
859.6	5.4607e-07
859.8	5.3421e-07
860.0	5.2261e-07
860.2	5.1126e-07
860.4	5.0016e-07
860.6	4.893e-07
860.8	4.7868e-07
861.0	4.6828e-07
861.2	4.5912e-07
861.4	4.5227e-07
861.6	4.4553e-07
861.8	4.3889e-07
862.0	4.3235e-07
862.2	4.2591e-07
862.4	4.1956e-07
862.6	4.1331e-07
862.8	4.0715e-07
863.0	4.0108e-07
863.2	3.9576e-07
863.4	3.9126e-07
863.6	3.8682e-07
863.8	3.8243e-07
864.0	3.7808e-07
864.2	3.7379e-07
864.4	3.6954e-07
864.6	3.6535e-07
864.8	3.612e-07
865.0	3.571e-07
865.2	3.58e-07
865.4	3.6218e-07
865.6	3.6641e-07
865.8	3.707e-07
866.0	3.7503e-07
866.2	3.7941e-07
866.4	3.8385e-07
866.6	3.8833e-07
866.8	3.9287e-07
867.0	3.9746e-07
867.2	4.0998e-07
867.4	4.2557e-07
867.6	4.4174e-07
867.8	4.5853e-07
868.0	4.7596e-07
868.2	4.9406e-07
868.4	5.1284e-07
868.6	5.3233e-07
868.8	5.5256e-07
869.0	5.7357e-07
869.2	6.0337e-07
869.4	6.3561e-07
869.6	6.6958e-07
869.8	7.0536e-07
870.0	7.4305e-07
870.2	7.8276e-07
870.4	8.2459e-07
870.6	8.6865e-07
870.8	9.1507e-07
871.0	9.6397e-07
871.2	9.9048e-07
871.4	9.6021e-07
871.6	9.3087e-07
871.8	9.0242e-07
872.0	8.7484e-07
872.2	8.4811e-07
872.4	8.2219e-07
872.6	7.9706e-07
872.8	7.7271e-07
873.0	7.4909e-07
873.2	7.0509e-07
873.4	6.4017e-07
873.6	5.8123e-07
873.8	5.2772e-07
874.0	4.7913e-07
874.2	4.3502e-07
874.4	3.9496e-07
874.6	3.586e-07
874.8	3.2558e-07
875.0	2.9561e-07
875.2	2.7133e-07
875.4	2.5083e-07
875.6	2.3188e-07
875.8	2.1436e-07
876.0	1.9816e-07
876.2	1.8319e-07
876.4	1.6935e-07
876.6	1.5655e-07
876.8	1.4472e-07
877.0	1.3379e-07
877.2	1.2727e-07
877.4	1.2218e-07
877.6	1.1728e-07
877.8	1.1258e-07
878.0	1.0808e-07
878.2	1.0375e-07
878.4	9.9591e-08
878.6	9.5602e-08
878.8	9.1772e-08
879.0	8.8096e-08
879.2	8.528e-08
879.4	8.2614e-08
879.6	8.0031e-08
879.8	7.753e-08
880.0	7.5106e-08
880.2	7.2758e-08
880.4	7.0484e-08
880.6	6.828e-08
880.8	6.6146e-08
881.0	6.4078e-08
881.2	6.2702e-08
881.4	6.2713e-08
881.6	6.2725e-08
881.8	6.2736e-08
882.0	6.2747e-08
882.2	6.2758e-08
882.4	6.2769e-08
882.6	6.278e-08
882.8	6.2791e-08
883.0	6.2802e-08
883.2	6.2776e-08
883.4	6.2707e-08
883.6	6.2638e-08
883.8	6.257e-08
884.0	6.2501e-08
884.2	6.2433e-08
884.4	6.2364e-08
884.6	6.2296e-08
884.8	6.2228e-08
885.0	6.2159e-08
885.2	6.2277e-08
885.4	6.2503e-08
885.6	6.2731e-08
885.8	6.296e-08
886.0	6.3189e-08
886.2	6.3419e-08
886.4	6.365e-08
886.6	6.3882e-08
886.8	6.4115e-08
887.0	6.4348e-08
887.2	6.631e-08
887.4	6.8799e-08
887.6	7.1381e-08
887.8	7.406e-08
888.0	7.6839e-08
888.2	7.9723e-08
888.4	8.2715e-08
888.6	8.5819e-08
888.8	8.904e-08
889.0	9.2382e-08
889.2	9.4566e-08
889.4	9.6748e-08
889.6	9.898e-08
889.8	1.0126e-07
890.0	1.036e-07
890.2	1.0599e-07
890.4	1.0843e-07
890.6	1.1094e-07
890.8	1.135e-07
891.0	1.1611e-07
891.2	1.1729e-07
891.4	1.1483e-07
891.6	1.1242e-07
891.8	1.1006e-07
892.0	1.0775e-07
892.2	1.0549e-07
892.4	1.0328e-07
892.6	1.0111e-07
892.8	9.899e-08
893.0	9.6913e-08
893.2	9.3104e-08
893.4	8.7442e-08
893.6	8.2125e-08
893.8	7.7131e-08
894.0	7.2441e-08
894.2	6.8036e-08
894.4	6.3898e-08
894.6	6.0013e-08
894.8	5.6363e-08
895.0	5.2936e-08
895.2	5.0862e-08
895.4	4.9557e-08
895.6	4.8286e-08
895.8	4.7047e-08
896.0	4.5839e-08
896.2	4.4663e-08
896.4	4.3517e-08
896.6	4.24e-08
896.8	4.1312e-08
897.0	4.0252e-08
897.2	3.8224e-08
897.4	3.6057e-08
897.6	3.4013e-08
897.8	3.2086e-08
898.0	3.0267e-08
898.2	2.8552e-08
898.4	2.6933e-08
898.6	2.5407e-08
898.8	2.3967e-08
899.0	2.2608e-08
899.2	2.2139e-08
899.4	2.1709e-08
899.6	2.1287e-08
899.8	2.0873e-08
900.0	2.0468e-08
900.2	2.007e-08
900.4	1.968e-08
900.6	1.9298e-08
900.8	1.8923e-08
901.0	1.8555e-08
901.2	1.8233e-08
901.4	1.8013e-08
901.6	1.7795e-08
901.8	1.7579e-08
902.0	1.7366e-08
902.2	1.7156e-08
902.4	1.6949e-08
902.6	1.6744e-08
902.8	1.6541e-08
903.0	1.6341e-08
903.2	1.6227e-08
903.4	1.6215e-08
903.6	1.6202e-08
903.8	1.619e-08
904.0	1.6177e-08
904.2	1.6165e-08
904.4	1.6153e-08
904.6	1.614e-08
904.8	1.6128e-08
905.0	1.6116e-08
905.2	1.6206e-08
905.4	1.6357e-08
905.6	1.6509e-08
905.8	1.6663e-08
906.0	1.6818e-08
906.2	1.6975e-08
906.4	1.7134e-08
906.6	1.7293e-08
906.8	1.7455e-08
907.0	1.7617e-08
907.2	1.7772e-08
907.4	1.7925e-08
907.6	1.808e-08
907.8	1.8237e-08
908.0	1.8394e-08
908.2	1.8553e-08
908.4	1.8713e-08
908.6	1.8875e-08
908.8	1.9038e-08
909.0	1.9202e-08
909.2	1.846e-08
909.4	1.7733e-08
909.6	1.7034e-08
909.8	1.6363e-08
910.0	1.5719e-08
910.2	1.51e-08
910.4	1.4505e-08
910.6	1.3934e-08
910.8	1.3385e-08
911.0	1.2858e-08
911.2	1.2751e-08
911.4	1.3911e-08
911.6	1.5177e-08
911.8	1.6558e-08
912.0	1.8064e-08
912.2	1.9708e-08
912.4	2.1501e-08
912.6	2.3458e-08
912.8	2.5592e-08
913.0	2.7921e-08
913.2	2.961e-08
913.4	3.022e-08
913.6	3.0844e-08
913.8	3.148e-08
914.0	3.2129e-08
914.2	3.2791e-08
914.4	3.3467e-08
914.6	3.4157e-08
914.8	3.4862e-08
915.0	3.5581e-08
915.2	3.6198e-08
915.4	3.6751e-08
915.6	3.7312e-08
915.8	3.7882e-08
916.0	3.8461e-08
916.2	3.9049e-08
916.4	3.9645e-08
916.6	4.0251e-08
916.8	4.0866e-08
917.0	4.149e-08
917.2	4.2065e-08
917.4	4.2633e-08
917.6	4.3208e-08
917.8	4.3791e-08
918.0	4.4382e-08
918.2	4.498e-08
918.4	4.5587e-08
918.6	4.6202e-08
918.8	4.6825e-08
919.0	4.7457e-08
919.2	4.7627e-08
919.4	4.7787e-08
919.6	4.7948e-08
919.8	4.811e-08
920.0	4.8272e-08
920.2	4.8434e-08
920.4	4.8597e-08
920.6	4.8761e-08
920.8	4.8925e-08
921.0	4.909e-08
921.2	4.8992e-08
921.4	4.8136e-08
921.6	4.7294e-08
921.8	4.6467e-08
922.0	4.5654e-08
922.2	4.4856e-08
922.4	4.4071e-08
922.6	4.3301e-08
922.8	4.2543e-08
923.0	4.1799e-08
923.2	4.161e-08
923.4	4.212e-08
923.6	4.2636e-08
923.8	4.3158e-08
924.0	4.3686e-08
924.2	4.4221e-08
924.4	4.4762e-08
924.6	4.531e-08
924.8	4.5865e-08
925.0	4.6426e-08
925.2	4.6708e-08
925.4	4.6822e-08
925.6	4.6937e-08
925.8	4.7052e-08
926.0	4.7168e-08
926.2	4.7283e-08
926.4	4.7399e-08
926.6	4.7515e-08
926.8	4.7632e-08
927.0	4.7748e-08
927.2	4.8843e-08
927.4	5.0185e-08
927.6	5.1565e-08
927.8	5.2982e-08
928.0	5.4437e-08
928.2	5.5933e-08
928.4	5.747e-08
928.6	5.905e-08
928.8	6.0672e-08
929.0	6.2339e-08
929.2	6.3991e-08
929.4	6.5687e-08
929.6	6.7429e-08
929.8	6.9216e-08
930.0	7.1051e-08
930.2	7.2934e-08
930.4	7.4867e-08
930.6	7.6852e-08
930.8	7.8889e-08
931.0	8.098e-08
931.2	8.3332e-08
931.4	8.6444e-08
931.6	8.9671e-08
931.8	9.3019e-08
932.0	9.6493e-08
932.2	1.001e-07
932.4	1.0383e-07
932.6	1.0771e-07
932.8	1.1173e-07
933.0	1.159e-07
933.2	1.198e-07
933.4	1.2323e-07
933.6	1.2676e-07
933.8	1.3039e-07
934.0	1.3413e-07
934.2	1.3797e-07
934.4	1.4192e-07
934.6	1.4599e-07
934.8	1.5017e-07
935.0	1.5447e-07
935.2	1.5811e-07
935.4	1.6136e-07
935.6	1.6467e-07
935.8	1.6805e-07
936.0	1.7149e-07
936.2	1.7501e-07
936.4	1.786e-07
936.6	1.8227e-07
936.8	1.8601e-07
937.0	1.8982e-07
937.2	1.8897e-07
937.4	1.8713e-07
937.6	1.853e-07
937.8	1.835e-07
938.0	1.8171e-07
938.2	1.7994e-07
938.4	1.7819e-07
938.6	1.7646e-07
938.8	1.7474e-07
939.0	1.7308e-07
939.2	1.7306e-07
939.4	1.7305e-07
939.6	1.7303e-07
939.8	1.7301e-07
940.0	1.73e-07
940.2	1.7298e-07
940.4	1.7297e-07
940.6	1.7295e-07
940.8	1.7293e-07
941.0	1.7292e-07
941.2	1.7379e-07
941.4	1.7785e-07
941.6	1.8201e-07
941.8	1.8626e-07
942.0	1.9062e-07
942.2	1.9507e-07
942.4	1.9963e-07
942.6	2.043e-07
942.8	2.0908e-07
943.0	2.1396e-07
943.2	2.1947e-07
943.4	2.2583e-07
943.6	2.3237e-07
943.8	2.3911e-07
944.0	2.4604e-07
944.2	2.5317e-07
944.4	2.605e-07
944.6	2.6805e-07
944.8	2.7582e-07
945.0	2.8381e-07
945.2	2.9192e-07
945.4	3.0018e-07
945.6	3.0867e-07
945.8	3.1741e-07
946.0	3.2639e-07
946.2	3.3563e-07
946.4	3.4513e-07
946.6	3.5489e-07
946.8	3.6493e-07
947.0	3.7526e-07
947.2	3.8219e-07
947.4	3.8845e-07
947.6	3.9481e-07
947.8	4.0128e-07
948.0	4.0786e-07
948.2	4.1454e-07
948.4	4.2133e-07
948.6	4.2823e-07
948.8	4.3525e-07
949.0	4.4184e-07
949.2	4.3368e-07
949.4	4.2568e-07
949.6	4.1782e-07
949.8	4.101e-07
950.0	4.0253e-07
950.2	3.951e-07
950.4	3.8781e-07
950.6	3.8065e-07
950.8	3.7362e-07
951.0	3.6672e-07
951.2	3.598e-07
951.4	3.524e-07
951.6	3.4514e-07
951.8	3.3804e-07
952.0	3.3109e-07
952.2	3.2427e-07
952.4	3.176e-07
952.6	3.1106e-07
952.8	3.0466e-07
953.0	2.9839e-07
953.2	2.9036e-07
953.4	2.7981e-07
953.6	2.6964e-07
953.8	2.5984e-07
954.0	2.504e-07
954.2	2.413e-07
954.4	2.3253e-07
954.6	2.2408e-07
954.8	2.1594e-07
955.0	2.0809e-07
955.2	2.0194e-07
955.4	1.9685e-07
955.6	1.919e-07
955.8	1.8706e-07
956.0	1.8235e-07
956.2	1.7776e-07
956.4	1.7329e-07
956.6	1.6892e-07
956.8	1.6467e-07
957.0	1.6052e-07
957.2	1.5838e-07
957.4	1.5669e-07
957.6	1.5502e-07
957.8	1.5336e-07
958.0	1.5172e-07
958.2	1.501e-07
958.4	1.4849e-07
958.6	1.4691e-07
958.8	1.4534e-07
959.0	1.4379e-07
959.2	1.4247e-07
959.4	1.4115e-07
959.6	1.3985e-07
959.8	1.3857e-07
960.0	1.3729e-07
960.2	1.3602e-07
960.4	1.3477e-07
960.6	1.3353e-07
960.8	1.323e-07
961.0	1.3108e-07
961.2	1.3121e-07
961.4	1.3647e-07
961.6	1.4195e-07
961.8	1.4764e-07
962.0	1.5357e-07
962.2	1.5973e-07
962.4	1.6614e-07
962.6	1.728e-07
962.8	1.7974e-07
963.0	1.8695e-07
963.2	1.9412e-07
963.4	2.011e-07
963.6	2.0834e-07
963.8	2.1584e-07
964.0	2.236e-07
964.2	2.3165e-07
964.4	2.3999e-07
964.6	2.4862e-07
964.8	2.5757e-07
965.0	2.6684e-07
965.2	2.7999e-07
965.4	2.9591e-07
965.6	3.1274e-07
965.8	3.3052e-07
966.0	3.4932e-07
966.2	3.6918e-07
966.4	3.9017e-07
966.6	4.1236e-07
966.8	4.3581e-07
967.0	4.6059e-07
967.2	4.923e-07
967.4	5.2716e-07
967.6	5.6449e-07
967.8	6.0446e-07
968.0	6.4727e-07
968.2	6.931e-07
968.4	7.4219e-07
968.6	7.9474e-07
968.8	8.5102e-07
969.0	9.1017e-07
969.2	9.6065e-07
969.4	1.0139e-06
969.6	1.0702e-06
969.8	1.1295e-06
970.0	1.1922e-06
970.2	1.2583e-06
970.4	1.3281e-06
970.6	1.4018e-06
970.8	1.4795e-06
971.0	1.5616e-06
971.2	1.6353e-06
971.4	1.6431e-06
971.6	1.6509e-06
971.8	1.6588e-06
972.0	1.6668e-06
972.2	1.6747e-06
972.4	1.6827e-06
972.6	1.6908e-06
972.8	1.6988e-06
973.0	1.707e-06
973.2	1.6846e-06
973.4	1.6146e-06
973.6	1.5476e-06
973.8	1.4833e-06
974.0	1.4217e-06
974.2	1.3626e-06
974.4	1.306e-06
974.6	1.2517e-06
974.8	1.1997e-06
975.0	1.1499e-06
975.2	1.1107e-06
975.4	1.0782e-06
975.6	1.0467e-06
975.8	1.0161e-06
976.0	9.8639e-07
976.2	9.5756e-07
976.4	9.2957e-07
976.6	9.024e-07
976.8	8.7602e-07
977.0	8.5042e-07
977.2	8.2776e-07
977.4	8.0614e-07
977.6	7.8509e-07
977.8	7.6459e-07
978.0	7.4462e-07
978.2	7.2518e-07
978.4	7.0624e-07
978.6	6.878e-07
978.8	6.6984e-07
979.0	6.5336e-07
979.2	6.5301e-07
979.4	6.5266e-07
979.6	6.5231e-07
979.8	6.5196e-07
980.0	6.516e-07
980.2	6.5125e-07
980.4	6.509e-07
980.6	6.5055e-07
980.8	6.502e-07
981.0	6.4985e-07
981.2	6.522e-07
981.4	6.6955e-07
981.6	6.8735e-07
981.8	7.0563e-07
982.0	7.2439e-07
982.2	7.4366e-07
982.4	7.6343e-07
982.6	7.8373e-07
982.8	8.0457e-07
983.0	8.2597e-07
983.2	8.504e-07
983.4	8.7964e-07
983.6	9.0989e-07
983.8	9.4117e-07
984.0	9.7353e-07
984.2	1.007e-06
984.4	1.0416e-06
984.6	1.0774e-06
984.8	1.1145e-06
985.0	1.1528e-06
985.2	1.1796e-06
985.4	1.199e-06
985.6	1.2186e-06
985.8	1.2386e-06
986.0	1.2589e-06
986.2	1.2796e-06
986.4	1.3006e-06
986.6	1.3219e-06
986.8	1.3436e-06
987.0	1.3656e-06
987.2	1.3557e-06
987.4	1.3404e-06
987.6	1.3253e-06
987.8	1.3103e-06
988.0	1.2954e-06
988.2	1.2808e-06
988.4	1.2663e-06
988.6	1.252e-06
988.8	1.2378e-06
989.0	1.2207e-06
989.2	1.1708e-06
989.4	1.123e-06
989.6	1.0771e-06
989.8	1.0331e-06
990.0	9.9095e-07
990.2	9.5048e-07
990.4	9.1167e-07
990.6	8.7443e-07
990.8	8.3872e-07
991.0	8.0447e-07
991.2	7.7361e-07
991.4	7.5687e-07
991.6	7.405e-07
991.8	7.2448e-07
992.0	7.088e-07
992.2	6.9347e-07
992.4	6.7847e-07
992.6	6.6379e-07
992.8	6.4943e-07
993.0	6.3538e-07
993.2	6.2141e-07
993.4	6.0738e-07
993.6	5.9366e-07
993.8	5.8026e-07
994.0	5.6715e-07
994.2	5.5435e-07
994.4	5.4183e-07
994.6	5.296e-07
994.8	5.1764e-07
995.0	5.0595e-07
995.2	4.9452e-07
995.4	4.8336e-07
995.6	4.7244e-07
995.8	4.687e-07
996.0	4.6594e-07
996.2	4.6319e-07
996.4	4.6045e-07
996.6	4.5774e-07
996.8	4.5504e-07
997.0	4.5235e-07
997.2	4.4968e-07
997.4	4.4703e-07
997.6	4.4487e-07
997.8	4.4619e-07
998.0	4.4752e-07
998.2	4.4885e-07
998.4	4.5019e-07
998.6	4.5153e-07
998.8	4.5288e-07
999.0	4.5423e-07
999.2	4.5558e-07
999.4	4.5694e-07
999.6	4.5959e-07
999.8	4.6457e-07
1000.0	4.6961e-07
1000.2	4.747e-07
1000.4	4.7984e-07
1000.6	4.8504e-07
1000.8	4.903e-07
1001.0	4.9562e-07
1001.2	5.0099e-07
1001.4	5.0642e-07
1001.6	5.1191e-07
1001.8	5.1746e-07
1002.0	5.2307e-07
1002.2	5.3516e-07
1002.4	5.4844e-07
1002.6	5.6204e-07
1002.8	5.7599e-07
1003.0	5.9027e-07
1003.2	6.0492e-07
1003.4	6.1993e-07
1003.6	6.3531e-07
1003.8	6.5107e-07
1004.0	6.6769e-07
1004.2	6.8809e-07
1004.4	7.0912e-07
1004.6	7.3079e-07
1004.8	7.5313e-07
1005.0	7.7614e-07
1005.2	7.9986e-07
1005.4	8.2431e-07
1005.6	8.4671e-07
1005.8	8.6746e-07
1006.0	8.8873e-07
1006.2	9.1052e-07
1006.4	9.3284e-07
1006.6	9.5571e-07
1006.8	9.7913e-07
1007.0	1.0031e-06
1007.2	1.0277e-06
1007.4	1.0529e-06
1007.6	1.0787e-06
1007.8	1.1052e-06
1008.0	1.1323e-06
1008.2	1.16e-06
1008.4	1.1885e-06
1008.6	1.2176e-06
1008.8	1.2475e-06
1009.0	1.278e-06
1009.2	1.3094e-06
1009.4	1.3409e-06
1009.6	1.337e-06
1009.8	1.3331e-06
1010.0	1.3293e-06
1010.2	1.3254e-06
1010.4	1.3215e-06
1010.6	1.3177e-06
1010.8	1.3139e-06
1011.0	1.3101e-06
1011.2	1.3062e-06
1011.4	1.3025e-06
1011.6	1.2987e-06
1011.8	1.2949e-06
1012.0	1.2911e-06
1012.2	1.2874e-06
1012.4	1.2836e-06
1012.6	1.2799e-06
1012.8	1.2762e-06
1013.0	1.2725e-06
1013.2	1.2688e-06
1013.4	1.258e-06
1013.6	1.2398e-06
1013.8	1.2219e-06
1014.0	1.2043e-06
1014.2	1.1869e-06
1014.4	1.1698e-06
1014.6	1.1529e-06
1014.8	1.1362e-06
1015.0	1.1198e-06
1015.2	1.1037e-06
1015.4	1.0877e-06
1015.6	1.072e-06
1015.8	1.0566e-06
1016.0	1.0413e-06
1016.2	1.0263e-06
1016.4	1.0115e-06
1016.6	9.9687e-07
1016.8	9.8249e-07
1017.0	9.683e-07
1017.2	9.5433e-07
1017.4	9.494e-07
1017.6	9.4481e-07
1017.8	9.4025e-07
1018.0	9.3571e-07
1018.2	9.3119e-07
1018.4	9.2669e-07
1018.6	9.2221e-07
1018.8	9.1776e-07
1019.0	9.1333e-07
1019.2	9.0892e-07
1019.4	9.0453e-07
1019.6	9.0016e-07
1019.8	8.9581e-07
1020.0	8.9148e-07
1020.2	8.8718e-07
1020.4	8.8289e-07
1020.6	8.7863e-07
1020.8	8.7439e-07
1021.0	8.7016e-07
1021.2	8.6734e-07
1021.4	8.6617e-07
1021.6	8.65e-07
1021.8	8.6384e-07
1022.0	8.6267e-07
1022.2	8.6151e-07
1022.4	8.6035e-07
1022.6	8.5919e-07
1022.8	8.5804e-07
1023.0	8.5688e-07
1023.2	8.5573e-07
1023.4	8.5458e-07
1023.6	8.5342e-07
1023.8	8.5228e-07
1024.0	8.5113e-07
1024.2	8.4998e-07
1024.4	8.4884e-07
1024.6	8.4769e-07
1024.8	8.4655e-07
1025.0	8.4541e-07
1025.2	8.7247e-07
1025.4	9.0039e-07
1025.6	9.2921e-07
1025.8	9.5895e-07
1026.0	9.8964e-07
1026.2	1.0213e-06
1026.4	1.054e-06
1026.6	1.0877e-06
1026.8	1.0887e-06
1027.0	1.0806e-06
1027.2	1.0725e-06
1027.4	1.0645e-06
1027.6	1.0565e-06
1027.8	1.0486e-06
1028.0	1.0408e-06
1028.2	1.033e-06
1028.4	1.0253e-06
1028.6	1.0176e-06
1028.8	1.01e-06
1029.0	1.0025e-06
1029.2	9.9497e-07
1029.4	9.8753e-07
1029.6	9.8015e-07
1029.8	9.7282e-07
1030.0	9.6555e-07
1030.2	9.5834e-07
1030.4	9.5117e-07
1030.6	9.4442e-07
1030.8	9.3865e-07
1031.0	9.3291e-07
1031.2	9.2721e-07
1031.4	9.2155e-07
1031.6	9.1592e-07
1031.8	9.1032e-07
1032.0	9.0476e-07
1032.2	8.9923e-07
1032.4	8.9374e-07
1032.6	8.8828e-07
1032.8	8.8286e-07
1033.0	8.7746e-07
1033.2	8.721e-07
1033.4	8.6677e-07
1033.6	8.6148e-07
1033.8	8.5622e-07
1034.0	8.5098e-07
1034.2	8.4579e-07
1034.4	8.4062e-07
1034.6	8.4204e-07
1034.8	8.455e-07
1035.0	8.4897e-07
1035.2	8.5246e-07
1035.4	8.5595e-07
1035.6	8.5947e-07
1035.8	8.63e-07
1036.0	8.6654e-07
1036.2	8.7009e-07
1036.4	8.7367e-07
1036.6	8.7725e-07
1036.8	8.8085e-07
1037.0	8.8447e-07
1037.2	8.881e-07
1037.4	8.9174e-07
1037.6	8.954e-07
1037.8	8.9908e-07
1038.0	9.0277e-07
1038.2	9.0648e-07
1038.4	9.0881e-07
1038.6	9.0741e-07
1038.8	9.06e-07
1039.0	9.0461e-07
1039.2	9.0321e-07
1039.4	9.0181e-07
1039.6	9.0042e-07
1039.8	8.9903e-07
1040.0	8.9764e-07
1040.2	8.9625e-07
1040.4	8.9487e-07
1040.6	8.9348e-07
1040.8	8.921e-07
1041.0	8.9073e-07
1041.2	8.8935e-07
1041.4	8.8797e-07
1041.6	8.866e-07
1041.8	8.8523e-07
1042.0	8.8387e-07
1042.2	8.825e-07
1042.4	8.9589e-07
1042.6	9.1362e-07
1042.8	9.317e-07
1043.0	9.5015e-07
1043.2	9.6895e-07
1043.4	9.8813e-07
1043.6	1.0077e-06
1043.8	1.0276e-06
1044.0	1.048e-06
1044.2	1.0687e-06
1044.4	1.0899e-06
1044.6	1.1114e-06
1044.8	1.1334e-06
1045.0	1.1559e-06
1045.2	1.1973e-06
1045.4	1.2403e-06
1045.6	1.2848e-06
1045.8	1.3308e-06
1046.0	1.3785e-06
1046.2	1.428e-06
1046.4	1.4792e-06
1046.6	1.5322e-06
1046.8	1.5644e-06
1047.0	1.5776e-06
1047.2	1.5909e-06
1047.4	1.6044e-06
1047.6	1.6179e-06
1047.8	1.6316e-06
1048.0	1.6454e-06
1048.2	1.6593e-06
1048.4	1.6733e-06
1048.6	1.6874e-06
1048.8	1.7017e-06
1049.0	1.7161e-06
1049.2	1.7306e-06
1049.4	1.7452e-06
1049.6	1.7599e-06
1049.8	1.7748e-06
1050.0	1.7898e-06
1050.2	1.8049e-06
1050.4	1.8202e-06
1050.6	1.8358e-06
1050.8	1.8555e-06
1051.0	1.8754e-06
1051.2	1.8955e-06
1051.4	1.9158e-06
1051.6	1.9364e-06
1051.8	1.9571e-06
1052.0	1.9781e-06
1052.2	1.9993e-06
1052.4	2.0208e-06
1052.6	2.0424e-06
1052.8	2.0643e-06
1053.0	2.0865e-06
1053.2	2.1088e-06
1053.4	2.1315e-06
1053.6	2.1543e-06
1053.8	2.1774e-06
1054.0	2.2008e-06
1054.2	2.2244e-06
1054.4	2.2482e-06
1054.6	2.2609e-06
1054.8	2.2653e-06
1055.0	2.2697e-06
1055.2	2.2741e-06
1055.4	2.2785e-06
1055.6	2.283e-06
1055.8	2.2874e-06
1056.0	2.2918e-06
1056.2	2.2963e-06
1056.4	2.3007e-06
1056.6	2.3052e-06
1056.8	2.3097e-06
1057.0	2.3142e-06
1057.2	2.3187e-06
1057.4	2.3232e-06
1057.6	2.3277e-06
1057.8	2.3322e-06
1058.0	2.3367e-06
1058.2	2.3412e-06
1058.4	2.3482e-06
1058.6	2.3749e-06
1058.8	2.4019e-06
1059.0	2.4292e-06
1059.2	2.4568e-06
1059.4	2.4847e-06
1059.6	2.5129e-06
1059.8	2.5415e-06
1060.0	2.5703e-06
1060.2	2.5995e-06
1060.4	2.6291e-06
1060.6	2.659e-06
1060.8	2.6892e-06
1061.0	2.7197e-06
1061.2	2.7506e-06
1061.4	2.7819e-06
1061.6	2.8135e-06
1061.8	2.8455e-06
1062.0	2.8778e-06
1062.2	2.9105e-06
1062.4	2.957e-06
1062.6	3.0115e-06
1062.8	3.0669e-06
1063.0	3.1234e-06
1063.2	3.181e-06
1063.4	3.2396e-06
1063.6	3.2992e-06
1063.8	3.36e-06
1064.0	3.4219e-06
1064.2	3.4849e-06
1064.4	3.5491e-06
1064.6	3.6145e-06
1064.8	3.6811e-06
1065.0	3.7489e-06
1065.2	4.1697e-06
1065.4	4.3866e-06
1065.6	4.6148e-06
1065.8	4.8549e-06
1066.0	5.1075e-06
1066.2	5.3732e-06
1066.4	5.6107e-06
1066.6	5.4969e-06
1066.8	5.3855e-06
1067.0	5.2764e-06
1067.2	5.1694e-06
1067.4	5.0646e-06
1067.6	4.9672e-06
1067.8	5.129e-06
1068.0	5.296e-06
1068.2	5.4685e-06
1068.4	5.6466e-06
1068.6	5.8305e-06
1068.8	6.0204e-06
1069.0	6.1173e-06
1069.2	6.2094e-06
1069.4	6.3029e-06
1069.6	6.3978e-06
1069.8	6.4941e-06
1070.0	6.5918e-06
1070.2	6.9579e-06
1070.4	7.3912e-06
1070.6	7.8514e-06
1070.8	8.3403e-06
1071.0	8.8597e-06
1071.2	9.4114e-06
1071.4	9.7759e-06
1071.6	1.0091e-05
1071.8	1.0415e-05
1072.0	1.0751e-05
1072.2	1.1097e-05
1072.4	1.1454e-05
1072.6	1.1993e-05
1072.8	1.2632e-05
1073.0	1.3306e-05
1073.2	1.4015e-05
1073.4	1.4763e-05
1073.6	1.555e-05
1073.8	1.6528e-05
1074.0	1.7663e-05
1074.2	1.8877e-05
1074.4	2.0173e-05
1074.6	2.1559e-05
1074.8	2.304e-05
1075.0	2.4615e-05
1075.2	2.6291e-05
1075.4	2.8081e-05
1075.6	2.9992e-05
1075.8	3.2034e-05
1076.0	3.4215e-05
1076.2	3.7011e-05
1076.4	4.06e-05
1076.6	4.4536e-05
1076.8	4.8854e-05
1077.0	5.3591e-05
1077.2	5.8788e-05
1077.4	6.5283e-05
1077.6	7.3814e-05
1077.8	8.3459e-05
1078.0	9.4365e-05
1078.2	1.067e-04
1078.4	1.2064e-04
1078.6	1.3703e-04
1078.8	1.5711e-04
1079.0	1.8012e-04
1079.2	2.0651e-04
1079.4	2.3677e-04
1079.6	2.7146e-04
1079.8	3.0773e-04
1080.0	3.3779e-04
1080.2	3.7078e-04
1080.4	4.0699e-04
1080.6	4.4675e-04
1080.8	4.9038e-04
1081.0	5.2459e-04
1081.2	5.0283e-04
1081.4	4.8198e-04
1081.6	4.6199e-04
1081.8	4.4283e-04
1082.0	4.2446e-04
1082.2	4.0424e-04
1082.4	3.672e-04
1082.6	3.3354e-04
1082.8	3.0298e-04
1083.0	2.7521e-04
1083.2	2.4999e-04
1083.4	2.2728e-04
1083.6	2.1012e-04
1083.8	1.9426e-04
1084.0	1.7959e-04
1084.2	1.6604e-04
1084.4	1.535e-04
1084.6	1.4191e-04
1084.8	1.3413e-04
1085.0	1.2681e-04
1085.2	1.1989e-04
1085.4	1.1335e-04
1085.6	1.0716e-04
1085.8	1.0131e-04
1086.0	9.7395e-05
1086.2	9.3765e-05
1086.4	9.027e-05
1086.6	8.6905e-05
1086.8	8.3666e-05
1087.0	8.0548e-05
1087.2	7.877e-05
1087.4	7.7237e-05
1087.6	7.5734e-05
1087.8	7.426e-05
1088.0	7.2815e-05
1088.2	7.1397e-05
1088.4	7.0929e-05
1088.6	7.0708e-05
1088.8	7.0488e-05
1089.0	7.0269e-05
1089.2	7.005e-05
1089.4	6.9832e-05
1089.6	7.0008e-05
1089.8	7.0335e-05
1090.0	7.0663e-05
1090.2	6.9823e-05
1090.4	6.8993e-05
1090.6	6.8173e-05
1090.8	6.7363e-05
1091.0	6.6562e-05
1091.2	6.7016e-05
1091.4	6.8376e-05
1091.6	6.9763e-05
1091.8	7.1179e-05
1092.0	7.2624e-05
1092.2	7.4097e-05
1092.4	7.5055e-05
1092.6	7.5976e-05
1092.8	7.6909e-05
1093.0	7.7853e-05
1093.2	7.8809e-05
1093.4	8.019e-05
1093.6	8.2838e-05
1093.8	8.5574e-05
1094.0	8.8399e-05
1094.2	9.1318e-05
1094.4	9.4333e-05
1094.6	9.6746e-05
1094.8	9.8722e-05
1095.0	1.0074e-04
1095.2	1.028e-04
1095.4	1.049e-04
1095.6	1.0704e-04
1095.8	1.1163e-04
1096.0	1.1663e-04
1096.2	1.2186e-04
1096.4	1.2732e-04
1096.6	1.3302e-04
1096.8	1.3859e-04
1097.0	1.4327e-04
1097.2	1.4811e-04
1097.4	1.5312e-04
1097.6	1.5829e-04
1097.8	1.6364e-04
1098.0	1.7036e-04
1098.2	1.7817e-04
1098.4	1.8635e-04
1098.6	1.949e-04
1098.8	2.0384e-04
1099.0	2.1319e-04
1099.2	2.2505e-04
1099.4	2.377e-04
1099.6	2.5106e-04
1099.8	2.6518e-04
1100.0	2.8009e-04
1100.2	2.959e-04
1100.4	3.1278e-04
1100.6	3.3062e-04
1100.8	3.4948e-04
1101.0	3.6942e-04
1101.2	3.9049e-04
1101.4	4.1211e-04
1101.6	4.345e-04
1101.8	4.5811e-04
1102.0	4.83e-04
1102.2	5.0925e-04
1102.4	5.3692e-04
1102.6	5.7157e-04
1102.8	6.0867e-04
1103.0	6.4817e-04
1103.2	6.9025e-04
1103.4	7.3505e-04
1103.6	7.8009e-04
1103.8	8.216e-04
1104.0	8.6533e-04
1104.2	9.1139e-04
1104.4	9.5989e-04
1104.6	0.00101
1104.8	0.00105
1105.0	0.00109
1105.2	0.00112
1105.4	0.00116
1105.6	0.0012
1105.8	0.00123
1106.0	0.00125
1106.2	0.00127
1106.4	0.00129
1106.6	0.00131
1106.8	0.00134
1107.0	0.00135
1107.2	0.00135
1107.4	0.00135
1107.6	0.00135
1107.8	0.00135
1108.0	0.00135
1108.2	0.00134
1108.4	0.00132
1108.6	0.00131
1108.8	0.0013
1109.0	0.00128
1109.2	0.00127
1109.4	0.00125
1109.6	0.00124
1109.8	0.00122
1110.0	0.00121
1110.2	0.00119
1110.4	0.00118
1110.6	0.00116
1110.8	0.00115
1111.0	0.00114
1111.2	0.00113
1111.4	0.00112
1111.6	0.00111
1111.8	0.00111
1112.0	0.0011
1112.2	0.00109
1112.4	0.00109
1112.6	0.00108
1112.8	0.00108
1113.0	0.00108
1113.2	0.00108
1113.4	0.00108
1113.6	0.00107
1113.8	0.00108
1114.0	0.00109
1114.2	0.0011
1114.4	0.0011
1114.6	0.00111
1114.8	0.00112
1115.0	0.00113
1115.2	0.00115
1115.4	0.00116
1115.6	0.00117
1115.8	0.00118
1116.0	0.0012
1116.2	0.00122
1116.4	0.00124
1116.6	0.00127
1116.8	0.00129
1117.0	0.00131
1117.2	0.00134
1117.4	0.00138
1117.6	0.00142
1117.8	0.00146
1118.0	0.0015
1118.2	0.00154
1118.4	0.00159
1118.6	0.00164
1118.8	0.0017
1119.0	0.00176
1119.2	0.00182
1119.4	0.00188
1119.6	0.00194
1119.8	0.00201
1120.0	0.00208
1120.2	0.00215
1120.4	0.00222
1120.6	0.00221
1120.8	0.00215
1121.0	0.00208
1121.2	0.00219
1121.4	0.00231
1121.6	0.00243
1121.8	0.00256
1122.0	0.00269
1122.2	0.00284
1122.4	0.00299
1122.6	0.00314
1122.8	0.00331
1123.0	0.00348
1123.2	0.0037
1123.4	0.00393
1123.6	0.00417
1123.8	0.00443
1124.0	0.0047
1124.2	0.005
1124.4	0.00533
1124.6	0.00568
1124.8	0.00605
1125.0	0.00644
1125.2	0.00693
1125.4	0.00746
1125.6	0.00803
1125.8	0.00865
1126.0	0.00931
1126.2	0.01008
1126.4	0.01092
1126.6	0.01183
1126.8	0.01281
1127.0	0.01387
1127.2	0.01509
1127.4	0.01641
1127.6	0.01785
1127.8	0.01942
1128.0	0.02112
1128.2	0.0231
1128.4	0.02527
1128.6	0.02763
1128.8	0.03022
1129.0	0.03305
1129.2	0.03603
1129.4	0.03928
1129.6	0.04283
1129.8	0.04669
1130.0	0.05088
1130.2	0.0547
1130.4	0.0588
1130.6	0.06321
1130.8	0.06796
1131.0	0.07301
1131.2	0.07646
1131.4	0.08008
1131.6	0.08387
1131.8	0.08784
1132.0	0.09197
1132.2	0.09343
1132.4	0.09491
1132.6	0.09642
1132.8	0.09796
1133.0	0.09945
1133.2	0.09922
1133.4	0.09899
1133.6	0.09875
1133.8	0.09852
1134.0	0.09828
1134.2	0.09762
1134.4	0.09697
1134.6	0.09632
1134.8	0.09567
1135.0	0.09504
1135.2	0.0945
1135.4	0.09396
1135.6	0.09343
1135.8	0.0929
1136.0	0.09238
1136.2	0.09211
1136.4	0.09184
1136.6	0.09157
1136.8	0.0913
1137.0	0.09104
1137.2	0.09146
1137.4	0.09188
1137.6	0.0923
1137.8	0.09273
1138.0	0.09318
1138.2	0.09416
1138.4	0.09516
1138.6	0.09617
1138.8	0.09719
1139.0	0.09822
1139.2	0.0994
1139.4	0.1006
1139.6	0.10182
1139.8	0.10304
1140.0	0.10429
1140.2	0.10565
1140.4	0.10702
1140.6	0.10841
1140.8	0.10982
1141.0	0.11125
1141.2	0.11269
1141.4	0.11414
1141.6	0.11561
1141.8	0.1171
1142.0	0.1186
1142.2	0.1195
1142.4	0.12042
1142.6	0.12134
1142.8	0.12226
1143.0	0.12319
1143.2	0.12339
1143.4	0.12359
1143.6	0.1238
1143.8	0.124
1144.0	0.12419
1144.2	0.12399
1144.4	0.12378
1144.6	0.12358
1144.8	0.12338
1145.0	0.12316
1145.2	0.12255
1145.4	0.12193
1145.6	0.12132
1145.8	0.12072
1146.0	0.12011
1146.2	0.11925
1146.4	0.1184
1146.6	0.11755
1146.8	0.11671
1147.0	0.11588
1147.2	0.11524
1147.4	0.1146
1147.6	0.11396
1147.8	0.11333
1148.0	0.11272
1148.2	0.11249
1148.4	0.11227
1148.6	0.11204
1148.8	0.11182
1149.0	0.1116
1149.2	0.11171
1149.4	0.11181
1149.6	0.11192
1149.8	0.11203
1150.0	0.11214
1150.2	0.11288
1150.4	0.11363
1150.6	0.11438
1150.8	0.11513
1151.0	0.1159
1151.2	0.11766
1151.4	0.11945
1151.6	0.12126
1151.8	0.1231
1152.0	0.12499
1152.2	0.12719
1152.4	0.12944
1152.6	0.13173
1152.8	0.13406
1153.0	0.13648
1153.2	0.14042
1153.4	0.14446
1153.6	0.14863
1153.8	0.15291
1154.0	0.15736
1154.2	0.16307
1154.4	0.16899
1154.6	0.17512
1154.8	0.18148
1155.0	0.1881
1155.2	0.19632
1155.4	0.2049
1155.6	0.21385
1155.8	0.22319
1156.0	0.23299
1156.2	0.24577
1156.4	0.25926
1156.6	0.27349
1156.8	0.28849
1157.0	0.30436
1157.2	0.32294
1157.4	0.34266
1157.6	0.36358
1157.8	0.38577
1158.0	0.40934
1158.2	0.43631
1158.4	0.46505
1158.6	0.49568
1158.8	0.52834
1159.0	0.56312
1159.2	0.59475
1159.4	0.62816
1159.6	0.66345
1159.8	0.70072
1160.0	0.73924
1160.2	0.76119
1160.4	0.7838
1160.6	0.80708
1160.8	0.83104
1161.0	0.85422
1161.2	0.84594
1161.4	0.83773
1161.6	0.8296
1161.8	0.82155
1162.0	0.8126
1162.2	0.78068
1162.4	0.75002
1162.6	0.72057
1162.8	0.69227
1163.0	0.66477
1163.2	0.63208
1163.4	0.601
1163.6	0.57144
1163.8	0.54334
1164.0	0.51663
1164.2	0.49134
1164.4	0.46729
1164.6	0.44441
1164.8	0.42266
1165.0	0.4021
1165.2	0.38567
1165.4	0.36991
1165.6	0.35479
1165.8	0.34029
1166.0	0.32647
1166.2	0.31522
1166.4	0.30435
1166.6	0.29386
1166.8	0.28373
1167.0	0.27407
1167.2	0.2671
1167.4	0.2603
1167.6	0.25368
1167.8	0.24723
1168.0	0.24102
1168.2	0.23663
1168.4	0.23231
1168.6	0.22807
1168.8	0.22391
1169.0	0.21991
1169.2	0.21765
1169.4	0.21542
1169.6	0.2132
1169.8	0.21102
1170.0	0.20891
1170.2	0.20787
1170.4	0.20683
1170.6	0.20581
1170.8	0.20478
1171.0	0.20377
1171.2	0.20419
1171.4	0.20461
1171.6	0.20503
1171.8	0.20545
1172.0	0.20588
1172.2	0.20702
1172.4	0.20817
1172.6	0.20932
1172.8	0.21048
1173.0	0.21167
1173.2	0.21406
1173.4	0.21648
1173.6	0.21893
1173.8	0.2214
1174.0	0.22391
1174.2	0.22671
1174.4	0.22954
1174.6	0.23241
1174.8	0.23531
1175.0	0.23828
1175.2	0.24207
1175.4	0.24593
1175.6	0.24984
1175.8	0.25382
1176.0	0.25781
1176.2	0.26075
1176.4	0.26373
1176.6	0.26674
1176.8	0.26978
1177.0	0.27286
1177.2	0.27591
1177.4	0.279
1177.6	0.28213
1177.8	0.28528
1178.0	0.28844
1178.2	0.28931
1178.4	0.29019
1178.6	0.29106
1178.8	0.29194
1179.0	0.29279
1179.2	0.29228
1179.4	0.29176
1179.6	0.29125
1179.8	0.29074
1180.0	0.29014
1180.2	0.28712
1180.4	0.28414
1180.6	0.28119
1180.8	0.27827
1181.0	0.27532
1181.2	0.27136
1181.4	0.26746
1181.6	0.26361
1181.8	0.25982
1182.0	0.25607
1182.2	0.25167
1182.4	0.24735
1182.6	0.24311
1182.8	0.23894
1183.0	0.23481
1183.2	0.23005
1183.4	0.22537
1183.6	0.2208
1183.8	0.21631
1184.0	0.21196
1184.2	0.20842
1184.4	0.20494
1184.6	0.20151
1184.8	0.19815
1185.0	0.19484
1185.2	0.19151
1185.4	0.18825
1185.6	0.18504
1185.8	0.18188
1186.0	0.17881
1186.2	0.1765
1186.4	0.17423
1186.6	0.17199
1186.8	0.16977
1187.0	0.16761
1187.2	0.16604
1187.4	0.16448
1187.6	0.16294
1187.8	0.16141
1188.0	0.1599
1188.2	0.15894
1188.4	0.15798
1188.6	0.15703
1188.8	0.15608
1189.0	0.15517
1189.2	0.1552
1189.4	0.15523
1189.6	0.15526
1189.8	0.15529
1190.0	0.15534
1190.2	0.15573
1190.4	0.15612
1190.6	0.15651
1190.8	0.1569
1191.0	0.15731
1191.2	0.15862
1191.4	0.15995
1191.6	0.16129
1191.8	0.16264
1192.0	0.16403
1192.2	0.16626
1192.4	0.16852
1192.6	0.17081
1192.8	0.17313
1193.0	0.1755
1193.2	0.17849
1193.4	0.18153
1193.6	0.18462
1193.8	0.18776
1194.0	0.19101
1194.2	0.19552
1194.4	0.20014
1194.6	0.20487
1194.8	0.20971
1195.0	0.21468
1195.2	0.22062
1195.4	0.22673
1195.6	0.23301
1195.8	0.23946
1196.0	0.24613
1196.2	0.25423
1196.4	0.26259
1196.6	0.27122
1196.8	0.28014
1197.0	0.28937
1197.2	0.30005
1197.4	0.31113
1197.6	0.32261
1197.8	0.33452
1198.0	0.34689
1198.2	0.36034
1198.4	0.37431
1198.6	0.38882
1198.8	0.4039
1199.0	0.41956
1199.2	0.43614
1199.4	0.45338
1199.6	0.4713
1199.8	0.48993
1200.0	0.5093
