Typical Measured Spectrum of Semrock LD01-640/8 Optical Filter	
For wavelengths between 320 and 1120 nm, values near or below 3e-7 (Optical Density 6.5) are measurement noise limited.
For wavelengths < 320 nm and > 1120 nm, values near or below 3e-6 (Optical Density 5.5) are measurement noise limited. 
Data format:  Wavelength (nm) <tab> Transmission (0 to 1)
300.0	6.5336e-06
300.2	6.5354e-06
300.4	6.5372e-06
300.6	6.539e-06
300.8	6.5408e-06
301.0	6.5425e-06
301.2	6.5443e-06
301.4	6.5461e-06
301.6	6.5479e-06
301.8	6.5497e-06
302.0	6.5515e-06
302.2	6.5533e-06
302.4	6.5551e-06
302.6	6.5568e-06
302.8	6.5586e-06
303.0	6.5604e-06
303.2	6.5622e-06
303.4	6.564e-06
303.6	6.5658e-06
303.8	6.5669e-06
304.0	6.5572e-06
304.2	6.5475e-06
304.4	6.5378e-06
304.6	6.5282e-06
304.8	6.5186e-06
305.0	6.5089e-06
305.2	5.5108e-06
305.4	6.6953e-06
305.6	1.2601e-05
305.8	6.5505e-06
306.0	5.4711e-06
306.2	2.8135e-06
306.4	1.0931e-05
306.6	3.6361e-06
306.8	1.7005e-05
307.0	9.7852e-06
307.2	5.2575e-06
307.4	5.233e-06
307.6	2.6102e-06
307.8	3.6546e-06
308.0	1.0746e-05
308.2	9.2622e-06
308.4	1.4246e-05
308.6	5.8614e-06
308.8	3.0561e-06
309.0	1.2718e-05
309.2	5.9529e-06
309.4	2.751e-06
309.6	2.783e-06
309.8	2.8222e-06
310.0	2.8708e-06
310.2	4.8135e-06
310.4	6.7531e-06
310.6	2.975e-06
310.8	1.1422e-05
311.0	1.1866e-05
311.2	1.3022e-05
311.4	1.7806e-05
311.6	8.5876e-06
311.8	5.4534e-06
312.0	2.8531e-06
312.2	2.5623e-06
312.4	3.4951e-06
312.6	1.3102e-05
312.8	5.7012e-06
313.0	6.9603e-06
313.2	5.0268e-06
313.4	5.5334e-06
313.6	8.6675e-06
313.8	4.7249e-06
314.0	9.9051e-06
314.2	7.8469e-06
314.4	7.4388e-06
314.6	3.12e-06
314.8	8.856e-06
315.0	5.8874e-06
315.2	2.964e-06
315.4	8.0413e-06
315.6	4.746e-06
315.8	4.7264e-06
316.0	4.7157e-06
316.2	4.7075e-06
316.4	9.3676e-06
316.6	2.629e-06
316.8	1.8742e-05
317.0	9.1984e-06
317.2	1.8464e-05
317.4	1.1776e-05
317.6	9.0597e-06
317.8	1.7741e-05
318.0	6.996e-06
318.2	1.0681e-05
318.4	1.4193e-05
318.6	3.775e-06
318.8	7.2794e-06
319.0	2.3413e-06
319.2	1.0256e-05
319.4	1.0078e-05
319.6	1.1451e-05
319.8	1.2021e-05
320.0	1.0477e-05
320.2	4.7823e-06
320.4	1.6184e-05
320.6	1.4472e-05
320.8	1.3901e-05
321.0	1.3663e-05
321.2	1.6237e-05
321.4	2.9555e-05
321.6	1.8313e-05
321.8	2.4993e-05
322.0	2.9093e-05
322.2	4.138e-05
322.4	3.6622e-05
322.6	2.5357e-05
322.8	2.449e-05
323.0	2.8359e-05
323.2	3.6722e-05
323.4	4.0463e-05
323.6	3.1143e-05
323.8	3.3723e-05
324.0	3.8483e-05
324.2	4.2406e-05
324.4	3.1632e-05
324.6	3.0862e-05
324.8	3.1285e-05
325.0	3.5289e-05
325.2	3.6943e-05
325.4	3.224e-05
325.6	3.3534e-05
325.8	3.4941e-05
326.0	2.4699e-05
326.2	3.4398e-05
326.4	3.0125e-05
326.6	3.1215e-05
326.8	3.7017e-05
327.0	2.8346e-05
327.2	2.3646e-05
327.4	2.0729e-05
327.6	2.7901e-05
327.8	2.7028e-05
328.0	1.6789e-05
328.2	1.8191e-05
328.4	2.1973e-05
328.6	1.5823e-05
328.8	1.6918e-05
329.0	2.1552e-05
329.2	2.4347e-05
329.4	1.196e-05
329.6	1.3441e-05
329.8	1.0568e-05
330.0	1.4389e-05
330.2	2.417e-05
330.4	1.4761e-05
330.6	1.1412e-05
330.8	9.9727e-06
331.0	1.1821e-05
331.2	1.8636e-05
331.4	1.107e-05
331.6	1.4126e-05
331.8	1.1149e-05
332.0	1.6623e-05
332.2	1.2179e-05
332.4	1.8666e-05
332.6	9.6665e-06
332.8	1.701e-05
333.0	2.0265e-05
333.2	1.9434e-05
333.4	2.077e-05
333.6	1.8925e-05
333.8	1.8797e-05
334.0	1.8721e-05
334.2	2.0332e-05
334.4	1.7863e-05
334.6	2.1009e-05
334.8	2.3729e-05
335.0	2.2967e-05
335.2	2.0918e-05
335.4	1.8468e-05
335.6	2.265e-05
335.8	1.548e-05
336.0	1.5174e-05
336.2	1.9447e-05
336.4	2.3992e-05
336.6	2.1544e-05
336.8	2.3946e-05
337.0	1.7669e-05
337.2	1.8234e-05
337.4	1.9605e-05
337.6	2.0675e-05
337.8	2.1565e-05
338.0	2.4904e-05
338.2	2.0255e-05
338.4	2.4753e-05
338.6	2.3518e-05
338.8	1.9933e-05
339.0	1.8217e-05
339.2	1.6282e-05
339.4	2.2674e-05
339.6	2.1898e-05
339.8	1.987e-05
340.0	2.4799e-05
340.2	2.2958e-05
340.4	2.9146e-05
340.6	2.8351e-05
340.8	2.7014e-05
341.0	2.8639e-05
341.2	2.3471e-05
341.4	3.4336e-05
341.6	2.7928e-05
341.8	2.5762e-05
342.0	2.7386e-05
342.2	2.5569e-05
342.4	3.1785e-05
342.6	3.7474e-05
342.8	3.3198e-05
343.0	3.3464e-05
343.2	3.4036e-05
343.4	3.4928e-05
343.6	3.7495e-05
343.8	4.2965e-05
344.0	4.3518e-05
344.2	4.6421e-05
344.4	5.0266e-05
344.6	4.7888e-05
344.8	5.3625e-05
345.0	5.518e-05
345.2	5.5971e-05
345.4	5.6907e-05
345.6	5.4362e-05
345.8	5.8084e-05
346.0	5.7782e-05
346.2	6.5427e-05
346.4	6.2301e-05
346.6	6.123e-05
346.8	6.8432e-05
347.0	7.6022e-05
347.2	7.7626e-05
347.4	8.1196e-05
347.6	8.419e-05
347.8	8.6484e-05
348.0	9.0477e-05
348.2	9.6233e-05
348.4	1.0896e-04
348.6	1.1652e-04
348.8	1.2032e-04
349.0	1.3123e-04
349.2	1.4112e-04
349.4	1.5576e-04
349.6	1.6889e-04
349.8	1.9187e-04
350.0	2.1926e-04
350.2	2.4028e-04
350.4	2.8096e-04
350.6	3.21e-04
350.8	3.8527e-04
351.0	4.4742e-04
351.2	5.213e-04
351.4	6.5177e-04
351.6	7.5465e-04
351.8	9.0747e-04
352.0	0.00107
352.2	0.00123
352.4	0.00136
352.6	0.00144
352.8	0.00144
353.0	0.00137
353.2	0.00124
353.4	0.00109
353.6	9.0611e-04
353.8	7.2822e-04
354.0	5.785e-04
354.2	4.5444e-04
354.4	3.7814e-04
354.6	3.2495e-04
354.8	2.8432e-04
355.0	2.7117e-04
355.2	2.3336e-04
355.4	1.9857e-04
355.6	1.5495e-04
355.8	1.1785e-04
356.0	9.4758e-05
356.2	7.5364e-05
356.4	6.1471e-05
356.6	5.4685e-05
356.8	5.3581e-05
357.0	4.9587e-05
357.2	4.3244e-05
357.4	4.7238e-05
357.6	4.4078e-05
357.8	4.5456e-05
358.0	4.7366e-05
358.2	4.2546e-05
358.4	4.6401e-05
358.6	4.9954e-05
358.8	5.0242e-05
359.0	5.0366e-05
359.2	5.3675e-05
359.4	5.6126e-05
359.6	5.8792e-05
359.8	6.2978e-05
360.0	7.4166e-05
360.2	8.9606e-05
360.4	1.287e-04
360.6	2.0487e-04
360.8	3.5682e-04
361.0	6.6976e-04
361.2	0.00122
361.4	0.00202
361.6	0.0028
361.8	0.00339
362.0	0.00369
362.2	0.00368
362.4	0.0035
362.6	0.00321
362.8	0.00292
363.0	0.00273
363.2	0.00256
363.4	0.00249
363.6	0.00248
363.8	0.00253
364.0	0.00262
364.2	0.00275
364.4	0.00297
364.6	0.0032
364.8	0.00364
365.0	0.00411
365.2	0.0047
365.4	0.00568
365.6	0.00715
365.8	0.00948
366.0	0.0129
366.2	0.01797
366.4	0.02352
366.6	0.02611
366.8	0.02336
367.0	0.01758
367.2	0.01247
367.4	0.00889
367.6	0.00656
367.8	0.0051
368.0	0.00412
368.2	0.00345
368.4	0.00295
368.6	0.00259
368.8	0.00233
369.0	0.00212
369.2	0.00201
369.4	0.00191
369.6	0.00181
369.8	0.00174
370.0	0.00172
370.2	0.00173
370.4	0.00173
370.6	0.00185
370.8	0.00197
371.0	0.00217
371.2	0.00249
371.4	0.00281
371.6	0.00314
371.8	0.00345
372.0	0.00358
372.2	0.00357
372.4	0.00325
372.6	0.00283
372.8	0.00235
373.0	0.0019
373.2	0.00157
373.4	0.00126
373.6	0.00105
373.8	8.843e-04
374.0	7.9123e-04
374.2	7.0052e-04
374.4	6.5364e-04
374.6	6.0416e-04
374.8	6.011e-04
375.0	5.8021e-04
375.2	5.6856e-04
375.4	5.7007e-04
375.6	5.5209e-04
375.8	5.618e-04
376.0	5.4709e-04
376.2	5.4678e-04
376.4	5.7782e-04
376.6	6.2913e-04
376.8	6.7071e-04
377.0	7.5501e-04
377.2	8.7971e-04
377.4	0.00103
377.6	0.00117
377.8	0.00126
378.0	0.0012
378.2	0.00108
378.4	9.0532e-04
378.6	7.0243e-04
378.8	5.7403e-04
379.0	4.5342e-04
379.2	3.9675e-04
379.4	3.4408e-04
379.6	2.7941e-04
379.8	2.5577e-04
380.0	2.3107e-04
380.2	2.0419e-04
380.4	1.8608e-04
380.6	1.6673e-04
380.8	1.5088e-04
381.0	1.4131e-04
381.2	1.3468e-04
381.4	1.2438e-04
381.6	1.2349e-04
381.8	1.1194e-04
382.0	1.1442e-04
382.2	1.0395e-04
382.4	1.0856e-04
382.6	1.0727e-04
382.8	1.0436e-04
383.0	1.1128e-04
383.2	1.1219e-04
383.4	1.117e-04
383.6	1.1843e-04
383.8	1.2262e-04
384.0	1.2811e-04
384.2	1.3608e-04
384.4	1.57e-04
384.6	1.675e-04
384.8	1.9692e-04
385.0	2.3517e-04
385.2	2.8873e-04
385.4	3.7693e-04
385.6	4.9347e-04
385.8	6.4993e-04
386.0	7.9283e-04
386.2	7.7822e-04
386.4	5.9462e-04
386.6	4.0982e-04
386.8	2.7168e-04
387.0	6.1638e-04
387.2	1.7181e-04
387.4	1.2574e-04
387.6	9.5257e-05
387.8	8.5278e-05
388.0	7.3716e-05
388.2	7.1696e-05
388.4	6.8431e-05
388.6	5.6618e-05
388.8	5.8304e-05
389.0	5.4641e-05
389.2	5.3545e-05
389.4	4.7799e-05
389.6	4.6267e-05
389.8	4.6119e-05
390.0	3.8799e-05
390.2	4.06e-05
390.4	3.8694e-05
390.6	4.1707e-05
390.8	3.8574e-05
391.0	3.8797e-05
391.2	3.5542e-05
391.4	3.9414e-05
391.6	3.6981e-05
391.8	3.5518e-05
392.0	3.8589e-05
392.2	3.848e-05
392.4	3.7047e-05
392.6	4.1168e-05
392.8	3.7846e-05
393.0	4.5547e-05
393.2	4.245e-05
393.4	4.3122e-05
393.6	4.4666e-05
393.8	4.3806e-05
394.0	5.0345e-05
394.2	5.6202e-05
394.4	6.0829e-05
394.6	7.6069e-05
394.8	9.1443e-05
395.0	4.9358e-05
395.2	4.9735e-05
395.4	5.0115e-05
395.6	5.0498e-05
395.8	5.0883e-05
396.0	5.1272e-05
396.2	5.1664e-05
396.4	5.2058e-05
396.6	5.2456e-05
396.8	5.2857e-05
397.0	5.3261e-05
397.2	5.3667e-05
397.4	5.4077e-05
397.6	5.4491e-05
397.8	5.4907e-05
398.0	5.5836e-05
398.2	5.6894e-05
398.4	5.7973e-05
398.6	5.9073e-05
398.8	6.0193e-05
399.0	6.1334e-05
399.2	6.2497e-05
399.4	6.3682e-05
399.6	6.489e-05
399.8	6.612e-05
400.0	6.7374e-05
400.2	6.8652e-05
400.4	6.9954e-05
400.6	7.128e-05
400.8	7.2632e-05
401.0	7.4009e-05
401.2	7.5413e-05
401.4	7.6843e-05
401.6	7.83e-05
401.8	7.9785e-05
402.0	7.6532e-05
402.2	6.9506e-05
402.4	6.3126e-05
402.6	5.7332e-05
402.8	5.2069e-05
403.0	4.7289e-05
403.2	4.2948e-05
403.4	3.9006e-05
403.6	3.5425e-05
403.8	3.2174e-05
404.0	2.922e-05
404.2	2.6538e-05
404.4	2.4102e-05
404.6	2.1889e-05
404.8	1.988e-05
405.0	1.8055e-05
405.2	1.7042e-05
405.4	1.6086e-05
405.6	1.5184e-05
405.8	1.4332e-05
406.0	1.3528e-05
406.2	1.2769e-05
406.4	1.2053e-05
406.6	1.1377e-05
406.8	1.0738e-05
407.0	1.0136e-05
407.2	9.5672e-06
407.4	9.0305e-06
407.6	8.5239e-06
407.8	8.0457e-06
408.0	8.7048e-06
408.2	9.7447e-06
408.4	1.0909e-05
408.6	1.2212e-05
408.8	1.3671e-05
409.0	1.5304e-05
409.2	1.7132e-05
409.4	1.9179e-05
409.6	2.147e-05
409.8	2.4035e-05
410.0	2.6906e-05
410.2	3.0121e-05
410.4	3.3719e-05
410.6	3.7747e-05
410.8	4.2257e-05
411.0	4.7305e-05
411.2	5.2956e-05
411.4	5.9283e-05
411.6	6.6365e-05
411.8	7.4293e-05
412.0	7.4229e-05
412.2	6.6633e-05
412.4	5.9815e-05
412.6	5.3694e-05
412.8	4.82e-05
413.0	4.3268e-05
413.2	3.884e-05
413.4	3.4866e-05
413.6	3.1298e-05
413.8	2.8096e-05
414.0	2.5221e-05
414.2	2.264e-05
414.4	2.0323e-05
414.6	1.8244e-05
414.8	1.6377e-05
415.0	1.4701e-05
415.2	1.3628e-05
415.4	1.2634e-05
415.6	1.1712e-05
415.8	1.0857e-05
416.0	1.0065e-05
416.2	9.3304e-06
416.4	8.6495e-06
416.6	8.0183e-06
416.8	7.4332e-06
417.0	6.8908e-06
417.2	6.3879e-06
417.4	5.9218e-06
417.6	5.4896e-06
417.8	5.089e-06
418.0	5.5443e-06
418.2	6.297e-06
418.4	7.1519e-06
418.6	8.1229e-06
418.8	9.2258e-06
419.0	1.0478e-05
419.2	1.1901e-05
419.4	1.3517e-05
419.6	1.5352e-05
419.8	1.7436e-05
420.0	1.9804e-05
420.2	2.2492e-05
420.4	2.5546e-05
420.6	2.9014e-05
420.8	3.2954e-05
421.0	3.7428e-05
421.2	4.2509e-05
421.4	4.8281e-05
421.6	5.4836e-05
421.8	6.2281e-05
422.0	6.3941e-05
422.2	5.9803e-05
422.4	5.5932e-05
422.6	5.2313e-05
422.8	4.8927e-05
423.0	4.576e-05
423.2	4.2799e-05
423.4	4.0029e-05
423.6	3.7438e-05
423.8	3.5015e-05
424.0	3.2749e-05
424.2	3.0629e-05
424.4	2.8647e-05
424.6	2.6793e-05
424.8	2.5059e-05
425.0	2.3437e-05
425.2	2.1829e-05
425.4	2.0331e-05
425.6	1.8937e-05
425.8	1.7637e-05
426.0	1.6427e-05
426.2	1.53e-05
426.4	1.4251e-05
426.6	1.3273e-05
426.8	1.2362e-05
427.0	1.1514e-05
427.2	1.0724e-05
427.4	9.9885e-06
427.6	9.3033e-06
427.8	8.665e-06
428.0	8.0705e-06
428.2	7.5168e-06
428.4	7.0011e-06
428.6	6.5208e-06
428.8	6.0734e-06
429.0	6.1419e-06
429.2	6.8824e-06
429.4	7.7122e-06
429.6	8.642e-06
429.8	9.6839e-06
430.0	1.0851e-05
430.2	1.216e-05
430.4	1.3626e-05
430.6	1.5269e-05
430.8	1.711e-05
431.0	1.9172e-05
431.2	2.1484e-05
431.4	2.4074e-05
431.6	2.6977e-05
431.8	3.0229e-05
432.0	3.3874e-05
432.2	3.7958e-05
432.4	4.2534e-05
432.6	4.7662e-05
432.8	5.3408e-05
433.0	5.7069e-05
433.2	4.9105e-05
433.4	4.2252e-05
433.6	3.6356e-05
433.8	3.1282e-05
434.0	2.6917e-05
434.2	2.316e-05
434.4	1.9928e-05
434.6	1.7147e-05
434.8	1.4754e-05
435.0	1.2695e-05
435.2	1.0924e-05
435.4	9.3992e-06
435.6	8.0875e-06
435.8	6.9589e-06
436.0	5.9877e-06
436.2	5.1521e-06
436.4	4.4331e-06
436.6	3.8145e-06
436.8	3.2822e-06
437.0	2.8241e-06
437.2	3.1324e-06
437.4	3.5465e-06
437.6	4.0154e-06
437.8	4.5463e-06
438.0	5.1474e-06
438.2	5.828e-06
438.4	6.5985e-06
438.6	7.4709e-06
438.8	8.4587e-06
439.0	9.5771e-06
439.2	1.0843e-05
439.4	1.2277e-05
439.6	1.39e-05
439.8	1.5738e-05
440.0	1.7819e-05
440.2	2.0175e-05
440.4	2.2842e-05
440.6	2.5862e-05
440.8	2.9282e-05
441.0	3.3153e-05
441.2	3.1061e-05
441.4	2.6675e-05
441.6	2.2907e-05
441.8	1.9672e-05
442.0	1.6894e-05
442.2	1.4508e-05
442.4	1.2459e-05
442.6	1.07e-05
442.8	9.1886e-06
443.0	7.8909e-06
443.2	6.7765e-06
443.4	5.8195e-06
443.6	4.9976e-06
443.8	4.2918e-06
444.0	3.6857e-06
444.2	3.1652e-06
444.4	2.7182e-06
444.6	2.3343e-06
444.8	2.0046e-06
445.0	1.7215e-06
445.2	1.5508e-06
445.4	1.4778e-06
445.6	1.4081e-06
445.8	1.3417e-06
446.0	1.2785e-06
446.2	1.2183e-06
446.4	1.1608e-06
446.6	1.1061e-06
446.8	1.054e-06
447.0	1.0043e-06
447.2	9.5699e-07
447.4	9.1189e-07
447.6	8.6891e-07
447.8	8.2796e-07
448.0	7.8894e-07
448.2	7.5175e-07
448.4	7.1632e-07
448.6	6.8256e-07
448.8	6.504e-07
449.0	6.1974e-07
449.2	6.2027e-07
449.4	7.2226e-07
449.6	8.4102e-07
449.8	9.7931e-07
450.0	1.1403e-06
450.2	1.3278e-06
450.4	1.5462e-06
450.6	1.8004e-06
450.8	2.0965e-06
451.0	2.4412e-06
451.2	2.8426e-06
451.4	3.31e-06
451.6	3.8543e-06
451.8	4.488e-06
452.0	5.226e-06
452.2	6.0853e-06
452.4	7.0859e-06
452.6	8.251e-06
452.8	9.6077e-06
453.0	1.1188e-05
453.2	1.2833e-05
453.4	1.0265e-05
453.6	8.2105e-06
453.8	6.5674e-06
454.0	5.2531e-06
454.2	4.2018e-06
454.4	3.361e-06
454.6	2.6884e-06
454.8	2.1504e-06
455.0	1.72e-06
455.2	1.3758e-06
455.4	1.1005e-06
455.6	8.8024e-07
455.8	7.0408e-07
456.0	5.6318e-07
456.2	4.5048e-07
456.4	3.6032e-07
456.6	2.8822e-07
456.8	2.3054e-07
457.0	1.844e-07
457.2	1.475e-07
457.4	1.4115e-07
457.6	1.3943e-07
457.8	1.3772e-07
458.0	1.3603e-07
458.2	1.3437e-07
458.4	1.3272e-07
458.6	1.311e-07
458.8	1.2949e-07
459.0	1.2791e-07
459.2	1.2634e-07
459.4	1.248e-07
459.6	1.2327e-07
459.8	1.2176e-07
460.0	1.2027e-07
460.2	1.188e-07
460.4	1.1734e-07
460.6	1.1591e-07
460.8	1.1449e-07
461.0	1.1309e-07
461.2	1.117e-07
461.4	1.0091e-07
461.6	8.7235e-08
461.8	7.5414e-08
462.0	6.5194e-08
462.2	5.6359e-08
462.4	4.8722e-08
462.6	4.212e-08
462.8	3.6412e-08
463.0	3.1478e-08
463.2	2.7212e-08
463.4	2.3524e-08
463.6	2.0337e-08
463.8	1.7581e-08
464.0	1.5198e-08
464.2	1.3139e-08
464.4	1.1358e-08
464.6	9.8191e-09
464.8	8.4885e-09
465.0	7.3382e-09
465.2	6.3438e-09
465.4	6.4525e-09
465.6	7.6969e-09
465.8	9.1815e-09
466.0	1.0952e-08
466.2	1.3065e-08
466.4	1.5584e-08
466.6	1.859e-08
466.8	2.2176e-08
467.0	2.6453e-08
467.2	3.1555e-08
467.4	3.7641e-08
467.6	4.49e-08
467.8	5.356e-08
468.0	6.3891e-08
468.2	5.8255e-08
468.4	5.3116e-08
468.6	4.843e-08
468.8	4.4158e-08
469.0	4.0263e-08
469.2	3.6711e-08
469.4	3.3472e-08
469.6	3.052e-08
469.8	2.7827e-08
470.0	2.5373e-08
470.2	2.3926e-08
470.4	2.2585e-08
470.6	2.1319e-08
470.8	2.0124e-08
471.0	1.8996e-08
471.2	1.7932e-08
471.4	1.6927e-08
471.6	1.5978e-08
471.8	1.5083e-08
472.0	1.4237e-08
472.2	1.3439e-08
472.4	1.2686e-08
472.6	1.1975e-08
472.8	1.1304e-08
473.0	1.067e-08
473.2	1.0072e-08
473.4	9.5079e-09
473.6	8.975e-09
473.8	8.472e-09
474.0	7.9972e-09
474.2	7.871e-09
474.4	7.844e-09
474.6	7.8171e-09
474.8	7.7903e-09
475.0	7.7636e-09
475.2	7.737e-09
475.4	7.7105e-09
475.6	7.684e-09
475.8	7.6577e-09
476.0	7.6314e-09
476.2	7.6053e-09
476.4	7.5792e-09
476.6	7.5532e-09
476.8	7.5273e-09
477.0	7.5015e-09
477.2	7.4758e-09
477.4	7.4502e-09
477.6	7.4247e-09
477.8	7.3992e-09
478.0	7.3738e-09
478.2	7.8269e-09
478.4	8.6959e-09
478.6	9.6614e-09
478.8	1.0734e-08
479.0	1.1926e-08
479.2	1.325e-08
479.4	1.4721e-08
479.6	1.6356e-08
479.8	1.8172e-08
480.0	2.019e-08
480.2	2.2431e-08
480.4	2.4922e-08
480.6	2.7689e-08
480.8	3.0763e-08
481.0	3.4179e-08
481.2	3.7974e-08
481.4	4.219e-08
481.6	4.6875e-08
481.8	5.2079e-08
482.0	5.7862e-08
482.2	5.8851e-08
482.4	5.2571e-08
482.6	4.6961e-08
482.8	4.1949e-08
483.0	3.7473e-08
483.2	3.3474e-08
483.4	2.9902e-08
483.6	2.6711e-08
483.8	2.3861e-08
484.0	2.1314e-08
484.2	1.904e-08
484.4	1.7008e-08
484.6	1.5193e-08
484.8	1.3572e-08
485.0	1.2123e-08
485.2	1.083e-08
485.4	9.6741e-09
485.6	8.6417e-09
485.8	7.7195e-09
486.0	6.8958e-09
486.2	6.4987e-09
486.4	7.256e-09
486.6	8.1017e-09
486.8	9.0458e-09
487.0	1.01e-08
487.2	1.1277e-08
487.4	1.2591e-08
487.6	1.4059e-08
487.8	1.5697e-08
488.0	1.7527e-08
488.2	1.9569e-08
488.4	2.185e-08
488.6	2.4396e-08
488.8	2.7239e-08
489.0	3.0414e-08
489.2	3.3958e-08
489.4	3.7916e-08
489.6	4.2335e-08
489.8	4.7268e-08
490.0	5.2777e-08
490.2	5.7728e-08
490.4	5.1285e-08
490.6	4.556e-08
490.8	4.0475e-08
491.0	3.5958e-08
491.2	3.1944e-08
491.4	2.8379e-08
491.6	2.5211e-08
491.8	2.2397e-08
492.0	1.9897e-08
492.2	1.7677e-08
492.4	1.5704e-08
492.6	1.3951e-08
492.8	1.2394e-08
493.0	1.101e-08
493.2	9.7815e-09
493.4	8.6897e-09
493.6	7.7198e-09
493.8	6.8581e-09
494.0	6.0927e-09
494.2	5.4126e-09
494.4	5.5374e-09
494.6	5.7073e-09
494.8	5.8825e-09
495.0	6.0629e-09
495.2	6.249e-09
495.4	6.4407e-09
495.6	6.6383e-09
495.8	6.842e-09
496.0	7.0519e-09
496.2	7.2683e-09
496.4	7.4913e-09
496.6	7.7212e-09
496.8	7.9581e-09
497.0	8.2023e-09
497.2	8.4539e-09
497.4	8.7133e-09
497.6	8.9807e-09
497.8	9.2562e-09
498.0	9.5403e-09
498.2	9.833e-09
498.4	1.1208e-08
498.6	1.3062e-08
498.8	1.5221e-08
499.0	1.7738e-08
499.2	2.0671e-08
499.4	2.4089e-08
499.6	2.8072e-08
499.8	3.2713e-08
500.0	3.8122e-08
500.2	3.0793e-08
500.4	2.4873e-08
500.6	2.0091e-08
500.8	1.6229e-08
501.0	1.3109e-08
501.2	1.0588e-08
501.4	8.5528e-09
501.6	8.108e-09
501.8	9.0499e-09
502.0	1.0101e-08
502.2	1.1275e-08
502.4	1.2585e-08
502.6	1.4047e-08
502.8	1.5679e-08
503.0	1.75e-08
503.2	1.9533e-08
503.4	2.1803e-08
503.6	2.4336e-08
503.8	2.7163e-08
504.0	3.005e-08
504.2	3.2545e-08
504.4	3.5248e-08
504.6	3.8175e-08
504.8	4.1345e-08
505.0	4.4778e-08
505.2	4.8496e-08
505.4	5.2523e-08
505.6	5.6885e-08
505.8	6.1609e-08
506.0	6.6724e-08
506.2	7.2265e-08
506.4	7.7175e-08
506.6	7.3125e-08
506.8	6.9288e-08
507.0	6.5652e-08
507.2	6.2207e-08
507.4	5.8942e-08
507.6	5.5849e-08
507.8	5.2918e-08
508.0	5.0141e-08
508.2	4.751e-08
508.4	4.5017e-08
508.6	4.2655e-08
508.8	4.0416e-08
509.0	3.0622e-08
509.2	2.2724e-08
509.4	1.6863e-08
509.6	1.2514e-08
509.8	9.2865e-09
510.0	6.8914e-09
510.2	6.556e-09
510.4	6.5391e-09
510.6	6.5222e-09
510.8	6.5053e-09
511.0	6.4885e-09
511.2	6.4718e-09
511.4	6.4551e-09
511.6	6.4384e-09
511.8	6.4218e-09
512.0	6.4052e-09
512.2	6.3887e-09
512.4	6.3722e-09
512.6	6.9947e-09
512.8	8.0845e-09
513.0	9.3441e-09
513.2	1.08e-08
513.4	1.2483e-08
513.6	1.4427e-08
513.8	1.6675e-08
514.0	1.9273e-08
514.2	2.2276e-08
514.4	2.5747e-08
514.6	2.9758e-08
514.8	3.4395e-08
515.0	3.7954e-08
515.2	3.9751e-08
515.4	4.1632e-08
515.6	4.3603e-08
515.8	4.5667e-08
516.0	4.7829e-08
516.2	5.0093e-08
516.4	5.2464e-08
516.6	5.4948e-08
516.8	5.7549e-08
517.0	6.0273e-08
517.2	6.3126e-08
517.4	6.3505e-08
517.6	5.7891e-08
517.8	5.2773e-08
518.0	4.8107e-08
518.2	4.3854e-08
518.4	3.9977e-08
518.6	3.6442e-08
518.8	3.322e-08
519.0	3.0283e-08
519.2	2.7606e-08
519.4	2.5165e-08
519.6	2.294e-08
519.8	2.0912e-08
520.0	1.8987e-08
520.2	1.716e-08
520.4	1.5509e-08
520.6	1.4017e-08
520.8	1.2668e-08
521.0	1.145e-08
521.2	1.0348e-08
521.4	9.3524e-09
521.6	8.4526e-09
521.8	7.6394e-09
522.0	6.9044e-09
522.2	6.2402e-09
522.4	5.6398e-09
522.6	6.0128e-09
522.8	7.0346e-09
523.0	8.2301e-09
523.2	9.6287e-09
523.4	1.1265e-08
523.6	1.3179e-08
523.8	1.5419e-08
524.0	1.8039e-08
524.2	2.1105e-08
524.4	2.4692e-08
524.6	2.8888e-08
524.8	3.3797e-08
525.0	3.6502e-08
525.2	3.5959e-08
525.4	3.5424e-08
525.6	3.4897e-08
525.8	3.4377e-08
526.0	3.3866e-08
526.2	3.3362e-08
526.4	3.2865e-08
526.6	3.2376e-08
526.8	3.1894e-08
527.0	3.142e-08
527.2	3.0952e-08
527.4	3.0663e-08
527.6	3.0784e-08
527.8	3.0907e-08
528.0	3.103e-08
528.2	3.1153e-08
528.4	3.1277e-08
528.6	3.1401e-08
528.8	3.1526e-08
529.0	3.1651e-08
529.2	3.1777e-08
529.4	3.1904e-08
529.6	3.203e-08
529.8	3.2158e-08
530.0	3.0053e-08
530.2	2.5906e-08
530.4	2.2331e-08
530.6	1.9249e-08
530.8	1.6593e-08
531.0	1.4303e-08
531.2	1.2329e-08
531.4	1.0628e-08
531.6	9.1611e-09
531.8	7.8969e-09
532.0	6.8071e-09
532.2	5.8677e-09
532.4	5.058e-09
532.6	5.4333e-09
532.8	6.6056e-09
533.0	8.0309e-09
533.2	9.7636e-09
533.4	1.187e-08
533.6	1.4431e-08
533.8	1.7545e-08
534.0	2.1331e-08
534.2	2.5933e-08
534.4	3.1529e-08
534.6	3.8332e-08
534.8	4.6602e-08
535.0	4.7076e-08
535.2	3.8589e-08
535.4	3.1633e-08
535.6	2.593e-08
535.8	2.1255e-08
536.0	1.7424e-08
536.2	1.4283e-08
536.4	1.1708e-08
536.6	9.5971e-09
536.8	7.867e-09
537.0	6.4488e-09
537.2	5.2862e-09
537.4	4.7914e-09
537.6	5.4605e-09
537.8	6.2231e-09
538.0	7.0921e-09
538.2	8.0826e-09
538.4	9.2113e-09
538.6	1.0498e-08
538.8	1.1964e-08
539.0	1.3634e-08
539.2	1.5539e-08
539.4	1.7709e-08
539.6	2.0182e-08
539.8	2.3e-08
540.0	2.5352e-08
540.2	2.6894e-08
540.4	2.8529e-08
540.6	3.0263e-08
540.8	3.2103e-08
541.0	3.4055e-08
541.2	3.6125e-08
541.4	3.8322e-08
541.6	4.0652e-08
541.8	4.3123e-08
542.0	4.5745e-08
542.2	4.8526e-08
542.4	5.1476e-08
542.6	5.2822e-08
542.8	5.3087e-08
543.0	5.3353e-08
543.2	5.3621e-08
543.4	5.389e-08
543.6	5.4161e-08
543.8	5.4432e-08
544.0	5.4706e-08
544.2	5.498e-08
544.4	5.5256e-08
544.6	5.5533e-08
544.8	5.5812e-08
545.0	5.8242e-08
545.2	6.3579e-08
545.4	6.9405e-08
545.6	7.5766e-08
545.8	8.2708e-08
546.0	9.0288e-08
546.2	9.8561e-08
546.4	1.0759e-07
546.6	1.1745e-07
546.8	1.2822e-07
547.0	1.3996e-07
547.2	1.5279e-07
547.4	1.566e-07
547.6	1.3855e-07
547.8	1.2258e-07
548.0	1.0846e-07
548.2	9.5957e-08
548.4	8.4898e-08
548.6	7.5113e-08
548.8	6.6456e-08
549.0	5.8797e-08
549.2	5.202e-08
549.4	4.6025e-08
549.6	4.0721e-08
549.8	3.6027e-08
550.0	3.4303e-08
550.2	3.5599e-08
550.4	3.6944e-08
550.6	3.834e-08
550.8	3.9789e-08
551.0	4.1292e-08
551.2	4.2852e-08
551.4	4.4472e-08
551.6	4.6152e-08
551.8	4.7896e-08
552.0	4.9706e-08
552.2	5.1584e-08
552.4	5.3533e-08
552.6	5.7432e-08
552.8	6.2908e-08
553.0	6.8907e-08
553.2	7.5478e-08
553.4	8.2675e-08
553.6	9.0559e-08
553.8	9.9195e-08
554.0	1.0865e-07
554.2	1.1901e-07
554.4	1.3036e-07
554.6	1.4279e-07
554.8	1.5641e-07
555.0	1.7503e-07
555.2	2.0083e-07
555.4	2.3043e-07
555.6	2.644e-07
555.8	3.0338e-07
556.0	3.481e-07
556.2	3.9942e-07
556.4	4.583e-07
556.6	5.2587e-07
556.8	6.0339e-07
557.0	6.9234e-07
557.2	7.944e-07
557.4	8.5153e-07
557.6	7.8717e-07
557.8	7.2768e-07
558.0	6.7269e-07
558.2	6.2185e-07
558.4	5.7485e-07
558.6	5.3141e-07
558.8	4.9124e-07
559.0	4.5412e-07
559.2	4.198e-07
559.4	3.8807e-07
559.6	3.5874e-07
559.8	3.3163e-07
560.0	2.9537e-07
560.2	2.5183e-07
560.4	2.1471e-07
560.6	1.8306e-07
560.8	1.5608e-07
561.0	1.3307e-07
561.2	1.1346e-07
561.4	9.6736e-08
561.6	8.2477e-08
561.8	7.032e-08
562.0	5.9955e-08
562.2	5.1117e-08
562.4	4.3583e-08
562.6	4.5803e-08
562.8	5.5339e-08
563.0	6.6861e-08
563.2	8.0781e-08
563.4	9.76e-08
563.6	1.1792e-07
563.8	1.4247e-07
564.0	1.7213e-07
564.2	2.0797e-07
564.4	2.5127e-07
564.6	3.0358e-07
564.8	3.6679e-07
565.0	3.6558e-07
565.2	2.8937e-07
565.4	2.2904e-07
565.6	1.8129e-07
565.8	1.4349e-07
566.0	1.1358e-07
566.2	8.9901e-08
566.4	7.1158e-08
566.6	5.6323e-08
566.8	4.4581e-08
567.0	3.5287e-08
567.2	2.793e-08
567.4	2.4722e-08
567.6	2.7902e-08
567.8	3.1492e-08
568.0	3.5544e-08
568.2	4.0116e-08
568.4	4.5277e-08
568.6	5.1102e-08
568.8	5.7677e-08
569.0	6.5097e-08
569.2	7.3472e-08
569.4	8.2924e-08
569.6	9.3593e-08
569.8	1.0563e-07
570.0	1.142e-07
570.2	1.1689e-07
570.4	1.1964e-07
570.6	1.2245e-07
570.8	1.2533e-07
571.0	1.2828e-07
571.2	1.313e-07
571.4	1.3439e-07
571.6	1.3755e-07
571.8	1.4078e-07
572.0	1.4409e-07
572.2	1.4748e-07
572.4	1.5095e-07
572.6	1.2854e-07
572.8	9.501e-08
573.0	7.0223e-08
573.2	5.1903e-08
573.4	3.8362e-08
573.6	2.8354e-08
573.8	2.0957e-08
574.0	1.549e-08
574.2	1.1449e-08
574.4	8.4619e-09
574.6	6.2544e-09
574.8	4.6227e-09
575.0	4.2491e-09
575.2	5.2145e-09
575.4	6.3992e-09
575.6	7.853e-09
575.8	9.6372e-09
576.0	1.1827e-08
576.2	1.4514e-08
576.4	1.7811e-08
576.6	2.1858e-08
576.8	2.6824e-08
577.0	3.2918e-08
577.2	4.0397e-08
577.4	4.6419e-08
577.6	4.5578e-08
577.8	4.4752e-08
578.0	4.3941e-08
578.2	4.3145e-08
578.4	4.2363e-08
578.6	4.1595e-08
578.8	4.0841e-08
579.0	4.0101e-08
579.2	3.9374e-08
579.4	3.8661e-08
579.6	3.796e-08
579.8	3.7272e-08
580.0	3.421e-08
580.2	2.8715e-08
580.4	2.4102e-08
580.6	2.0231e-08
580.8	1.6981e-08
581.0	1.4253e-08
581.2	1.1963e-08
581.4	1.0042e-08
581.6	8.4286e-09
581.8	7.0746e-09
582.0	5.9382e-09
582.2	4.9843e-09
582.4	4.1836e-09
582.6	4.465e-09
582.8	5.7551e-09
583.0	7.4181e-09
583.2	9.5615e-09
583.4	1.2324e-08
583.6	1.5885e-08
583.8	2.0475e-08
584.0	2.6392e-08
584.2	3.4017e-08
584.4	4.3847e-08
584.6	5.6516e-08
584.8	7.2846e-08
585.0	8.3897e-08
585.2	8.3231e-08
585.4	8.2569e-08
585.6	8.1912e-08
585.8	8.1261e-08
586.0	8.0615e-08
586.2	7.9974e-08
586.4	7.9339e-08
586.6	7.8708e-08
586.8	7.8082e-08
587.0	7.7462e-08
587.2	7.6846e-08
587.4	7.3967e-08
587.6	6.6461e-08
587.8	5.9717e-08
588.0	5.3658e-08
588.2	4.8213e-08
588.4	4.3321e-08
588.6	3.8925e-08
588.8	3.4975e-08
589.0	3.1426e-08
589.2	2.8237e-08
589.4	2.5372e-08
589.6	2.2797e-08
589.8	2.0484e-08
590.0	2.0001e-08
590.2	2.1662e-08
590.4	2.3462e-08
590.6	2.5411e-08
590.8	2.7522e-08
591.0	2.9808e-08
591.2	3.2285e-08
591.4	3.4967e-08
591.6	3.7872e-08
591.8	4.1018e-08
592.0	4.4425e-08
592.2	4.8116e-08
592.4	5.2113e-08
592.6	5.1729e-08
592.8	4.8268e-08
593.0	4.5039e-08
593.2	4.2026e-08
593.4	3.9214e-08
593.6	3.659e-08
593.8	3.4142e-08
594.0	3.1858e-08
594.2	2.9727e-08
594.4	2.7738e-08
594.6	2.5882e-08
594.8	2.415e-08
595.0	2.3718e-08
595.2	2.4734e-08
595.4	2.5794e-08
595.6	2.69e-08
595.8	2.8053e-08
596.0	2.9256e-08
596.2	3.051e-08
596.4	3.1818e-08
596.6	3.3181e-08
596.8	3.4604e-08
597.0	3.6087e-08
597.2	3.7634e-08
597.4	3.8305e-08
597.6	3.7229e-08
597.8	3.6183e-08
598.0	3.5167e-08
598.2	3.4179e-08
598.4	3.322e-08
598.6	3.2287e-08
598.8	3.138e-08
599.0	3.0499e-08
599.2	2.9642e-08
599.4	2.8809e-08
599.6	2.8e-08
599.8	2.7214e-08
600.0	2.7314e-08
600.2	2.8492e-08
600.4	2.972e-08
600.6	3.1001e-08
600.8	3.2338e-08
601.0	3.3732e-08
601.2	3.5186e-08
601.4	3.6703e-08
601.6	3.8285e-08
601.8	3.9936e-08
602.0	4.1657e-08
602.2	4.3453e-08
602.4	4.5326e-08
602.6	4.5884e-08
602.8	4.5388e-08
603.0	4.4897e-08
603.2	4.4412e-08
603.4	4.3932e-08
603.6	4.3457e-08
603.8	4.2987e-08
604.0	4.2522e-08
604.2	4.2063e-08
604.4	4.1608e-08
604.6	4.1158e-08
604.8	4.0713e-08
605.0	4.0273e-08
605.2	3.9838e-08
605.4	3.9407e-08
605.6	3.8981e-08
605.8	3.856e-08
606.0	3.8753e-08
606.2	3.9455e-08
606.4	4.0171e-08
606.6	4.0899e-08
606.8	4.164e-08
607.0	4.2395e-08
607.2	4.3163e-08
607.4	4.3946e-08
607.6	4.4742e-08
607.8	4.5553e-08
608.0	4.6379e-08
608.2	4.722e-08
608.4	4.8135e-08
608.6	4.9145e-08
608.8	5.0177e-08
609.0	5.123e-08
609.2	5.2306e-08
609.4	5.3404e-08
609.6	5.4525e-08
609.8	5.5669e-08
610.0	5.6838e-08
610.2	5.8031e-08
610.4	5.925e-08
610.6	6.0493e-08
610.8	6.1876e-08
611.0	6.3527e-08
611.2	6.5221e-08
611.4	6.6961e-08
611.6	6.8747e-08
611.8	7.058e-08
612.0	7.2463e-08
612.2	7.4396e-08
612.4	7.638e-08
612.6	7.8417e-08
612.8	8.0509e-08
613.0	8.2656e-08
613.2	8.4861e-08
613.4	8.7124e-08
613.6	8.9448e-08
613.8	9.1834e-08
614.0	9.4283e-08
614.2	9.5891e-08
614.4	9.5595e-08
614.6	9.53e-08
614.8	9.5006e-08
615.0	9.4712e-08
615.2	9.442e-08
615.4	9.4128e-08
615.6	9.3838e-08
615.8	9.3548e-08
616.0	9.3259e-08
616.2	9.2971e-08
616.4	9.2684e-08
616.6	7.0217e-08
616.8	1.9524e-08
617.0	1.0846e-08
617.2	1.0758e-08
617.4	3.0789e-08
617.6	3.2191e-08
617.8	1.7178e-08
618.0	1.335e-07
618.2	5.5465e-08
618.4	5.366e-08
618.6	6.1648e-08
618.8	2.3203e-08
619.0	1.7755e-08
619.2	4.6765e-08
619.4	7.3125e-08
619.6	5.2668e-08
619.8	1.2047e-08
620.0	4.9674e-08
620.2	6.6113e-08
620.4	4.4807e-08
620.6	3.7141e-08
620.8	8.9514e-08
621.0	5.6393e-08
621.2	5.3399e-08
621.4	4.5886e-08
621.6	5.6658e-08
621.8	5.8325e-08
622.0	3.0881e-08
622.2	2.2375e-08
622.4	5.5559e-08
622.6	6.5472e-08
622.8	7.8092e-08
623.0	8.0919e-08
623.2	6.5209e-08
623.4	4.4704e-08
623.6	7.7832e-08
623.8	9.3331e-08
624.0	1.2675e-07
624.2	9.727e-08
624.4	8.2682e-08
624.6	1.0578e-07
624.8	1.5901e-07
625.0	1.2584e-07
625.2	1.4786e-07
625.4	2.0287e-07
625.6	2.3535e-07
625.8	2.6155e-07
626.0	3.0743e-07
626.2	3.7513e-07
626.4	4.9162e-07
626.6	6.5575e-07
626.8	8.256e-07
627.0	1.0569e-06
627.2	1.3014e-06
627.4	1.4698e-06
627.6	1.9177e-06
627.8	2.5372e-06
628.0	3.3026e-06
628.2	4.2415e-06
628.4	5.5734e-06
628.6	7.3626e-06
628.8	9.5063e-06
629.0	1.2464e-05
629.2	1.7095e-05
629.4	2.3225e-05
629.6	3.1467e-05
629.8	4.3141e-05
630.0	5.9452e-05
630.2	8.2516e-05
630.4	1.1601e-04
630.6	1.6423e-04
630.8	2.3406e-04
631.0	3.3141e-04
631.2	4.8783e-04
631.4	7.1354e-04
631.6	0.00106
631.8	0.00159
632.0	0.00243
632.2	0.00375
632.4	0.00601
632.6	0.00955
632.8	0.01539
633.0	0.0253
633.2	0.04225
633.4	0.07127
633.6	0.12034
633.8	0.19223
634.0	0.30575
634.2	0.45283
634.4	0.61281
634.6	0.7531
634.8	0.85136
635.0	0.91161
635.2	0.94417
635.4	0.96384
635.6	0.97399
635.8	0.97975
636.0	0.98272
636.2	0.98574
636.4	0.98605
636.6	0.98567
636.8	0.98582
637.0	0.98588
637.2	0.98521
637.4	0.98514
637.6	0.98546
637.8	0.98638
638.0	0.98568
638.2	0.98658
638.4	0.98867
638.6	0.98927
638.8	0.98917
639.0	0.99036
639.2	0.9912
639.4	0.99043
639.6	0.99178
639.8	0.9915
640.0	0.99207
640.2	0.99094
640.4	0.99146
640.6	0.9916
640.8	0.99109
641.0	0.99078
641.2	0.9905
641.4	0.98984
641.6	0.98991
641.8	0.98937
642.0	0.98963
642.2	0.98957
642.4	0.98925
642.6	0.98822
642.8	0.98714
643.0	0.9873
643.2	0.98621
643.4	0.98533
643.6	0.98467
643.8	0.9838
644.0	0.98416
644.2	0.98422
644.4	0.985
644.6	0.98503
644.8	0.98597
645.0	0.98487
645.2	0.98438
645.4	0.98182
645.6	0.97587
645.8	0.962
646.0	0.93559
646.2	0.88678
646.4	0.80474
646.6	0.69061
646.8	0.54153
647.0	0.38819
647.2	0.2589
647.4	0.16383
647.6	0.10139
647.8	0.06167
648.0	0.03646
648.2	0.02247
648.4	0.01407
648.6	0.00892
648.8	0.00578
649.0	0.00381
649.2	0.00254
649.4	0.00168
649.6	0.00114
649.8	7.8588e-04
650.0	5.4681e-04
650.2	3.8747e-04
650.4	2.7644e-04
650.6	1.9968e-04
650.8	1.4574e-04
651.0	1.0658e-04
651.2	7.8221e-05
651.4	5.7853e-05
651.6	4.3091e-05
651.8	3.2348e-05
652.0	2.4465e-05
652.2	1.8849e-05
652.4	1.4308e-05
652.6	1.094e-05
652.8	8.5072e-06
653.0	6.6567e-06
653.2	5.2239e-06
653.4	4.1148e-06
653.6	3.2267e-06
653.8	2.6178e-06
654.0	2.1423e-06
654.2	1.7236e-06
654.4	1.3478e-06
654.6	1.1466e-06
654.8	9.0687e-07
655.0	7.4293e-07
655.2	6.2219e-07
655.4	5.3285e-07
655.6	4.6085e-07
655.8	3.3885e-07
656.0	2.9172e-07
656.2	2.9615e-07
656.4	2.4199e-07
656.6	1.9156e-07
656.8	1.7606e-07
657.0	1.7265e-07
657.2	1.4735e-07
657.4	1.2957e-07
657.6	1.4241e-07
657.8	1.0264e-07
658.0	8.8529e-08
658.2	1.0484e-07
658.4	8.2329e-08
658.6	8.2287e-08
658.8	6.8253e-08
659.0	7.0372e-08
659.2	9.4771e-08
659.4	6.7355e-08
659.6	2.4738e-08
659.8	1.0268e-08
660.0	1.0266e-08
660.2	3.0327e-08
660.4	6.9134e-08
660.6	7.0532e-08
660.8	6.1964e-08
661.0	6.4724e-08
661.2	8.1517e-08
661.4	5.8024e-08
661.6	3.1145e-08
661.8	2.5309e-08
662.0	2.1034e-08
662.2	1.8044e-08
662.4	5.1603e-08
662.6	1.2319e-08
662.8	1.0452e-08
663.0	2.378e-08
663.2	4.099e-08
663.4	3.4444e-08
663.6	3.2901e-08
663.8	1.0498e-08
664.0	1.0497e-08
664.2	3.2223e-08
664.4	2.3675e-08
664.6	1.0529e-08
664.8	1.0545e-08
665.0	1.0537e-08
665.2	1.1206e-08
665.4	4.0532e-08
665.6	5.8876e-08
665.8	2.8322e-08
666.0	1.6436e-08
666.2	4.0338e-08
666.4	2.5781e-08
666.6	6.1973e-08
666.8	1.5062e-08
667.0	3.3239e-08
667.2	3.3582e-08
667.4	1.4741e-08
667.6	4.1948e-08
667.8	3.29e-08
668.0	4.1415e-08
668.2	6.4412e-08
668.4	5.26e-08
668.6	3.1897e-08
668.8	1.8199e-08
669.0	1.1013e-08
669.2	1.2017e-08
669.4	2.8991e-08
669.6	1.3985e-08
669.8	1.0434e-08
670.0	1.0448e-08
670.2	1.2542e-08
670.4	2.9365e-08
670.6	1.1127e-08
670.8	1.9369e-08
671.0	1.3057e-08
671.2	2.52e-08
671.4	3.7589e-08
671.6	1.0839e-08
671.8	1.4435e-08
672.0	4.1315e-08
672.2	2.3702e-08
672.4	4.7027e-08
672.6	3.1407e-08
672.8	1.4756e-08
673.0	4.0819e-08
673.2	2.1678e-08
673.4	1.0689e-08
673.6	2.5167e-08
673.8	4.2791e-08
674.0	5.2673e-08
674.2	5.0368e-08
674.4	4.2041e-08
674.6	3.8063e-08
674.8	1.0947e-08
675.0	2.4711e-08
675.2	1.6621e-08
675.4	1.3625e-08
675.6	1.8391e-08
675.8	1.0565e-08
676.0	1.0485e-08
676.2	1.0468e-08
676.4	1.0432e-08
676.6	2.925e-08
676.8	3.8272e-08
677.0	1.0433e-08
677.2	1.0437e-08
677.4	1.5682e-08
677.6	2.8667e-08
677.8	1.4837e-08
678.0	1.0496e-08
678.2	1.0492e-08
678.4	1.1131e-08
678.6	1.9436e-08
678.8	2.0424e-08
679.0	1.2099e-08
679.2	1.0562e-08
679.4	1.4291e-08
679.6	1.7931e-08
679.8	1.0563e-08
680.0	1.0578e-08
680.2	2.4112e-08
680.4	3.9748e-08
680.6	4.3215e-08
680.8	5.0628e-08
681.0	4.5478e-08
681.2	1.0799e-08
681.4	3.9097e-08
681.6	3.9974e-08
681.8	4.0712e-08
682.0	4.8918e-08
682.2	4.5215e-08
682.4	3.5028e-08
682.6	5.2746e-08
682.8	1.6042e-08
683.0	1.3615e-08
683.2	1.2286e-08
683.4	1.5383e-08
683.6	2.6771e-08
683.8	3.7193e-08
684.0	1.2225e-08
684.2	1.0797e-08
684.4	1.253e-08
684.6	2.7029e-08
684.8	2.2737e-08
685.0	1.8248e-08
685.2	7.1433e-08
685.4	3.619e-08
685.6	4.945e-08
685.8	4.3146e-08
686.0	1.5384e-08
686.2	3.8088e-08
686.4	7.5774e-08
686.6	4.6654e-08
686.8	1.0809e-08
687.0	1.0822e-08
687.2	1.8381e-08
687.4	3.1218e-08
687.6	5.3021e-08
687.8	9.0051e-08
688.0	1.5294e-07
688.2	2.1593e-07
688.4	2.1628e-07
688.6	2.1663e-07
688.8	2.1698e-07
689.0	2.1734e-07
689.2	2.1769e-07
689.4	2.1805e-07
689.6	2.184e-07
689.8	2.1876e-07
690.0	2.1912e-07
690.2	2.1948e-07
690.4	2.1983e-07
690.6	2.213e-07
690.8	2.254e-07
691.0	2.2957e-07
691.2	2.3383e-07
691.4	2.3816e-07
691.6	2.4257e-07
691.8	2.4706e-07
692.0	2.5164e-07
692.2	2.563e-07
692.4	2.6105e-07
692.6	2.6589e-07
692.8	2.7081e-07
693.0	2.7078e-07
693.2	2.5654e-07
693.4	2.4305e-07
693.6	2.3027e-07
693.8	2.1815e-07
694.0	2.0668e-07
694.2	1.9581e-07
694.4	1.8551e-07
694.6	1.7575e-07
694.8	1.6651e-07
695.0	1.5775e-07
695.2	1.4946e-07
695.4	1.439e-07
695.6	1.4696e-07
695.8	1.5008e-07
696.0	1.5328e-07
696.2	1.5654e-07
696.4	1.5986e-07
696.6	1.6326e-07
696.8	1.6673e-07
697.0	1.7028e-07
697.2	1.739e-07
697.4	1.776e-07
697.6	1.8138e-07
697.8	1.8523e-07
698.0	1.8917e-07
698.2	1.9292e-07
698.4	1.9618e-07
698.6	1.9949e-07
698.8	2.0285e-07
699.0	2.0627e-07
699.2	2.0975e-07
699.4	2.1329e-07
699.6	2.1689e-07
699.8	2.2055e-07
700.0	2.2427e-07
700.2	2.2805e-07
700.4	2.319e-07
700.6	2.3599e-07
700.8	2.4065e-07
701.0	2.4539e-07
701.2	2.5022e-07
701.4	2.5516e-07
701.6	2.6018e-07
701.8	2.6531e-07
702.0	2.7054e-07
702.2	2.7587e-07
702.4	2.8131e-07
702.6	2.8685e-07
702.8	2.9251e-07
703.0	2.9279e-07
703.2	2.768e-07
703.4	2.6168e-07
703.6	2.4738e-07
703.8	2.3387e-07
704.0	2.211e-07
704.2	2.0902e-07
704.4	1.976e-07
704.6	1.8681e-07
704.8	1.766e-07
705.0	1.6696e-07
705.2	1.5784e-07
705.4	1.5299e-07
705.6	1.6292e-07
705.8	1.7349e-07
706.0	1.8474e-07
706.2	1.9673e-07
706.4	2.095e-07
706.6	2.2309e-07
706.8	2.3756e-07
707.0	2.5298e-07
707.2	2.6939e-07
707.4	2.8687e-07
707.6	3.0548e-07
707.8	3.253e-07
708.0	3.4641e-07
708.2	3.589e-07
708.4	3.5256e-07
708.6	3.4634e-07
708.8	3.4023e-07
709.0	3.3422e-07
709.2	3.2832e-07
709.4	3.2252e-07
709.6	3.1683e-07
709.8	3.1124e-07
710.0	3.0574e-07
710.2	3.0034e-07
710.4	2.9504e-07
710.6	2.9174e-07
710.8	2.9281e-07
711.0	2.9389e-07
711.2	2.9498e-07
711.4	2.9607e-07
711.6	2.9716e-07
711.8	2.9825e-07
712.0	2.9935e-07
712.2	3.0046e-07
712.4	3.0157e-07
712.6	3.0268e-07
712.8	3.038e-07
713.0	3.0459e-07
713.2	3.0453e-07
713.4	3.0448e-07
713.6	3.0442e-07
713.8	3.0436e-07
714.0	3.0431e-07
714.2	3.0425e-07
714.4	3.0419e-07
714.6	3.0413e-07
714.8	3.0408e-07
715.0	3.0402e-07
715.2	3.0396e-07
715.4	3.0002e-07
715.6	2.849e-07
715.8	2.7055e-07
716.0	2.5692e-07
716.2	2.4397e-07
716.4	2.3168e-07
716.6	2.2001e-07
716.8	2.0892e-07
717.0	1.984e-07
717.2	1.9991e-07
717.4	2.0144e-07
717.6	2.0297e-07
717.8	2.0452e-07
718.0	2.0609e-07
718.2	2.0766e-07
718.4	2.0924e-07
718.6	2.1084e-07
718.8	2.1245e-07
719.0	2.1407e-07
719.2	2.1571e-07
719.4	2.1773e-07
719.6	2.1993e-07
719.8	2.2216e-07
720.0	2.2441e-07
720.2	2.2668e-07
720.4	2.2898e-07
720.6	2.313e-07
720.8	2.3364e-07
721.0	2.3601e-07
721.2	2.3839e-07
721.4	2.4081e-07
721.6	2.4442e-07
721.8	2.6042e-07
722.0	2.7747e-07
722.2	2.9564e-07
722.4	3.15e-07
722.6	3.3562e-07
722.8	3.5759e-07
723.0	3.8101e-07
723.2	4.0595e-07
723.4	4.3253e-07
723.6	4.6085e-07
723.8	4.9103e-07
724.0	5.2327e-07
724.2	5.5773e-07
724.4	5.9445e-07
724.6	6.336e-07
724.8	6.7532e-07
725.0	7.1979e-07
725.2	7.6719e-07
725.4	8.1771e-07
725.6	8.7156e-07
725.8	9.2896e-07
726.0	9.9013e-07
726.2	1.0553e-06
726.4	1.348e-06
726.6	1.7628e-06
726.8	2.3053e-06
727.0	3.0147e-06
727.2	2.9197e-06
727.4	2.8277e-06
727.6	2.7386e-06
727.8	2.719e-06
728.0	5.4213e-06
728.2	7.4138e-06
728.4	1.3788e-05
728.6	2.0131e-05
728.8	3.454e-05
729.0	6.4052e-05
729.2	2.2458e-04
729.4	0.00608
729.6	0.01632
729.8	0.00107
730.0	1.3702e-04
730.2	7.5183e-05
730.4	5.1709e-05
730.6	3.8264e-05
730.8	3.1561e-05
731.0	2.4405e-05
731.2	1.88e-05
731.4	1.6379e-05
731.6	1.374e-05
731.8	1.1852e-05
732.0	1.0944e-05
732.2	9.4525e-06
732.4	8.4735e-06
732.6	8.6987e-06
732.8	8.0509e-06
733.0	8.0725e-06
733.2	6.7241e-06
733.4	9.2659e-06
733.6	1.1014e-05
733.8	1.2839e-05
734.0	1.1854e-05
734.2	1.3559e-05
734.4	1.3711e-05
734.6	1.4313e-05
734.8	1.5465e-05
735.0	1.6319e-05
735.2	1.8076e-05
735.4	1.9887e-05
735.6	2.1516e-05
735.8	2.3901e-05
736.0	2.6312e-05
736.2	3.2138e-05
736.4	3.5303e-05
736.6	3.8259e-05
736.8	4.6644e-05
737.0	5.3285e-05
737.2	6.6909e-05
737.4	8.4017e-05
737.6	1.055e-04
737.8	1.3077e-04
738.0	1.6597e-04
738.2	2.248e-04
738.4	3.2561e-04
738.6	4.7622e-04
738.8	7.2866e-04
739.0	0.00121
739.2	0.00231
739.4	0.00618
739.6	0.04868
739.8	0.21934
740.0	0.05353
740.2	0.0076
740.4	0.00322
740.6	0.00193
740.8	0.00134
741.0	0.00101
741.2	8.1441e-04
741.4	6.5123e-04
741.6	5.471e-04
741.8	4.7347e-04
742.0	4.206e-04
742.2	3.8209e-04
742.4	3.3557e-04
742.6	3.1733e-04
742.8	2.9946e-04
743.0	2.8454e-04
743.2	2.7935e-04
743.4	2.8041e-04
743.6	2.7911e-04
743.8	2.7666e-04
744.0	2.8206e-04
744.2	2.9207e-04
744.4	3.0399e-04
744.6	3.1994e-04
744.8	3.3322e-04
745.0	3.5033e-04
745.2	3.6899e-04
745.4	3.8865e-04
745.6	4.1498e-04
745.8	4.4454e-04
746.0	4.827e-04
746.2	5.227e-04
746.4	5.7966e-04
746.6	6.3227e-04
746.8	6.926e-04
747.0	7.6428e-04
747.2	8.9655e-04
747.4	0.00105
747.6	0.00123
747.8	0.00141
748.0	0.0016
748.2	0.00186
748.4	0.00216
748.6	0.00255
748.8	0.00306
749.0	0.00371
749.2	0.0046
749.4	0.00582
749.6	0.00747
749.8	0.00981
750.0	0.0132
750.2	0.01841
750.4	0.02669
750.6	0.04064
750.8	0.06627
751.0	0.11831
751.2	0.23552
751.4	0.48842
751.6	0.77573
751.8	0.69744
752.0	0.43286
752.2	0.26578
752.4	0.18327
752.6	0.13945
752.8	0.11457
753.0	0.10026
753.2	0.09208
753.4	0.08854
753.6	0.08853
753.8	0.09214
754.0	0.09972
754.2	0.11253
754.4	0.13319
754.6	0.16644
754.8	0.23536
755.0	0.32957
755.2	0.50406
755.4	0.75487
755.6	0.80241
755.8	0.56927
756.0	0.37386
756.2	0.20368
756.4	0.12562
756.6	0.08637
756.8	0.0565
757.0	0.04517
757.2	0.03167
757.4	0.02484
757.6	0.01996
757.8	0.01636
758.0	0.01361
758.2	0.01148
758.4	0.00981
758.6	0.00853
758.8	0.00748
759.0	0.00663
759.2	0.00594
759.4	0.00535
759.6	0.00485
759.8	0.00445
760.0	0.00412
760.2	0.00381
760.4	0.00356
760.6	0.00334
760.8	0.00314
761.0	0.00299
761.2	0.00284
761.4	0.00272
761.6	0.0026
761.8	0.00251
762.0	0.00243
762.2	0.00235
762.4	0.0023
762.6	0.00224
762.8	0.00219
763.0	0.00216
763.2	0.00213
763.4	0.00213
763.6	0.0021
763.8	0.00211
764.0	0.00214
764.2	0.00213
764.4	0.00216
764.6	0.00218
764.8	0.0022
765.0	0.00223
765.2	0.00227
765.4	0.00231
765.6	0.00238
765.8	0.00243
766.0	0.00249
766.2	0.00257
766.4	0.00266
766.6	0.00275
766.8	0.00285
767.0	0.00297
767.2	0.0031
767.4	0.00324
767.6	0.0034
767.8	0.00358
768.0	0.00378
768.2	0.00399
768.4	0.00429
768.6	0.00455
768.8	0.00484
769.0	0.00518
769.2	0.00552
769.4	0.00593
769.6	0.00639
769.8	0.00691
770.0	0.00751
770.2	0.00812
770.4	0.00884
770.6	0.00964
770.8	0.01054
771.0	0.01153
771.2	0.01247
771.4	0.01369
771.6	0.01514
771.8	0.01669
772.0	0.01847
772.2	0.02052
772.4	0.02278
772.6	0.02503
772.8	0.0279
773.0	0.03112
773.2	0.03472
773.4	0.03864
773.6	0.0431
773.8	0.04801
774.0	0.0521
774.2	0.05757
774.4	0.06348
774.6	0.06976
774.8	0.07607
775.0	0.08252
775.2	0.08887
775.4	0.09519
775.6	0.10078
775.8	0.10559
776.0	0.10975
776.2	0.11289
776.4	0.11485
776.6	0.11591
776.8	0.11541
777.0	0.11413
777.2	0.1119
777.4	0.10873
777.6	0.10494
777.8	0.10052
778.0	0.0956
778.2	0.09128
778.4	0.08601
778.6	0.08061
778.8	0.07536
779.0	0.07007
779.2	0.06498
779.4	0.06024
779.6	0.05683
779.8	0.05252
780.0	0.04837
780.2	0.0447
780.4	0.04126
780.6	0.03815
780.8	0.03518
781.0	0.03235
781.2	0.03006
781.4	0.02781
781.6	0.02581
781.8	0.02408
782.0	0.02246
782.2	0.02093
782.4	0.01978
782.6	0.01855
782.8	0.01743
783.0	0.01643
783.2	0.01545
783.4	0.01463
783.6	0.01383
783.8	0.01317
784.0	0.01254
784.2	0.01197
784.4	0.01145
784.6	0.01095
784.8	0.01047
785.0	0.01006
785.2	0.00968
785.4	0.00935
785.6	0.00904
785.8	0.00875
786.0	0.00846
786.2	0.00822
786.4	0.00799
786.6	0.00784
786.8	0.00767
787.0	0.0075
787.2	0.00735
787.4	0.00722
787.6	0.00707
787.8	0.00696
788.0	0.00682
788.2	0.00675
788.4	0.00667
788.6	0.00662
788.8	0.00657
789.0	0.00653
789.2	0.00651
789.4	0.00664
789.6	0.00667
789.8	0.00667
790.0	0.00668
790.2	0.00666
790.4	0.00671
790.6	0.00675
790.8	0.00681
791.0	0.00687
791.2	0.00695
791.4	0.00703
791.6	0.0071
791.8	0.00722
792.0	0.00729
792.2	0.0073
792.4	0.00742
792.6	0.00754
792.8	0.00771
793.0	0.00791
793.2	0.00804
793.4	0.00826
793.6	0.00846
793.8	0.0087
794.0	0.00895
794.2	0.00925
794.4	0.00953
794.6	0.00987
794.8	0.0102
795.0	0.01055
795.2	0.01093
795.4	0.01133
795.6	0.01174
795.8	0.01217
796.0	0.01261
796.2	0.01315
796.4	0.01376
796.6	0.0144
796.8	0.01506
797.0	0.01575
797.2	0.01648
797.4	0.01738
797.6	0.01835
797.8	0.01938
798.0	0.02047
798.2	0.02161
798.4	0.02282
798.6	0.0242
798.8	0.02577
799.0	0.02744
799.2	0.02921
799.4	0.0311
799.6	0.03312
799.8	0.03548
800.0	0.03837
800.2	0.04151
800.4	0.04489
800.6	0.04856
800.8	0.05253
801.0	0.05694
801.2	0.06204
801.4	0.0676
801.6	0.07366
801.8	0.08025
802.0	0.08744
802.2	0.09578
802.4	0.10509
802.6	0.11531
802.8	0.12653
803.0	0.13883
803.2	0.15234
803.4	0.16823
803.6	0.1866
803.8	0.20699
804.0	0.22959
804.2	0.25467
804.4	0.28249
804.6	0.31302
804.8	0.34438
805.0	0.37889
805.2	0.41685
805.4	0.45862
805.6	0.50457
805.8	0.55146
806.0	0.59122
806.2	0.63384
806.4	0.67954
806.6	0.72854
806.8	0.78106
807.0	0.82281
807.2	0.84286
807.4	0.8634
807.6	0.88444
807.8	0.90599
808.0	0.92806
808.2	0.93574
808.4	0.92866
808.6	0.92163
808.8	0.91466
809.0	0.90774
809.2	0.90087
809.4	0.88884
809.6	0.87308
809.8	0.85759
810.0	0.84238
810.2	0.82743
810.4	0.81275
810.6	0.7985
810.8	0.78464
811.0	0.77102
811.2	0.75764
811.4	0.74449
811.6	0.73157
811.8	0.7195
812.0	0.70934
812.2	0.69933
812.4	0.68946
812.6	0.67973
812.8	0.67014
813.0	0.66135
813.2	0.65361
813.4	0.64597
813.6	0.63842
813.8	0.63095
814.0	0.62357
814.2	0.61705
814.4	0.61104
814.6	0.60508
814.8	0.59918
815.0	0.59334
815.2	0.58756
815.4	0.58226
815.6	0.57733
815.8	0.57244
816.0	0.56759
816.2	0.56279
816.4	0.55802
816.6	0.5535
816.8	0.54942
817.0	0.54538
817.2	0.54137
817.4	0.53738
817.6	0.53343
817.8	0.5303
818.0	0.52715
818.2	0.52402
818.4	0.52091
818.6	0.51782
818.8	0.51475
819.0	0.512
819.2	0.50989
819.4	0.50779
819.6	0.5057
819.8	0.50362
820.0	0.50155
820.2	0.49967
820.4	0.49869
820.6	0.49771
820.8	0.49674
821.0	0.49576
821.2	0.49479
821.4	0.49403
821.6	0.49417
821.8	0.4943
822.0	0.49444
822.2	0.49457
822.4	0.49471
822.6	0.49547
822.8	0.49697
823.0	0.49847
823.2	0.49998
823.4	0.5015
823.6	0.50302
823.8	0.50498
824.0	0.50815
824.2	0.51135
824.4	0.51456
824.6	0.51779
824.8	0.52104
825.0	0.52471
825.2	0.52945
825.4	0.53422
825.6	0.53904
825.8	0.5439
826.0	0.5488
826.2	0.55423
826.4	0.56069
826.6	0.56722
826.8	0.57383
827.0	0.58051
827.2	0.58727
827.4	0.59434
827.6	0.60168
827.8	0.6091
828.0	0.61662
828.2	0.62424
828.4	0.63194
828.6	0.64042
828.8	0.64808
829.0	0.65584
829.2	0.66368
829.4	0.67162
829.6	0.67965
829.8	0.68725
830.0	0.69329
830.2	0.69938
830.4	0.70553
830.6	0.71173
830.8	0.71798
831.0	0.72323
831.2	0.7252
831.4	0.72718
831.6	0.72916
831.8	0.73115
832.0	0.73314
832.2	0.73332
832.4	0.73055
832.6	0.72779
832.8	0.72504
833.0	0.7223
833.2	0.71957
833.4	0.71517
833.6	0.70792
833.8	0.70074
834.0	0.69363
834.2	0.68659
834.4	0.67963
834.6	0.67205
834.8	0.66315
835.0	0.65436
835.2	0.64569
835.4	0.63714
835.6	0.62869
835.8	0.62019
836.0	0.61163
836.2	0.60317
836.4	0.59484
836.6	0.58662
836.8	0.57852
837.0	0.57105
837.2	0.56449
837.4	0.55801
837.6	0.5516
837.8	0.54527
838.0	0.53901
838.2	0.53362
838.4	0.5298
838.6	0.52602
838.8	0.52226
839.0	0.51853
839.2	0.51483
839.4	0.51222
839.6	0.51149
839.8	0.51075
840.0	0.51001
840.2	0.50928
840.4	0.50855
840.6	0.50832
840.8	0.51073
841.0	0.51314
841.2	0.51557
841.4	0.51801
841.6	0.52046
841.8	0.52449
842.0	0.53011
842.2	0.5358
842.4	0.54154
842.6	0.54735
842.8	0.55322
843.0	0.56078
843.2	0.56977
843.4	0.57891
843.6	0.58819
843.8	0.59762
844.0	0.6072
844.2	0.61793
844.4	0.63019
844.6	0.64268
844.8	0.65543
845.0	0.66843
845.2	0.68168
845.4	0.69494
845.6	0.70855
845.8	0.72242
846.0	0.73634
846.2	0.74575
846.4	0.75528
846.6	0.76493
846.8	0.77621
847.0	0.78683
847.2	0.79714
847.4	0.80532
847.6	0.81262
847.8	0.81843
848.0	0.82244
848.2	0.82438
848.4	0.82478
848.6	0.82314
848.8	0.8198
849.0	0.81385
849.2	0.80619
849.4	0.79736
849.6	0.78676
849.8	0.77462
850.0	0.76073
850.2	0.74597
850.4	0.73061
850.6	0.7141
850.8	0.69678
851.0	0.67987
851.2	0.66276
851.4	0.64451
851.6	0.62718
851.8	0.60968
852.0	0.5929
852.2	0.57597
852.4	0.55983
852.6	0.54446
852.8	0.52905
853.0	0.51436
853.2	0.5005
853.4	0.48758
853.6	0.47495
853.8	0.46292
854.0	0.45179
854.2	0.44119
854.4	0.4311
854.6	0.42147
854.8	0.41253
855.0	0.40436
855.2	0.39697
855.4	0.38986
855.6	0.38315
855.8	0.37726
856.0	0.37197
856.2	0.36742
856.4	0.36293
856.6	0.35849
856.8	0.35458
857.0	0.35128
857.2	0.34847
857.4	0.34618
857.6	0.34388
857.8	0.34261
858.0	0.34152
858.2	0.3407
858.4	0.34052
858.6	0.34038
858.8	0.341
859.0	0.34176
859.2	0.34268
859.4	0.3443
859.6	0.34624
859.8	0.34877
860.0	0.35158
860.2	0.35444
860.4	0.3579
860.6	0.36228
860.8	0.36658
861.0	0.37113
861.2	0.37646
861.4	0.38205
861.6	0.38819
861.8	0.39482
862.0	0.40167
862.2	0.40898
862.4	0.41681
862.6	0.42519
862.8	0.43381
863.0	0.44307
863.2	0.45289
863.4	0.4632
863.6	0.47397
863.8	0.48542
864.0	0.49718
864.2	0.50896
864.4	0.52125
864.6	0.53449
864.8	0.54754
865.0	0.56118
865.2	0.57467
865.4	0.58899
865.6	0.6034
865.8	0.61759
866.0	0.63225
866.2	0.64593
866.4	0.6599
866.6	0.67418
866.8	0.68858
867.0	0.70244
867.2	0.71578
867.4	0.72881
867.6	0.74063
867.8	0.75272
868.0	0.76365
868.2	0.77376
868.4	0.78352
868.6	0.79216
868.8	0.80102
869.0	0.80798
869.2	0.81451
869.4	0.82032
869.6	0.82505
869.8	0.82895
870.0	0.8318
870.2	0.83486
870.4	0.83645
870.6	0.83732
870.8	0.83762
871.0	0.83845
871.2	0.83819
871.4	0.8359
871.6	0.83387
871.8	0.83154
872.0	0.82894
872.2	0.82603
872.4	0.82279
872.6	0.81935
872.8	0.81502
873.0	0.81042
873.2	0.80534
873.4	0.79965
873.6	0.79362
873.8	0.78678
874.0	0.77964
874.2	0.77159
874.4	0.76314
874.6	0.75337
874.8	0.74321
875.0	0.73218
875.2	0.72019
875.4	0.70734
875.6	0.69402
875.8	0.68046
876.0	0.66415
876.2	0.64754
876.4	0.63134
876.6	0.61555
876.8	0.59851
877.0	0.57974
877.2	0.56001
877.4	0.54036
877.6	0.52082
877.8	0.50017
878.0	0.48056
878.2	0.46031
878.4	0.4397
878.6	0.41978
878.8	0.40077
879.0	0.38175
879.2	0.36338
879.4	0.34575
879.6	0.32842
879.8	0.31164
880.0	0.2955
880.2	0.28023
880.4	0.26589
880.6	0.25219
880.8	0.23911
881.0	0.22664
881.2	0.21481
881.4	0.2037
881.6	0.19324
881.8	0.1834
882.0	0.17417
882.2	0.16543
882.4	0.15713
882.6	0.14937
882.8	0.14203
883.0	0.13506
883.2	0.12877
883.4	0.12275
883.6	0.11706
883.8	0.1118
884.0	0.10683
884.2	0.10219
884.4	0.09775
884.6	0.09367
884.8	0.08963
885.0	0.08606
885.2	0.08277
885.4	0.07958
885.6	0.07651
885.8	0.07362
886.0	0.07089
886.2	0.06885
886.4	0.06686
886.6	0.06493
886.8	0.06293
887.0	0.06083
887.2	0.05895
887.4	0.0571
887.6	0.05541
887.8	0.05379
888.0	0.05228
888.2	0.05087
888.4	0.04948
888.6	0.04818
888.8	0.04695
889.0	0.04576
889.2	0.04466
889.4	0.04368
889.6	0.04281
889.8	0.04193
890.0	0.04109
890.2	0.04027
890.4	0.03943
890.6	0.03874
890.8	0.03806
891.0	0.03746
891.2	0.03694
891.4	0.03637
891.6	0.03582
891.8	0.03534
892.0	0.03498
892.2	0.03453
892.4	0.03414
892.6	0.03382
892.8	0.03352
893.0	0.03325
893.2	0.033
893.4	0.03271
893.6	0.03249
893.8	0.03236
894.0	0.03226
894.2	0.03213
894.4	0.03201
894.6	0.03192
894.8	0.03197
895.0	0.03192
895.2	0.0319
895.4	0.03194
895.6	0.03198
895.8	0.03208
896.0	0.03219
896.2	0.03228
896.4	0.03237
896.6	0.03246
896.8	0.03252
897.0	0.03276
897.2	0.03304
897.4	0.03335
897.6	0.03367
897.8	0.03401
898.0	0.03446
898.2	0.03484
898.4	0.03525
898.6	0.03573
898.8	0.03631
899.0	0.03684
899.2	0.0375
899.4	0.03808
899.6	0.03882
899.8	0.03958
900.0	0.04039
900.2	0.0413
900.4	0.04221
900.6	0.04311
900.8	0.04416
901.0	0.04528
901.2	0.04645
901.4	0.04774
901.6	0.0491
901.8	0.05051
902.0	0.05201
902.2	0.05364
902.4	0.05534
902.6	0.05723
902.8	0.0592
903.0	0.0613
903.2	0.06369
903.4	0.06608
903.6	0.06875
903.8	0.07144
904.0	0.07452
904.2	0.07784
904.4	0.08136
904.6	0.08506
904.8	0.08906
905.0	0.09336
905.2	0.0981
905.4	0.10314
905.6	0.10872
905.8	0.11477
906.0	0.12131
906.2	0.1283
906.4	0.1357
906.6	0.14353
906.8	0.15216
907.0	0.16197
907.2	0.1726
907.4	0.18437
907.6	0.19719
907.8	0.2113
908.0	0.22694
908.2	0.24391
908.4	0.26255
908.6	0.28271
908.8	0.30483
909.0	0.329
909.2	0.35564
909.4	0.38458
909.6	0.41539
909.8	0.44943
910.0	0.48527
910.2	0.52351
910.4	0.5638
910.6	0.60538
910.8	0.64701
911.0	0.68931
911.2	0.73026
911.4	0.76798
911.6	0.80189
911.8	0.83104
912.0	0.85379
912.2	0.86931
912.4	0.87803
912.6	0.87874
912.8	0.87133
913.0	0.85755
913.2	0.83853
913.4	0.8146
913.6	0.78764
913.8	0.75801
914.0	0.72659
914.2	0.69551
914.4	0.66449
914.6	0.63397
914.8	0.60446
915.0	0.57642
915.2	0.5496
915.4	0.52466
915.6	0.50096
915.8	0.47892
916.0	0.45875
916.2	0.44047
916.4	0.42291
916.6	0.40606
916.8	0.39096
917.0	0.37689
917.2	0.36431
917.4	0.35258
917.6	0.3418
917.8	0.33198
918.0	0.32287
918.2	0.31419
918.4	0.30664
918.6	0.29948
918.8	0.29314
919.0	0.28752
919.2	0.28181
919.4	0.27718
919.6	0.27241
919.8	0.26854
920.0	0.26505
920.2	0.26196
920.4	0.25914
920.6	0.25675
920.8	0.25471
921.0	0.25301
921.2	0.25191
921.4	0.25025
921.6	0.24911
921.8	0.24833
922.0	0.24784
922.2	0.24771
922.4	0.24769
922.6	0.24809
922.8	0.24856
923.0	0.24924
923.2	0.2502
923.4	0.25136
923.6	0.25256
923.8	0.25414
924.0	0.2562
924.2	0.25818
924.4	0.26068
924.6	0.26298
924.8	0.26575
925.0	0.26882
925.2	0.27177
925.4	0.27517
925.6	0.27868
925.8	0.28271
926.0	0.28668
926.2	0.2914
926.4	0.29619
926.6	0.30106
926.8	0.30635
927.0	0.3114
927.2	0.31706
927.4	0.32267
927.6	0.32842
927.8	0.33476
928.0	0.34094
928.2	0.34784
928.4	0.35456
928.6	0.36193
928.8	0.36921
929.0	0.37661
929.2	0.38449
929.4	0.39191
929.6	0.40032
929.8	0.40867
930.0	0.41685
930.2	0.42567
930.4	0.43411
930.6	0.44314
930.8	0.45185
931.0	0.46131
931.2	0.47069
931.4	0.47901
931.6	0.48807
931.8	0.4973
932.0	0.50609
932.2	0.51505
932.4	0.52404
932.6	0.53243
932.8	0.54024
933.0	0.54971
933.2	0.55718
933.4	0.56497
933.6	0.57301
933.8	0.57964
934.0	0.5868
934.2	0.59325
934.4	0.59966
934.6	0.60514
934.8	0.61082
935.0	0.61841
935.2	0.6245
935.4	0.63007
935.6	0.63459
935.8	0.63909
936.0	0.64462
936.2	0.64895
936.4	0.6533
936.6	0.65768
936.8	0.6602
937.0	0.66414
937.2	0.66642
937.4	0.66678
937.6	0.67131
937.8	0.6752
938.0	0.67649
938.2	0.67926
938.4	0.67779
938.6	0.68143
938.8	0.68355
939.0	0.68325
939.2	0.68499
939.4	0.68605
939.6	0.68645
939.8	0.68713
940.0	0.68801
940.2	0.68774
940.4	0.68855
940.6	0.68873
940.8	0.68856
941.0	0.68936
941.2	0.68951
941.4	0.68845
941.6	0.68872
941.8	0.68819
942.0	0.68676
942.2	0.68636
942.4	0.68508
942.6	0.68496
942.8	0.68608
943.0	0.6823
943.2	0.67953
943.4	0.67737
943.6	0.67754
943.8	0.67693
944.0	0.67399
944.2	0.67511
944.4	0.669
944.6	0.669
944.8	0.6683
945.0	0.66601
945.2	0.66461
945.4	0.66264
945.6	0.66131
945.8	0.65928
946.0	0.65748
946.2	0.6558
946.4	0.65413
946.6	0.65245
946.8	0.65107
947.0	0.64967
947.2	0.64786
947.4	0.64665
947.6	0.64469
947.8	0.64414
948.0	0.64375
948.2	0.64254
948.4	0.64096
948.6	0.64156
948.8	0.64057
949.0	0.64095
949.2	0.64072
949.4	0.64102
949.6	0.64233
949.8	0.64232
950.0	0.64315
950.2	0.64448
950.4	0.64516
950.6	0.64735
950.8	0.64898
951.0	0.65134
951.2	0.65467
951.4	0.65675
951.6	0.65931
951.8	0.66287
952.0	0.6667
952.2	0.67101
952.4	0.67551
952.6	0.67922
952.8	0.68428
953.0	0.68992
953.2	0.69462
953.4	0.70008
953.6	0.70676
953.8	0.71249
954.0	0.71893
954.2	0.72582
954.4	0.73351
954.6	0.74042
954.8	0.74868
955.0	0.75649
955.2	0.76446
955.4	0.77187
955.6	0.77878
955.8	0.7867
956.0	0.79409
956.2	0.80415
956.4	0.81143
956.6	0.81783
956.8	0.82283
957.0	0.82795
957.2	0.83208
957.4	0.83491
957.6	0.83763
957.8	0.83876
958.0	0.83818
958.2	0.83602
958.4	0.8324
958.6	0.82781
958.8	0.82149
959.0	0.81369
959.2	0.8046
959.4	0.79328
959.6	0.78107
959.8	0.76645
960.0	0.75044
960.2	0.73175
960.4	0.71353
960.6	0.69577
960.8	0.67845
961.0	0.66155
961.2	0.64152
961.4	0.61787
961.6	0.5951
961.8	0.57316
962.0	0.55204
962.2	0.53169
962.4	0.51118
962.6	0.48954
962.8	0.46882
963.0	0.44898
963.2	0.42997
963.4	0.41177
963.6	0.39391
963.8	0.37673
964.0	0.3603
964.2	0.34458
964.4	0.32955
964.6	0.31517
964.8	0.30161
965.0	0.28941
965.2	0.2777
965.4	0.26646
965.6	0.25569
965.8	0.24534
966.0	0.23494
966.2	0.2261
966.4	0.21759
966.6	0.2094
966.8	0.20151
967.0	0.19393
967.2	0.18664
967.4	0.17975
967.6	0.17311
967.8	0.16672
968.0	0.16056
968.2	0.15463
968.4	0.1492
968.6	0.14489
968.8	0.1407
969.0	0.13663
969.2	0.13268
969.4	0.12884
969.6	0.12522
969.8	0.12168
970.0	0.11824
970.2	0.11489
970.4	0.11164
970.6	0.10848
970.8	0.10583
971.0	0.10335
971.2	0.10093
971.4	0.09858
971.6	0.09627
971.8	0.09402
972.0	0.09206
972.2	0.09027
972.4	0.08851
972.6	0.08679
972.8	0.0851
973.0	0.08344
973.2	0.08192
973.4	0.08073
973.6	0.07957
973.8	0.07842
974.0	0.07728
974.2	0.07616
974.4	0.07509
974.6	0.07461
974.8	0.07414
975.0	0.07367
975.2	0.07321
975.4	0.07275
975.6	0.07212
975.8	0.07156
976.0	0.07101
976.2	0.07046
976.4	0.06991
976.6	0.06937
976.8	0.06912
977.0	0.06886
977.2	0.0686
977.4	0.06834
977.6	0.06808
977.8	0.06782
978.0	0.0677
978.2	0.06791
978.4	0.06811
978.6	0.06832
978.8	0.06853
979.0	0.06874
979.2	0.06882
979.4	0.0693
979.6	0.06979
979.8	0.07029
980.0	0.07078
980.2	0.07128
980.4	0.07194
980.6	0.07233
980.8	0.07273
981.0	0.07312
981.2	0.07352
981.4	0.07392
981.6	0.07477
981.8	0.07599
982.0	0.07723
982.2	0.07849
982.4	0.07977
982.6	0.08107
982.8	0.08229
983.0	0.08395
983.2	0.08565
983.4	0.08738
983.6	0.08914
983.8	0.09094
984.0	0.09303
984.2	0.09545
984.4	0.09793
984.6	0.10047
984.8	0.10308
985.0	0.10575
985.2	0.10879
985.4	0.11204
985.6	0.11538
985.8	0.11882
986.0	0.12236
986.2	0.12602
986.4	0.12989
986.6	0.13474
986.8	0.13978
987.0	0.14501
987.2	0.15043
987.4	0.15605
987.6	0.16219
987.8	0.1694
988.0	0.17693
988.2	0.18479
988.4	0.19301
988.6	0.20159
988.8	0.21102
989.0	0.22151
989.2	0.23253
989.4	0.2441
989.6	0.25624
989.8	0.26898
990.0	0.28306
990.2	0.29842
990.4	0.31462
990.6	0.33169
990.8	0.34969
991.0	0.36867
991.2	0.38891
991.4	0.41049
991.6	0.43327
991.8	0.45731
992.0	0.48269
992.2	0.50947
992.4	0.53631
992.6	0.56221
992.8	0.58935
993.0	0.61781
993.2	0.64764
993.4	0.67892
993.6	0.7052
993.8	0.72212
994.0	0.73944
994.2	0.75718
994.4	0.77535
994.6	0.79395
994.8	0.80374
995.0	0.79943
995.2	0.79514
995.4	0.79088
995.6	0.78664
995.8	0.78242
996.0	0.77018
996.2	0.75019
996.4	0.73073
996.6	0.71176
996.8	0.69329
997.0	0.6753
997.2	0.65397
997.4	0.6308
997.6	0.60844
997.8	0.58688
998.0	0.56608
998.2	0.54602
998.4	0.52751
998.6	0.5107
998.8	0.49443
999.0	0.47868
999.2	0.46343
999.4	0.44866
999.6	0.43496
999.8	0.4227
1000.0	0.41078
1000.2	0.3992
1000.4	0.38795
1000.6	0.37701
1000.8	0.36803
1001.0	0.36081
1001.2	0.35374
1001.4	0.3468
1001.6	0.34
1001.8	0.33333
1002.0	0.32764
1002.2	0.32484
1002.4	0.32206
1002.6	0.3193
1002.8	0.31657
1003.0	0.31386
1003.2	0.3109
1003.4	0.30886
1003.6	0.30684
1003.8	0.30483
1004.0	0.30283
1004.2	0.30084
1004.4	0.30081
1004.6	0.30172
1004.8	0.30263
1005.0	0.30354
1005.2	0.30446
1005.4	0.30538
1005.6	0.30691
1005.8	0.30989
1006.0	0.31291
1006.2	0.31595
1006.4	0.31902
1006.6	0.32213
1006.8	0.32623
1007.0	0.33281
1007.2	0.33952
1007.4	0.34637
1007.6	0.35335
1007.8	0.36048
1008.0	0.36791
1008.2	0.37821
1008.4	0.3888
1008.6	0.39968
1008.8	0.41087
1009.0	0.42237
1009.2	0.43506
1009.4	0.4505
1009.6	0.46647
1009.8	0.48302
1010.0	0.50015
1010.2	0.51789
1010.4	0.53686
1010.6	0.55861
1010.8	0.58123
1011.0	0.60478
1011.2	0.62928
1011.4	0.65477
1011.6	0.68022
1011.8	0.70446
1012.0	0.72956
1012.2	0.75556
1012.4	0.78248
1012.6	0.81037
1012.8	0.83333
1013.0	0.84634
1013.2	0.85956
1013.4	0.87298
1013.6	0.88662
1013.8	0.90046
1014.0	0.90223
1014.2	0.88585
1014.4	0.86977
1014.6	0.85398
1014.8	0.83847
1015.0	0.82325
1015.2	0.79844
1015.4	0.76114
1015.6	0.72559
1015.8	0.6917
1016.0	0.65939
1016.2	0.62859
1016.4	0.59539
1016.6	0.5623
1016.8	0.53105
1017.0	0.50154
1017.2	0.47367
1017.4	0.44735
1017.6	0.42112
1017.8	0.39578
1018.0	0.37196
1018.2	0.34958
1018.4	0.32854
1018.6	0.30877
1018.8	0.29104
1019.0	0.27644
1019.2	0.26257
1019.4	0.2494
1019.6	0.23689
1019.8	0.22501
1020.0	0.21352
1020.2	0.20352
1020.4	0.19399
1020.6	0.18491
1020.8	0.17626
1021.0	0.168
1021.2	0.16021
1021.4	0.15405
1021.6	0.14813
1021.8	0.14244
1022.0	0.13696
1022.2	0.1317
1022.4	0.12664
1022.6	0.12211
1022.8	0.11775
1023.0	0.11354
1023.2	0.10949
1023.4	0.10558
1023.6	0.1025
1023.8	0.09948
1024.0	0.09655
1024.2	0.09371
1024.4	0.09095
1024.6	0.08827
1024.8	0.08587
1025.0	0.08382
1025.2	0.08183
1025.4	0.07988
1025.6	0.07798
1025.8	0.07612
1026.0	0.0744
1026.2	0.07283
1026.4	0.07129
1026.6	0.06977
1026.8	0.0683
1027.0	0.06685
1027.2	0.06561
1027.4	0.06465
1027.6	0.06371
1027.8	0.06279
1028.0	0.06187
1028.2	0.06098
1028.4	0.05986
1028.6	0.05919
1028.8	0.05853
1029.0	0.05788
1029.2	0.05723
1029.4	0.05659
1029.6	0.05603
1029.8	0.05551
1030.0	0.05499
1030.2	0.05448
1030.4	0.05397
1030.6	0.05346
1030.8	0.05302
1031.0	0.05272
1031.2	0.05243
1031.4	0.05214
1031.6	0.05185
1031.8	0.05156
1032.0	0.05103
1032.2	0.05096
1032.4	0.05089
1032.6	0.05082
1032.8	0.05075
1033.0	0.05068
1033.2	0.05084
1033.4	0.05088
1033.6	0.05093
1033.8	0.05097
1034.0	0.05101
1034.2	0.05105
1034.4	0.05137
1034.6	0.05167
1034.8	0.05197
1035.0	0.05228
1035.2	0.05258
1035.4	0.05289
1035.6	0.05344
1035.8	0.05395
1036.0	0.05447
1036.2	0.055
1036.4	0.05553
1036.6	0.05607
1036.8	0.05658
1037.0	0.05728
1037.2	0.05799
1037.4	0.05871
1037.6	0.05944
1037.8	0.06017
1038.0	0.06084
1038.2	0.06184
1038.4	0.06286
1038.6	0.06389
1038.8	0.06494
1039.0	0.06601
1039.2	0.06721
1039.4	0.06865
1039.6	0.07012
1039.8	0.07162
1040.0	0.07316
1040.2	0.07472
1040.4	0.07635
1040.6	0.07827
1040.8	0.08024
1041.0	0.08225
1041.2	0.08432
1041.4	0.08644
1041.6	0.08883
1041.8	0.09149
1042.0	0.09424
1042.2	0.09706
1042.4	0.09998
1042.6	0.10297
1042.8	0.10574
1043.0	0.10945
1043.2	0.11328
1043.4	0.11725
1043.6	0.12135
1043.8	0.1256
1044.0	0.13068
1044.2	0.13596
1044.4	0.14145
1044.6	0.14717
1044.8	0.15312
1045.0	0.1593
1045.2	0.16518
1045.4	0.17284
1045.6	0.18084
1045.8	0.18922
1046.0	0.19799
1046.2	0.20717
1046.4	0.21731
1046.6	0.22596
1046.8	0.23495
1047.0	0.2443
1047.2	0.25403
1047.4	0.26414
1047.6	0.27812
1047.8	0.2944
1048.0	0.31163
1048.2	0.32987
1048.4	0.34918
1048.6	0.36962
1048.8	0.39035
1049.0	0.41259
1049.2	0.4361
1049.4	0.46094
1049.6	0.48721
1049.8	0.51497
1050.0	0.54018
1050.2	0.56549
1050.4	0.59199
1050.6	0.61973
1050.8	0.64877
1051.0	0.67917
1051.2	0.70461
1051.4	0.72032
1051.6	0.73638
1051.8	0.7528
1052.0	0.76958
1052.2	0.78674
1052.4	0.79332
1052.6	0.78689
1052.8	0.78051
1053.0	0.77418
1053.2	0.76791
1053.4	0.76168
1053.6	0.74707
1053.8	0.72397
1054.0	0.70158
1054.2	0.67989
1054.4	0.65887
1054.6	0.63849
1054.8	0.61676
1055.0	0.59386
1055.2	0.57182
1055.4	0.55059
1055.6	0.53015
1055.8	0.51047
1056.0	0.49141
1056.2	0.47719
1056.4	0.46339
1056.6	0.44998
1056.8	0.43696
1057.0	0.42431
1057.2	0.40892
1057.4	0.39622
1057.6	0.38391
1057.8	0.37199
1058.0	0.36043
1058.2	0.34924
1058.4	0.34026
1058.6	0.33125
1058.8	0.32248
1059.0	0.31395
1059.2	0.30563
1059.4	0.29754
1059.6	0.29065
1059.8	0.28488
1060.0	0.27921
1060.2	0.27366
1060.4	0.26823
1060.6	0.2629
1060.8	0.25945
1061.0	0.25559
1061.2	0.25179
1061.4	0.24804
1061.6	0.24435
1061.8	0.24072
1062.0	0.23728
1062.2	0.23464
1062.4	0.23203
1062.6	0.22945
1062.8	0.2269
1063.0	0.22438
1063.2	0.22207
1063.4	0.22122
1063.6	0.22037
1063.8	0.21953
1064.0	0.21868
1064.2	0.21784
1064.4	0.2168
1064.6	0.2169
1064.8	0.217
1065.0	0.2171
1065.2	0.2172
1065.4	0.21731
1065.6	0.2174
1065.8	0.21806
1066.0	0.21871
1066.2	0.21937
1066.4	0.22003
1066.6	0.22069
1066.8	0.22175
1067.0	0.22423
1067.2	0.22675
1067.4	0.22929
1067.6	0.23186
1067.8	0.23446
1068.0	0.23574
1068.2	0.23898
1068.4	0.24226
1068.6	0.24558
1068.8	0.24895
1069.0	0.25237
1069.2	0.25655
1069.4	0.26179
1069.6	0.26714
1069.8	0.2726
1070.0	0.27817
1070.2	0.28385
1070.4	0.28967
1070.6	0.29665
1070.8	0.3038
1071.0	0.31112
1071.2	0.31862
1071.4	0.3263
1071.6	0.33218
1071.8	0.33585
1072.0	0.33956
1072.2	0.34332
1072.4	0.34711
1072.6	0.35095
1072.8	0.35971
1073.0	0.37076
1073.2	0.38215
1073.4	0.3939
1073.6	0.406
1073.8	0.41847
1074.0	0.43108
1074.2	0.44611
1074.4	0.46166
1074.6	0.47775
1074.8	0.49441
1075.0	0.51164
1075.2	0.53041
1075.4	0.54837
1075.6	0.56694
1075.8	0.58614
1076.0	0.60599
1076.2	0.62651
1076.4	0.64626
1076.6	0.66539
1076.8	0.6851
1077.0	0.70538
1077.2	0.72627
1077.4	0.74778
1077.6	0.76729
1077.8	0.78276
1078.0	0.79855
1078.2	0.81465
1078.4	0.83107
1078.6	0.84783
1078.8	0.8605
1079.0	0.86414
1079.2	0.86779
1079.4	0.87145
1079.6	0.87513
1079.8	0.87883
1080.0	0.88132
1080.2	0.87281
1080.4	0.86438
1080.6	0.85604
1080.8	0.84777
1081.0	0.83959
1081.2	0.8298
1081.4	0.81547
1081.6	0.79771
1081.8	0.7788
1082.0	0.76096
1082.2	0.74231
1082.4	0.72181
1082.6	0.7043
1082.8	0.68302
1083.0	0.66511
1083.2	0.64474
1083.4	0.62504
1083.6	0.60838
1083.8	0.58851
1084.0	0.57129
1084.2	0.55337
1084.4	0.5367
1084.6	0.52067
1084.8	0.505
1085.0	0.49022
1085.2	0.47553
1085.4	0.46197
1085.6	0.44755
1085.8	0.43584
1086.0	0.42248
1086.2	0.4119
1086.4	0.40056
1086.6	0.38998
1086.8	0.38043
1087.0	0.37018
1087.2	0.36174
1087.4	0.35274
1087.6	0.34498
1087.8	0.33709
1088.0	0.33016
1088.2	0.32242
1088.4	0.3162
1088.6	0.3099
1088.8	0.30387
1089.0	0.29868
1089.2	0.29257
1089.4	0.2884
1089.6	0.28296
1089.8	0.27806
1090.0	0.2736
1090.2	0.27297
1090.4	0.27234
1090.6	0.27171
1090.8	0.27109
1091.0	0.27046
1091.2	0.27033
1091.4	0.26725
1091.6	0.2648
1091.8	0.26317
1092.0	0.25898
1092.2	0.25732
1092.4	0.25569
1092.6	0.25388
1092.8	0.25219
1093.0	0.25085
1093.2	0.24927
1093.4	0.24821
1093.6	0.24623
1093.8	0.24516
1094.0	0.24431
1094.2	0.24353
1094.4	0.24318
1094.6	0.24357
1094.8	0.24204
1095.0	0.24127
1095.2	0.24202
1095.4	0.24201
1095.6	0.24188
1095.8	0.24212
1096.0	0.2426
1096.2	0.24392
1096.4	0.24554
1096.6	0.24633
1096.8	0.24673
1097.0	0.24719
1097.2	0.24838
1097.4	0.25006
1097.6	0.25172
1097.8	0.25269
1098.0	0.25497
1098.2	0.2572
1098.4	0.25928
1098.6	0.26205
1098.8	0.26399
1099.0	0.26813
1099.2	0.26928
1099.4	0.27283
1099.6	0.27532
1099.8	0.27919
1100.0	0.28243
1100.2	0.28275
1100.4	0.28308
1100.6	0.2834
1100.8	0.28372
1101.0	0.28405
1101.2	0.28492
1101.4	0.2906
1101.6	0.29478
1101.8	0.30003
1102.0	0.30587
1102.2	0.31102
1102.4	0.31616
1102.6	0.32223
1102.8	0.32893
1103.0	0.33476
1103.2	0.34151
1103.4	0.35019
1103.6	0.3565
1103.8	0.36373
1104.0	0.37244
1104.2	0.37954
1104.4	0.39009
1104.6	0.39784
1104.8	0.40844
1105.0	0.41696
1105.2	0.42774
1105.4	0.43812
1105.6	0.44894
1105.8	0.46005
1106.0	0.47195
1106.2	0.48354
1106.4	0.49644
1106.6	0.509
1106.8	0.52225
1107.0	0.53624
1107.2	0.54711
1107.4	0.56183
1107.6	0.57508
1107.8	0.58902
1108.0	0.60385
1108.2	0.61954
1108.4	0.63574
1108.6	0.64964
1108.8	0.66394
1109.0	0.68011
1109.2	0.69315
1109.4	0.70922
1109.6	0.72367
1109.8	0.73656
1110.0	0.74897
1110.2	0.76044
1110.4	0.77209
1110.6	0.78393
1110.8	0.79594
1111.0	0.80813
1111.2	0.82249
1111.4	0.82943
1111.6	0.83841
1111.8	0.84286
1112.0	0.84683
1112.2	0.85282
1112.4	0.85526
1112.6	0.85503
1112.8	0.85497
1113.0	0.85509
1113.2	0.85195
1113.4	0.84872
1113.6	0.84416
1113.8	0.83831
1114.0	0.83046
1114.2	0.82352
1114.4	0.81473
1114.6	0.80626
1114.8	0.79739
1115.0	0.78499
1115.2	0.77661
1115.4	0.7646
1115.6	0.75311
1115.8	0.73944
1116.0	0.72929
1116.2	0.71755
1116.4	0.70508
1116.6	0.69134
1116.8	0.67769
1117.0	0.66785
1117.2	0.65469
1117.4	0.64032
1117.6	0.62889
1117.8	0.61641
1118.0	0.60542
1118.2	0.58972
1118.4	0.58115
1118.6	0.5722
1118.8	0.55975
1119.0	0.5489
1119.2	0.53997
1119.4	0.52906
1119.6	0.51974
1119.8	0.50966
1120.0	0.50557
1120.2	0.49198
1120.4	0.48326
1120.6	0.47841
1120.8	0.46893
1121.0	0.4645
1121.2	0.45747
1121.4	0.45054
1121.6	0.44372
1121.8	0.437
1122.0	0.4304
1122.2	0.4245
1122.4	0.41868
1122.6	0.41294
1122.8	0.40728
1123.0	0.40173
1123.2	0.39682
1123.4	0.39197
1123.6	0.38718
1123.8	0.38245
1124.0	0.37782
1124.2	0.37435
1124.4	0.37091
1124.6	0.3675
1124.8	0.36412
1125.0	0.36079
1125.2	0.35817
1125.4	0.35558
1125.6	0.353
1125.8	0.35045
1126.0	0.34795
1126.2	0.34638
1126.4	0.34483
1126.6	0.34328
1126.8	0.34173
1127.0	0.34019
1127.2	0.33841
1127.4	0.33664
1127.6	0.33488
1127.8	0.33313
1128.0	0.3314
1128.2	0.33082
1128.4	0.33024
1128.6	0.32965
1128.8	0.32907
1129.0	0.32851
1129.2	0.32848
1129.4	0.32844
1129.6	0.3284
1129.8	0.32837
1130.0	0.32835
1130.2	0.32948
1130.4	0.33062
1130.6	0.33175
1130.8	0.33289
1131.0	0.33404
1131.2	0.33517
1131.4	0.3363
1131.6	0.33744
1131.8	0.33858
1132.0	0.33973
1132.2	0.3412
1132.4	0.34268
1132.6	0.34416
1132.8	0.34565
1133.0	0.34716
1133.2	0.3495
1133.4	0.35186
1133.6	0.35424
1133.8	0.35663
1134.0	0.35907
1134.2	0.36227
1134.4	0.3655
1134.6	0.36876
1134.8	0.37205
1135.0	0.37535
1135.2	0.37808
1135.4	0.38084
1135.6	0.38361
1135.8	0.38641
1136.0	0.38924
1136.2	0.39333
1136.4	0.39747
1136.6	0.40165
1136.8	0.40588
1137.0	0.41016
1137.2	0.41472
1137.4	0.41934
1137.6	0.42401
1137.8	0.42873
1138.0	0.43352
1138.2	0.43898
1138.4	0.44452
1138.6	0.45013
1138.8	0.4558
1139.0	0.46155
1139.2	0.4672
1139.4	0.47293
1139.6	0.47872
1139.8	0.48458
1140.0	0.49051
1140.2	0.49645
1140.4	0.50246
1140.6	0.50854
1140.8	0.5147
1141.0	0.52095
1141.2	0.52772
1141.4	0.53458
1141.6	0.54154
1141.8	0.54858
1142.0	0.55571
1142.2	0.56275
1142.4	0.56989
1142.6	0.57711
1142.8	0.58443
1143.0	0.59183
1143.2	0.59843
1143.4	0.6051
1143.6	0.61184
1143.8	0.61866
1144.0	0.62558
1144.2	0.63309
1144.4	0.64069
1144.6	0.64838
1144.8	0.65616
1145.0	0.664
1145.2	0.67089
1145.4	0.67784
1145.6	0.68487
1145.8	0.69197
1146.0	0.69912
1146.2	0.70546
1146.4	0.71185
1146.6	0.71829
1146.8	0.7248
1147.0	0.73136
1147.2	0.73774
1147.4	0.74417
1147.6	0.75066
1147.8	0.75721
1148.0	0.76374
1148.2	0.7686
1148.4	0.77349
1148.6	0.77841
1148.8	0.78337
1149.0	0.78834
1149.2	0.79314
1149.4	0.79796
1149.6	0.80282
1149.8	0.8077
1150.0	0.81259
1150.2	0.8164
1150.4	0.82022
1150.6	0.82406
1150.8	0.82791
1151.0	0.83178
1151.2	0.83493
1151.4	0.83809
1151.6	0.84126
1151.8	0.84445
1152.0	0.84764
1152.2	0.84977
1152.4	0.8519
1152.6	0.85404
1152.8	0.85618
1153.0	0.85831
1153.2	0.86016
1153.4	0.86202
1153.6	0.86388
1153.8	0.86574
1154.0	0.86758
1154.2	0.86882
1154.4	0.87007
1154.6	0.87132
1154.8	0.87257
1155.0	0.87382
1155.2	0.87527
1155.4	0.87672
1155.6	0.87817
1155.8	0.87962
1156.0	0.88106
1156.2	0.882
1156.4	0.88294
1156.6	0.88388
1156.8	0.88482
1157.0	0.88576
1157.2	0.88655
1157.4	0.88734
1157.6	0.88813
1157.8	0.88892
1158.0	0.88972
1158.2	0.89078
1158.4	0.89184
1158.6	0.8929
1158.8	0.89396
1159.0	0.89502
1159.2	0.89594
1159.4	0.89687
1159.6	0.89779
1159.8	0.89872
1160.0	0.89964
1160.2	0.9006
1160.4	0.90155
1160.6	0.90251
1160.8	0.90346
1161.0	0.90442
1161.2	0.90531
1161.4	0.9062
1161.6	0.9071
1161.8	0.90799
1162.0	0.90889
1162.2	0.90921
1162.4	0.90954
1162.6	0.90987
1162.8	0.9102
1163.0	0.91053
1163.2	0.9111
1163.4	0.91166
1163.6	0.91223
1163.8	0.91279
1164.0	0.91333
1164.2	0.91332
1164.4	0.91332
1164.6	0.91332
1164.8	0.91332
1165.0	0.9133
1165.2	0.913
1165.4	0.91269
1165.6	0.91238
1165.8	0.91208
1166.0	0.91177
1166.2	0.91065
1166.4	0.90954
1166.6	0.90842
1166.8	0.90731
1167.0	0.90619
1167.2	0.90486
1167.4	0.90354
1167.6	0.90221
1167.8	0.90089
1168.0	0.89957
1168.2	0.89719
1168.4	0.89482
1168.6	0.89245
1168.8	0.89009
1169.0	0.88772
1169.2	0.88495
1169.4	0.88219
1169.6	0.87943
1169.8	0.87669
1170.0	0.87395
1170.2	0.8701
1170.4	0.86628
1170.6	0.86247
1170.8	0.85868
1171.0	0.8549
1171.2	0.85084
1171.4	0.8468
1171.6	0.84278
1171.8	0.83878
1172.0	0.83478
1172.2	0.82996
1172.4	0.82517
1172.6	0.82041
1172.8	0.81568
1173.0	0.81097
1173.2	0.80633
1173.4	0.80171
1173.6	0.79712
1173.8	0.79256
1174.0	0.78798
1174.2	0.7823
1174.4	0.77665
1174.6	0.77104
1174.8	0.76548
1175.0	0.75998
1175.2	0.7552
1175.4	0.75046
1175.6	0.74574
1175.8	0.74106
1176.0	0.73636
1176.2	0.73081
1176.4	0.7253
1176.6	0.71983
1176.8	0.71441
1177.0	0.70906
1177.2	0.70443
1177.4	0.69984
1177.6	0.69527
1177.8	0.69073
1178.0	0.68621
1178.2	0.68117
1178.4	0.67616
1178.6	0.67119
1178.8	0.66626
1179.0	0.66137
1179.2	0.65701
1179.4	0.65267
1179.6	0.64836
1179.8	0.64409
1180.0	0.63986
1180.2	0.63653
1180.4	0.63322
1180.6	0.62993
1180.8	0.62665
1181.0	0.62336
1181.2	0.61908
1181.4	0.61484
1181.6	0.61063
1181.8	0.60644
1182.0	0.6023
1182.2	0.5999
1182.4	0.59751
1182.6	0.59512
1182.8	0.59275
1183.0	0.59037
1183.2	0.58749
1183.4	0.58461
1183.6	0.58175
1183.8	0.57891
1184.0	0.57609
1184.2	0.57361
1184.4	0.57115
1184.6	0.5687
1184.8	0.56626
1185.0	0.56389
1185.2	0.56303
1185.4	0.56217
1185.6	0.56131
1185.8	0.56045
1186.0	0.55958
1186.2	0.55765
1186.4	0.55573
1186.6	0.55381
1186.8	0.5519
1187.0	0.55004
1187.2	0.5495
1187.4	0.54896
1187.6	0.54842
1187.8	0.54789
1188.0	0.54737
1188.2	0.54739
1188.4	0.5474
1188.6	0.54741
1188.8	0.54743
1189.0	0.54743
1189.2	0.54673
1189.4	0.54602
1189.6	0.54532
1189.8	0.54462
1190.0	0.54396
1190.2	0.54504
1190.4	0.54612
1190.6	0.54721
1190.8	0.54829
1191.0	0.54939
1191.2	0.55059
1191.4	0.5518
1191.6	0.55301
1191.8	0.55422
1192.0	0.55542
1192.2	0.55595
1192.4	0.55648
1192.6	0.55701
1192.8	0.55754
1193.0	0.55814
1193.2	0.56014
1193.4	0.56215
1193.6	0.56418
1193.8	0.5662
1194.0	0.56824
1194.2	0.57062
1194.4	0.57301
1194.6	0.57541
1194.8	0.57782
1195.0	0.58021
1195.2	0.58183
1195.4	0.58345
1195.6	0.58508
1195.8	0.58671
1196.0	0.58835
1196.2	0.59103
1196.4	0.59371
1196.6	0.59642
1196.8	0.59913
1197.0	0.60188
1197.2	0.60536
1197.4	0.60886
1197.6	0.61238
1197.8	0.61592
1198.0	0.61948
1198.2	0.62207
1198.4	0.62468
1198.6	0.62729
1198.8	0.62992
1199.0	0.63256
1199.2	0.6351
1199.4	0.63765
1199.6	0.64022
1199.8	0.64279
1200.0	0.64544
1200.2	0.64926
1200.4	0.6531
1200.6	0.65696
1200.8	0.66085
1201.0	0.66475
1201.2	0.66825
1201.4	0.67176
1201.6	0.6753
1201.8	0.67885
1202.0	0.68241
1202.2	0.68508
1202.4	0.68776
1202.6	0.69045
1202.8	0.69316
1203.0	0.69587
1203.2	0.69879
1203.4	0.70173
1203.6	0.70467
1203.8	0.70763
1204.0	0.71061
1204.2	0.71405
1204.4	0.71752
1204.6	0.721
1204.8	0.7245
1205.0	0.72799
1205.2	0.73109
1205.4	0.7342
1205.6	0.73732
1205.8	0.74045
1206.0	0.74358
1206.2	0.74558
1206.4	0.74758
1206.6	0.74958
1206.8	0.75159
1207.0	0.75361
1207.2	0.75562
1207.4	0.75765
1207.6	0.75967
1207.8	0.76171
1208.0	0.76375
1208.2	0.76613
1208.4	0.76851
1208.6	0.77089
1208.8	0.77329
1209.0	0.77569
1209.2	0.77785
1209.4	0.78002
1209.6	0.7822
1209.8	0.78438
1210.0	0.78655
1210.2	0.78793
1210.4	0.78932
1210.6	0.79071
1210.8	0.79211
1211.0	0.7935
1211.2	0.7944
1211.4	0.7953
1211.6	0.7962
1211.8	0.7971
1212.0	0.79801
1212.2	0.79922
1212.4	0.80043
1212.6	0.80164
1212.8	0.80285
1213.0	0.80407
1213.2	0.80551
1213.4	0.80694
1213.6	0.80838
1213.8	0.80982
1214.0	0.81127
1214.2	0.81293
1214.4	0.8146
1214.6	0.81627
1214.8	0.81795
1215.0	0.81962
1215.2	0.8209
1215.4	0.82218
1215.6	0.82346
1215.8	0.82474
1216.0	0.82603
1216.2	0.82731
1216.4	0.8286
1216.6	0.82989
1216.8	0.83118
1217.0	0.83246
1217.2	0.83331
1217.4	0.83417
1217.6	0.83502
1217.8	0.83587
1218.0	0.83673
1218.2	0.83807
1218.4	0.8394
1218.6	0.84074
1218.8	0.84208
1219.0	0.84343
1219.2	0.84509
1219.4	0.84675
1219.6	0.84842
1219.8	0.85009
1220.0	0.85175
1220.2	0.85328
1220.4	0.85482
1220.6	0.85635
1220.8	0.85789
1221.0	0.85944
1221.2	0.86095
1221.4	0.86247
1221.6	0.86399
1221.8	0.86552
1222.0	0.86704
1222.2	0.86828
1222.4	0.86952
1222.6	0.87077
1222.8	0.87202
1223.0	0.87324
1223.2	0.87397
1223.4	0.8747
1223.6	0.87544
1223.8	0.87617
1224.0	0.87689
1224.2	0.87715
1224.4	0.87741
1224.6	0.87766
1224.8	0.87792
1225.0	0.87817
1225.2	0.8779
1225.4	0.87762
1225.6	0.87734
1225.8	0.87706
1226.0	0.87677
1226.2	0.87564
1226.4	0.87451
1226.6	0.87339
1226.8	0.87226
1227.0	0.87108
1227.2	0.86873
1227.4	0.86638
1227.6	0.86404
1227.8	0.8617
1228.0	0.85933
1228.2	0.85582
1228.4	0.85232
1228.6	0.84884
1228.8	0.84537
1229.0	0.84191
1229.2	0.83785
1229.4	0.83381
1229.6	0.8298
1229.8	0.8258
1230.0	0.82179
1230.2	0.81593
1230.4	0.81012
1230.6	0.80434
1230.8	0.79861
1231.0	0.79288
1231.2	0.78635
1231.4	0.77989
1231.6	0.77347
1231.8	0.76711
1232.0	0.76074
1232.2	0.75298
1232.4	0.74531
1232.6	0.73771
1232.8	0.73019
1233.0	0.72273
1233.2	0.71482
1233.4	0.70699
1233.6	0.69925
1233.8	0.6916
1234.0	0.68401
1234.2	0.67557
1234.4	0.66722
1234.6	0.65899
1234.8	0.65085
1235.0	0.64281
1235.2	0.63419
1235.4	0.6257
1235.6	0.61732
1235.8	0.60905
1236.0	0.60088
1236.2	0.59262
1236.4	0.58446
1236.6	0.57642
1236.8	0.56849
1237.0	0.56064
1237.2	0.55219
1237.4	0.54386
1237.6	0.53566
1237.8	0.52758
1238.0	0.51963
1238.2	0.51218
1238.4	0.50483
1238.6	0.49758
1238.8	0.49044
1239.0	0.48338
1239.2	0.47579
1239.4	0.46832
1239.6	0.46097
1239.8	0.45373
1240.0	0.44661
1240.2	0.44004
1240.4	0.43356
1240.6	0.42718
1240.8	0.4209
1241.0	0.41469
1241.2	0.40838
1241.4	0.40217
1241.6	0.39605
1241.8	0.39003
1242.0	0.38411
1242.2	0.37853
1242.4	0.37304
1242.6	0.36763
1242.8	0.3623
1243.0	0.35705
1243.2	0.35227
1243.4	0.34754
1243.6	0.34288
1243.8	0.33829
1244.0	0.33375
1244.2	0.3292
1244.4	0.32471
1244.6	0.32029
1244.8	0.31593
1245.0	0.31163
1245.2	0.30774
1245.4	0.3039
1245.6	0.30011
1245.8	0.29637
1246.0	0.29268
1246.2	0.28904
1246.4	0.28545
1246.6	0.2819
1246.8	0.2784
1247.0	0.27495
1247.2	0.27181
1247.4	0.2687
1247.6	0.26562
1247.8	0.26258
1248.0	0.25959
1248.2	0.2568
1248.4	0.25404
1248.6	0.25131
1248.8	0.24861
1249.0	0.24594
1249.2	0.24327
1249.4	0.24062
1249.6	0.238
1249.8	0.23541
1250.0	0.23285
1250.2	0.23056
1250.4	0.2283
1250.6	0.22606
1250.8	0.22383
1251.0	0.22165
1251.2	0.21973
1251.4	0.21782
1251.6	0.21593
1251.8	0.21406
1252.0	0.21222
1252.2	0.21066
1252.4	0.20912
1252.6	0.20759
1252.8	0.20607
1253.0	0.20457
1253.2	0.20344
1253.4	0.20233
1253.6	0.20121
1253.8	0.20011
1254.0	0.19901
1254.2	0.19805
1254.4	0.19709
1254.6	0.19613
1254.8	0.19518
1255.0	0.19424
1255.2	0.19338
1255.4	0.19252
1255.6	0.19166
1255.8	0.19081
1256.0	0.18996
1256.2	0.18911
1256.4	0.18826
1256.6	0.18741
1256.8	0.18657
1257.0	0.18573
1257.2	0.18507
1257.4	0.18441
1257.6	0.18374
1257.8	0.18308
1258.0	0.18243
1258.2	0.18187
1258.4	0.18131
1258.6	0.18075
1258.8	0.18019
1259.0	0.17964
1259.2	0.17944
1259.4	0.17924
1259.6	0.17905
1259.8	0.17885
1260.0	0.17865
1260.2	0.17884
1260.4	0.17903
1260.6	0.17921
1260.8	0.1794
1261.0	0.17959
1261.2	0.1799
1261.4	0.18021
1261.6	0.18052
1261.8	0.18083
1262.0	0.18114
1262.2	0.18138
1262.4	0.18161
1262.6	0.18185
1262.8	0.18208
1263.0	0.18232
1263.2	0.18243
1263.4	0.18255
1263.6	0.18266
1263.8	0.18278
1264.0	0.18291
1264.2	0.1834
1264.4	0.1839
1264.6	0.1844
1264.8	0.1849
1265.0	0.18542
1265.2	0.18653
1265.4	0.18765
1265.6	0.18877
1265.8	0.1899
1266.0	0.19103
1266.2	0.19224
1266.4	0.19345
1266.6	0.19468
1266.8	0.19591
1267.0	0.19713
1267.2	0.19816
1267.4	0.19919
1267.6	0.20022
1267.8	0.20126
1268.0	0.20231
1268.2	0.20345
1268.4	0.2046
1268.6	0.20576
1268.8	0.20692
1269.0	0.2081
1269.2	0.20974
1269.4	0.2114
1269.6	0.21307
1269.8	0.21475
1270.0	0.21646
1270.2	0.21887
1270.4	0.2213
1270.6	0.22377
1270.8	0.22625
1271.0	0.22876
1271.2	0.23112
1271.4	0.23349
1271.6	0.23589
1271.8	0.23832
1272.0	0.24076
1272.2	0.2428
1272.4	0.24485
1272.6	0.24693
1272.8	0.24902
1273.0	0.25114
1273.2	0.25398
1273.4	0.25685
1273.6	0.25975
1273.8	0.26269
1274.0	0.2657
1274.2	0.26972
1274.4	0.2738
1274.6	0.27794
1274.8	0.28214
1275.0	0.28639
1275.2	0.29023
1275.4	0.29411
1275.6	0.29805
1275.8	0.30204
1276.0	0.30608
1276.2	0.30956
1276.4	0.31308
1276.6	0.31664
1276.8	0.32025
1277.0	0.32392
1277.2	0.32882
1277.4	0.33379
1277.6	0.33884
1277.8	0.34396
1278.0	0.34918
1278.2	0.35541
1278.4	0.36176
1278.6	0.36822
1278.8	0.37479
1279.0	0.38142
1279.2	0.38679
1279.4	0.39223
1279.6	0.39776
1279.8	0.40336
1280.0	0.40905
1280.2	0.4152
1280.4	0.42145
1280.6	0.4278
1280.8	0.43424
1281.0	0.44079
1281.2	0.44893
1281.4	0.45723
1281.6	0.46568
1281.8	0.47428
1282.0	0.48303
1282.2	0.49158
1282.4	0.50028
1282.6	0.50913
1282.8	0.51814
1283.0	0.52727
1283.2	0.53384
1283.4	0.54048
1283.6	0.54721
1283.8	0.55403
1284.0	0.56102
1284.2	0.57028
1284.4	0.57969
1284.6	0.58926
1284.8	0.59899
1285.0	0.60887
1285.2	0.61829
1285.4	0.62785
1285.6	0.63756
1285.8	0.64742
1286.0	0.6573
1286.2	0.66453
1286.4	0.67184
1286.6	0.67923
1286.8	0.6867
1287.0	0.69424
1287.2	0.7014
1287.4	0.70863
1287.6	0.71593
1287.8	0.72331
1288.0	0.73076
1288.2	0.73804
1288.4	0.74539
1288.6	0.75282
1288.8	0.76032
1289.0	0.76777
1289.2	0.7715
1289.4	0.77525
1289.6	0.77902
1289.8	0.7828
1290.0	0.78658
1290.2	0.78878
1290.4	0.79098
1290.6	0.79319
1290.8	0.7954
1291.0	0.79758
1291.2	0.79872
1291.4	0.79987
1291.6	0.80101
1291.8	0.80216
1292.0	0.80328
1292.2	0.80162
1292.4	0.79996
1292.6	0.7983
1292.8	0.79665
1293.0	0.79493
1293.2	0.79093
1293.4	0.78696
1293.6	0.78301
1293.8	0.77907
1294.0	0.77516
1294.2	0.77123
1294.4	0.76732
1294.6	0.76343
1294.8	0.75956
1295.0	0.75567
1295.2	0.75018
1295.4	0.74474
1295.6	0.73933
1295.8	0.73397
1296.0	0.72852
1296.2	0.72081
1296.4	0.71318
1296.6	0.70563
1296.8	0.69816
1297.0	0.69083
1297.2	0.68548
1297.4	0.68017
1297.6	0.67491
1297.8	0.66969
1298.0	0.66442
1298.2	0.65752
1298.4	0.65068
1298.6	0.64392
1298.8	0.63722
1299.0	0.63058
1299.2	0.62327
1299.4	0.61604
1299.6	0.6089
1299.8	0.60184
1300.0	0.59497
1300.2	0.59044
1300.4	0.58595
1300.6	0.58149
1300.8	0.57707
1301.0	0.57264
1301.2	0.56554
1301.4	0.55852
1301.6	0.5516
1301.8	0.54476
1302.0	0.53809
1302.2	0.5338
1302.4	0.52954
1302.6	0.52532
1302.8	0.52113
1303.0	0.51697
1303.2	0.51264
1303.4	0.50835
1303.6	0.50409
1303.8	0.49987
1304.0	0.49566
1304.2	0.4906
1304.4	0.48559
1304.6	0.48064
1304.8	0.47573
1305.0	0.47099
1305.2	0.46885
1305.4	0.46673
1305.6	0.46461
1305.8	0.4625
1306.0	0.46034
1306.2	0.45563
1306.4	0.45096
1306.6	0.44634
1306.8	0.44177
1307.0	0.43736
1307.2	0.43622
1307.4	0.43508
1307.6	0.43395
1307.8	0.43282
1308.0	0.43167
1308.2	0.42783
1308.4	0.42402
1308.6	0.42024
1308.8	0.4165
1309.0	0.41288
1309.2	0.41215
1309.4	0.41142
1309.6	0.41069
1309.8	0.40996
1310.0	0.40915
1310.2	0.40671
1310.4	0.40429
1310.6	0.40188
1310.8	0.39948
1311.0	0.39713
1311.2	0.39631
1311.4	0.39549
1311.6	0.39468
1311.8	0.39386
1312.0	0.39304
1312.2	0.39198
1312.4	0.39093
1312.6	0.38988
1312.8	0.38883
1313.0	0.38781
1313.2	0.38723
1313.4	0.38666
1313.6	0.38608
1313.8	0.38551
1314.0	0.38494
1314.2	0.38472
1314.4	0.3845
1314.6	0.38429
1314.8	0.38407
1315.0	0.38386
1315.2	0.38366
1315.4	0.38347
1315.6	0.38328
1315.8	0.38309
1316.0	0.38293
1316.2	0.38347
1316.4	0.38402
1316.6	0.38456
1316.8	0.3851
1317.0	0.38564
1317.2	0.3856
1317.4	0.38555
1317.6	0.38551
1317.8	0.38547
1318.0	0.38546
1318.2	0.38653
1318.4	0.38759
1318.6	0.38866
1318.8	0.38974
1319.0	0.39079
1319.2	0.39137
1319.4	0.39195
1319.6	0.39254
1319.8	0.39312
1320.0	0.39372
1320.2	0.39515
1320.4	0.39658
1320.6	0.39802
1320.8	0.39947
1321.0	0.4009
1321.2	0.40197
1321.4	0.40304
1321.6	0.40412
1321.8	0.4052
1322.0	0.4063
1322.2	0.40777
1322.4	0.40925
1322.6	0.41073
1322.8	0.41222
1323.0	0.41372
1323.2	0.41595
1323.4	0.4182
1323.6	0.42045
1323.8	0.42272
1324.0	0.42497
1324.2	0.42626
1324.4	0.42755
1324.6	0.42885
1324.8	0.43016
1325.0	0.43155
1325.2	0.43471
1325.4	0.4379
1325.6	0.4411
1325.8	0.44434
1326.0	0.44756
1326.2	0.44887
1326.4	0.45018
1326.6	0.4515
1326.8	0.45282
1327.0	0.45422
1327.2	0.45831
1327.4	0.46244
1327.6	0.46661
1327.8	0.47081
1328.0	0.47496
1328.2	0.4768
1328.4	0.47866
1328.6	0.48052
1328.8	0.48239
1329.0	0.48431
1329.2	0.48891
1329.4	0.49356
1329.6	0.49825
1329.8	0.50299
1330.0	0.50771
1330.2	0.51025
1330.4	0.51281
1330.6	0.51538
1330.8	0.51796
1331.0	0.52061
1331.2	0.52455
1331.4	0.52852
1331.6	0.53252
1331.8	0.53655
1332.0	0.54061
1332.2	0.54499
1332.4	0.5494
1332.6	0.55385
1332.8	0.55833
1333.0	0.56282
1333.2	0.56595
1333.4	0.5691
1333.6	0.57227
1333.8	0.57545
1334.0	0.57873
1334.2	0.58409
1334.4	0.58949
1334.6	0.59495
1334.8	0.60045
1335.0	0.606
1335.2	0.60921
1335.4	0.61243
1335.6	0.61567
1335.8	0.61893
1336.0	0.62225
1336.2	0.62786
1336.4	0.63353
1336.6	0.63924
1336.8	0.64501
1337.0	0.65077
1337.2	0.65505
1337.4	0.65936
1337.6	0.6637
1337.8	0.66806
1338.0	0.67244
1338.2	0.67661
1338.4	0.6808
1338.6	0.68501
1338.8	0.68925
1339.0	0.69354
1339.2	0.69934
1339.4	0.70518
1339.6	0.71107
1339.8	0.71701
1340.0	0.72294
1340.2	0.72675
1340.4	0.73058
1340.6	0.73444
1340.8	0.73831
1341.0	0.74224
1341.2	0.74716
1341.4	0.75211
1341.6	0.75709
1341.8	0.76211
1342.0	0.76715
1342.2	0.77193
1342.4	0.77674
1342.6	0.78158
1342.8	0.78645
1343.0	0.79132
1343.2	0.79506
1343.4	0.79881
1343.6	0.80258
1343.8	0.80637
1344.0	0.81021
1344.2	0.81483
1344.4	0.81947
1344.6	0.82414
1344.8	0.82884
1345.0	0.83355
1345.2	0.83723
1345.4	0.84093
1345.6	0.84464
1345.8	0.84837
1346.0	0.85211
1346.2	0.8556
1346.4	0.8591
1346.6	0.86262
1346.8	0.86616
1347.0	0.86974
1347.2	0.87413
1347.4	0.87855
1347.6	0.88299
1347.8	0.88745
1348.0	0.89191
1348.2	0.89405
1348.4	0.8962
1348.6	0.89835
1348.8	0.9005
1349.0	0.90265
1349.2	0.90425
1349.4	0.90586
1349.6	0.90746
1349.8	0.90907
1350.0	0.91077
1350.2	0.91456
1350.4	0.91837
1350.6	0.92219
1350.8	0.92603
1351.0	0.92983
1351.2	0.93001
1351.4	0.93019
1351.6	0.93038
1351.8	0.93056
1352.0	0.93082
1352.2	0.93383
1352.4	0.93684
1352.6	0.93986
1352.8	0.94289
1353.0	0.94583
1353.2	0.94675
1353.4	0.94767
1353.6	0.94859
1353.8	0.94952
1354.0	0.95045
1354.2	0.95188
1354.4	0.95332
1354.6	0.95476
1354.8	0.9562
1355.0	0.95763
1355.2	0.95839
1355.4	0.95915
1355.6	0.95992
1355.8	0.96068
1356.0	0.96144
1356.2	0.96133
1356.4	0.96123
1356.6	0.96112
1356.8	0.96101
1357.0	0.96092
1357.2	0.96166
1357.4	0.9624
1357.6	0.96314
1357.8	0.96387
1358.0	0.96445
1358.2	0.96045
1358.4	0.95648
1358.6	0.95252
1358.8	0.94857
1359.0	0.94471
1359.2	0.94764
1359.4	0.95058
1359.6	0.95353
1359.8	0.95648
1360.0	0.95937
1360.2	0.95979
1360.4	0.96021
1360.6	0.96063
1360.8	0.96105
1361.0	0.96148
1361.2	0.96339
1361.4	0.96531
1361.6	0.96723
1361.8	0.96916
1362.0	0.97093
1362.2	0.96675
1362.4	0.96259
1362.6	0.95845
1362.8	0.95433
1363.0	0.9503
1363.2	0.94808
1363.4	0.94587
1363.6	0.94367
1363.8	0.94147
1364.0	0.93932
1364.2	0.93934
1364.4	0.93936
1364.6	0.93938
1364.8	0.9394
1365.0	0.9394
1365.2	0.93897
1365.4	0.93855
1365.6	0.93812
1365.8	0.93769
1366.0	0.93725
1366.2	0.93572
1366.4	0.9342
1366.6	0.93268
1366.8	0.93116
1367.0	0.92967
1367.2	0.92893
1367.4	0.9282
1367.6	0.92746
1367.8	0.92672
1368.0	0.92598
1368.2	0.92536
1368.4	0.92474
1368.6	0.92412
1368.8	0.9235
1369.0	0.92286
1369.2	0.92146
1369.4	0.92006
1369.6	0.91866
1369.8	0.91727
1370.0	0.91588
1370.2	0.91449
1370.4	0.91311
1370.6	0.91173
1370.8	0.91035
1371.0	0.90897
1371.2	0.90715
1371.4	0.90533
1371.6	0.90352
1371.8	0.90171
1372.0	0.89994
1372.2	0.90094
1372.4	0.90194
1372.6	0.90295
1372.8	0.90395
1373.0	0.90487
1373.2	0.90333
1373.4	0.90179
1373.6	0.90026
1373.8	0.89873
1374.0	0.89722
1374.2	0.89699
1374.4	0.89675
1374.6	0.89652
1374.8	0.89629
1375.0	0.89607
1375.2	0.89599
1375.4	0.89591
1375.6	0.89583
1375.8	0.89575
1376.0	0.89562
1376.2	0.89309
1376.4	0.89056
1376.6	0.88805
1376.8	0.88554
1377.0	0.88345
1377.2	0.89
1377.4	0.89661
1377.6	0.90326
1377.8	0.90997
1378.0	0.91638
1378.2	0.90956
1378.4	0.90279
1378.6	0.89607
1378.8	0.8894
1379.0	0.88405
1379.2	0.90306
1379.4	0.92249
1379.6	0.94233
1379.8	0.9626
1380.0	0.98202
1380.2	0.96027
1380.4	0.93901
1380.6	0.91822
1380.8	0.89789
1381.0	0.8784
1381.2	0.8986
1381.4	0.91927
1381.6	0.94041
1381.8	0.96204
1382.0	0.98242
1382.2	0.96138
1382.4	0.9408
1382.6	0.92066
1382.8	0.90094
1383.0	0.88221
1383.2	0.88157
1383.4	0.88094
1383.6	0.88031
1383.8	0.87967
1384.0	0.87902
1384.2	0.87678
1384.4	0.87455
1384.6	0.87232
1384.8	0.8701
1385.0	0.86802
1385.2	0.86934
1385.4	0.87067
1385.6	0.87199
1385.8	0.87332
1386.0	0.87467
1386.2	0.8769
1386.4	0.87913
1386.6	0.88137
1386.8	0.88361
1387.0	0.88583
1387.2	0.88609
1387.4	0.88635
1387.6	0.88662
1387.8	0.88688
1388.0	0.8871
1388.2	0.88649
1388.4	0.88588
1388.6	0.88528
1388.8	0.88467
1389.0	0.8841
1389.2	0.88476
1389.4	0.88542
1389.6	0.88608
1389.8	0.88674
1390.0	0.88742
1390.2	0.8887
1390.4	0.88998
1390.6	0.89127
1390.8	0.89256
1391.0	0.89385
1391.2	0.89558
1391.4	0.89731
1391.6	0.89905
1391.8	0.90078
1392.0	0.90235
1392.2	0.90018
1392.4	0.89802
1392.6	0.89587
1392.8	0.89372
1393.0	0.89166
1393.2	0.89252
1393.4	0.89339
1393.6	0.89425
1393.8	0.89512
1394.0	0.89594
1394.2	0.89496
1394.4	0.89399
1394.6	0.89302
1394.8	0.89205
1395.0	0.89106
1395.2	0.88942
1395.4	0.88778
1395.6	0.88614
1395.8	0.88451
1396.0	0.88289
1396.2	0.88433
1396.4	0.88577
1396.6	0.88722
1396.8	0.88866
1397.0	0.89005
1397.2	0.89021
1397.4	0.89036
1397.6	0.89051
1397.8	0.89067
1398.0	0.89087
1398.2	0.89229
1398.4	0.8937
1398.6	0.89513
1398.8	0.89655
1399.0	0.89802
1399.2	0.90094
1399.4	0.90388
1399.6	0.90682
1399.8	0.90977
1400.0	0.91255
1400.2	0.90641
1400.4	0.90032
1400.6	0.89426
1400.8	0.88825
1401.0	0.88238
1401.2	0.88163
1401.4	0.88089
1401.6	0.88014
1401.8	0.8794
1402.0	0.87865
1402.2	0.8777
1402.4	0.87675
1402.6	0.87581
1402.8	0.87486
1403.0	0.87391
1403.2	0.87264
1403.4	0.87137
1403.6	0.8701
1403.8	0.86883
1404.0	0.86756
1404.2	0.86598
1404.4	0.8644
1404.6	0.86282
1404.8	0.86125
1405.0	0.85967
1405.2	0.85744
1405.4	0.85522
1405.6	0.853
1405.8	0.85079
1406.0	0.84861
1406.2	0.84779
1406.4	0.84697
1406.6	0.84616
1406.8	0.84534
1407.0	0.84451
1407.2	0.84152
1407.4	0.83854
1407.6	0.83557
1407.8	0.83261
1408.0	0.82966
1408.2	0.8269
1408.4	0.82416
1408.6	0.82142
1408.8	0.81869
1409.0	0.81598
1409.2	0.81419
1409.4	0.81241
1409.6	0.81063
1409.8	0.80885
1410.0	0.80707
1410.2	0.80445
1410.4	0.80185
1410.6	0.79925
1410.8	0.79665
1411.0	0.79408
1411.2	0.79182
1411.4	0.78958
1411.6	0.78733
1411.8	0.7851
1412.0	0.78285
1412.2	0.77985
1412.4	0.77686
1412.6	0.77389
1412.8	0.77092
1413.0	0.768
1413.2	0.76612
1413.4	0.76425
1413.6	0.76238
1413.8	0.76052
1414.0	0.75858
1414.2	0.75393
1414.4	0.74931
1414.6	0.74471
1414.8	0.74015
1415.0	0.73569
1415.2	0.73307
1415.4	0.73046
1415.6	0.72786
1415.8	0.72527
1416.0	0.72272
1416.2	0.7209
1416.4	0.71909
1416.6	0.71728
1416.8	0.71547
1417.0	0.71356
1417.2	0.70957
1417.4	0.7056
1417.6	0.70166
1417.8	0.69774
1418.0	0.69384
1418.2	0.69009
1418.4	0.68636
1418.6	0.68266
1418.8	0.67897
1419.0	0.67533
1419.2	0.6728
1419.4	0.67028
1419.6	0.66777
1419.8	0.66526
1420.0	0.66278
1420.2	0.6604
1420.4	0.65803
1420.6	0.65567
1420.8	0.65332
1421.0	0.65095
1421.2	0.64769
1421.4	0.64444
1421.6	0.64121
1421.8	0.638
1422.0	0.63489
1422.2	0.63351
1422.4	0.63214
1422.6	0.63077
1422.8	0.62941
1423.0	0.62801
1423.2	0.62467
1423.4	0.62136
1423.6	0.61807
1423.8	0.61479
1424.0	0.61153
1424.2	0.60867
1424.4	0.60581
1424.6	0.60297
1424.8	0.60014
1425.0	0.59737
1425.2	0.5956
1425.4	0.59383
1425.6	0.59207
1425.8	0.59031
1426.0	0.58855
1426.2	0.58599
1426.4	0.58345
1426.6	0.58092
1426.8	0.5784
1427.0	0.57591
1427.2	0.57443
1427.4	0.57297
1427.6	0.5715
1427.8	0.57004
1428.0	0.56858
1428.2	0.56694
1428.4	0.56531
1428.6	0.56369
1428.8	0.56207
1429.0	0.56043
1429.2	0.55847
1429.4	0.55652
1429.6	0.55457
1429.8	0.55263
1430.0	0.55068
1430.2	0.54802
1430.4	0.54537
1430.6	0.54274
1430.8	0.54012
1431.0	0.53757
1431.2	0.5368
1431.4	0.53603
1431.6	0.53527
1431.8	0.5345
1432.0	0.53373
1432.2	0.53259
1432.4	0.53145
1432.6	0.53032
1432.8	0.52919
1433.0	0.52806
1433.2	0.5269
1433.4	0.52576
1433.6	0.52461
1433.8	0.52347
1434.0	0.52236
1434.2	0.52186
1434.4	0.52137
1434.6	0.52088
1434.8	0.52039
1435.0	0.51989
1435.2	0.51902
1435.4	0.51815
1435.6	0.51728
1435.8	0.51641
1436.0	0.51549
1436.2	0.51342
1436.4	0.51135
1436.6	0.50929
1436.8	0.50724
1437.0	0.50524
1437.2	0.50598
1437.4	0.50672
1437.6	0.50747
1437.8	0.50821
1438.0	0.50892
1438.2	0.50853
1438.4	0.50814
1438.6	0.50775
1438.8	0.50736
1439.0	0.50697
1439.2	0.50634
1439.4	0.50572
1439.6	0.5051
1439.8	0.50447
1440.0	0.50386
1440.2	0.50375
1440.4	0.50364
1440.6	0.50353
1440.8	0.50341
1441.0	0.5033
1441.2	0.50246
1441.4	0.50163
1441.6	0.50081
1441.8	0.49998
1442.0	0.4992
1442.2	0.49988
1442.4	0.50056
1442.6	0.50125
1442.8	0.50193
1443.0	0.50261
1443.2	0.5028
1443.4	0.50298
1443.6	0.50317
1443.8	0.50335
1444.0	0.50357
1444.2	0.5049
1444.4	0.50624
1444.6	0.50759
1444.8	0.50893
1445.0	0.51026
1445.2	0.50934
1445.4	0.50842
1445.6	0.5075
1445.8	0.50658
1446.0	0.50572
1446.2	0.50643
1446.4	0.50713
1446.6	0.50784
1446.8	0.50855
1447.0	0.50926
1447.2	0.50967
1447.4	0.51008
1447.6	0.51048
1447.8	0.51089
1448.0	0.51132
1448.2	0.51225
1448.4	0.51318
1448.6	0.5141
1448.8	0.51504
1449.0	0.51597
1449.2	0.51703
1449.4	0.5181
1449.6	0.51916
1449.8	0.52023
1450.0	0.5213
1450.2	0.5223
1450.4	0.52331
1450.6	0.52432
1450.8	0.52534
1451.0	0.52636
1451.2	0.52763
1451.4	0.52892
1451.6	0.5302
1451.8	0.53149
1452.0	0.53278
1452.2	0.53404
1452.4	0.53531
1452.6	0.53657
1452.8	0.53784
1453.0	0.53911
1453.2	0.54022
1453.4	0.54134
1453.6	0.54245
1453.8	0.54357
1454.0	0.5447
1454.2	0.54603
1454.4	0.54736
1454.6	0.54869
1454.8	0.55003
1455.0	0.55137
1455.2	0.5527
1455.4	0.55404
1455.6	0.55538
1455.8	0.55672
1456.0	0.55806
1456.2	0.55906
1456.4	0.56006
1456.6	0.56106
1456.8	0.56207
1457.0	0.56308
1457.2	0.56488
1457.4	0.56668
1457.6	0.5685
1457.8	0.57031
1458.0	0.57214
1458.2	0.57393
1458.4	0.57572
1458.6	0.57752
1458.8	0.57932
1459.0	0.58114
1459.2	0.58318
1459.4	0.58524
1459.6	0.5873
1459.8	0.58936
1460.0	0.59145
1460.2	0.5939
1460.4	0.59635
1460.6	0.59882
1460.8	0.60129
1461.0	0.60376
1461.2	0.60546
1461.4	0.60717
1461.6	0.60889
1461.8	0.61061
1462.0	0.61234
1462.2	0.61442
1462.4	0.61652
1462.6	0.61862
1462.8	0.62073
1463.0	0.62281
1463.2	0.62425
1463.4	0.62568
1463.6	0.62713
1463.8	0.62857
1464.0	0.63003
1464.2	0.63173
1464.4	0.63345
1464.6	0.63517
1464.8	0.63689
1465.0	0.63863
1465.2	0.64151
1465.4	0.6444
1465.6	0.6473
1465.8	0.65021
1466.0	0.65309
1466.2	0.6549
1466.4	0.65671
1466.6	0.65853
1466.8	0.66035
1467.0	0.66222
1467.2	0.66532
1467.4	0.66844
1467.6	0.67158
1467.8	0.67472
1468.0	0.67787
1468.2	0.67978
1468.4	0.6817
1468.6	0.68363
1468.8	0.68556
1469.0	0.68747
1469.2	0.68875
1469.4	0.69004
1469.6	0.69132
1469.8	0.69261
1470.0	0.69393
1470.2	0.69619
1470.4	0.69847
1470.6	0.70074
1470.8	0.70303
1471.0	0.70533
1471.2	0.70788
1471.4	0.71043
1471.6	0.713
1471.8	0.71557
1472.0	0.71817
1472.2	0.72101
1472.4	0.72386
1472.6	0.72672
1472.8	0.7296
1473.0	0.73248
1473.2	0.73517
1473.4	0.73787
1473.6	0.74058
1473.8	0.74329
1474.0	0.74601
1474.2	0.74734
1474.4	0.74868
1474.6	0.75002
1474.8	0.75136
1475.0	0.75273
1475.2	0.75488
1475.4	0.75704
1475.6	0.7592
1475.8	0.76138
1476.0	0.76352
1476.2	0.76452
1476.4	0.76552
1476.6	0.76652
1476.8	0.76752
1477.0	0.76854
1477.2	0.77231
1477.4	0.77608
1477.6	0.77988
1477.8	0.7837
1478.0	0.78747
1478.2	0.78969
1478.4	0.7919
1478.6	0.79413
1478.8	0.79636
1479.0	0.79856
1479.2	0.79956
1479.4	0.80057
1479.6	0.80157
1479.8	0.80257
1480.0	0.80358
1480.2	0.80456
1480.4	0.80555
1480.6	0.80654
1480.8	0.80753
1481.0	0.80858
1481.2	0.81114
1481.4	0.81371
1481.6	0.81629
1481.8	0.81888
1482.0	0.82148
1482.2	0.82417
1482.4	0.82687
1482.6	0.82958
1482.8	0.8323
1483.0	0.83496
1483.2	0.83646
1483.4	0.83796
1483.6	0.83946
1483.8	0.84096
1484.0	0.84247
1484.2	0.84405
1484.4	0.84564
1484.6	0.84723
1484.8	0.84882
1485.0	0.85039
1485.2	0.85067
1485.4	0.85095
1485.6	0.85122
1485.8	0.8515
1486.0	0.85189
1486.2	0.85492
1486.4	0.85795
1486.6	0.861
1486.8	0.86405
1487.0	0.86708
1487.2	0.86837
1487.4	0.86967
1487.6	0.87098
1487.8	0.87228
1488.0	0.87357
1488.2	0.87391
1488.4	0.87425
1488.6	0.87459
1488.8	0.87492
1489.0	0.87528
1489.2	0.87624
1489.4	0.87721
1489.6	0.87817
1489.8	0.87913
1490.0	0.88012
1490.2	0.88177
1490.4	0.88342
1490.6	0.88507
1490.8	0.88673
1491.0	0.88837
1491.2	0.88957
1491.4	0.89078
1491.6	0.89199
1491.8	0.8932
1492.0	0.8944
1492.2	0.89486
1492.4	0.89532
1492.6	0.89578
1492.8	0.89624
1493.0	0.8967
1493.2	0.89761
1493.4	0.89852
1493.6	0.89944
1493.8	0.90035
1494.0	0.90127
1494.2	0.9024
1494.4	0.90354
1494.6	0.90467
1494.8	0.90581
1495.0	0.90694
1495.2	0.90761
1495.4	0.90827
1495.6	0.90893
1495.8	0.9096
1496.0	0.91023
1496.2	0.91005
1496.4	0.90987
1496.6	0.9097
1496.8	0.90952
1497.0	0.90936
1497.2	0.91023
1497.4	0.91109
1497.6	0.91195
1497.8	0.91282
1498.0	0.91366
1498.2	0.91414
1498.4	0.91461
1498.6	0.91509
1498.8	0.91556
1499.0	0.91602
1499.2	0.91573
1499.4	0.91545
1499.6	0.91516
1499.8	0.91487
1500.0	0.91459
