350	0.000356418
350.2	0.00054083
350.4	0.000809945
350.6	0.000853357
350.8	0.000519204
351	0.000284201
351.2	0.000201226
351.4	0.000211012
351.6	0.000254136
351.8	0.000135689
352	6.32886E-05
352.2	5.41558E-05
352.4	4.49299E-05
352.6	4.70499E-05
352.8	7.57986E-05
353	0.000183976
353.2	0.000383903
353.4	0.000285665
353.6	0.000241164
353.8	0.000308825
354	0.000582194
354.2	0.001275535
354.4	0.001068049
354.6	0.000468384
354.8	0.000236575
355	0.000138855
355.2	9.70357E-05
355.4	0.00010421
355.6	9.70824E-05
355.8	0.000108547
356	0.000160346
356.2	6.44084E-05
356.4	2.99276E-05
356.6	2.07949E-05
356.8	5.58608E-06
357	2.98858E-06
357.2	2.98465E-06
357.4	4.08276E-06
357.6	7.33683E-06
357.8	1.74687E-05
358	5.68615E-05
358.2	0.000268743
358.4	0.001863333
358.6	0.005873574
358.8	0.005461019
359	0.005914294
359.2	0.006390112
359.4	0.005026258
359.6	0.003235774
359.8	0.002306629
360	0.002173467
360.2	0.003078216
360.4	0.007150768
360.6	0.007095316
360.8	0.002475429
361	0.001919385
361.2	0.001487272
361.4	0.001551291
361.6	0.002133263
361.8	0.004584137
362	0.010094419
362.2	0.01270833
362.4	0.011938054
362.6	0.015016359
362.8	0.022764622
363	0.010337371
363.2	0.003476854
363.4	0.004200781
363.6	0.004230122
363.8	0.006991901
364	0.009078736
364.2	0.00472265
364.4	0.000575644
364.6	0.00025891
364.8	0.000262385
365	0.000517267
365.2	0.001215435
365.4	0.000321977
365.6	3.66656E-05
365.8	6.96997E-06
366	2.14598E-06
366.2	9.61182E-07
366.4	5.93449E-07
366.6	6.69895E-07
366.8	7.68734E-07
367	5.9735E-07
367.2	9.49304E-07
367.4	1.98237E-06
367.6	5.52216E-06
367.8	2.16085E-05
368	0.000129881
368.2	0.001388228
368.4	0.024532
368.6	0.057010972
368.8	0.077223977
369	0.078367725
369.2	0.029697773
369.4	0.019051725
369.6	0.022999669
369.8	0.053795532
370	0.027127456
370.2	0.005867808
370.4	0.003164508
370.6	0.001420756
370.8	0.001065198
371	0.000916714
371.2	0.000757426
371.4	0.000571479
371.6	0.000424567
371.8	0.000350179
372	0.000352816
372.2	0.00046343
372.4	0.0008344
372.6	0.002154419
372.8	0.007974311
373	0.030775283
373.2	0.037883414
373.4	0.011852314
373.6	0.003288827
373.8	0.001393088
374	0.001046873
374.2	0.001606599
374.4	0.005321015
374.6	0.001564469
374.8	8.75479E-05
375	9.97409E-06
375.2	2.00282E-06
375.4	7.27542E-07
375.6	1.07726E-05
375.8	1.5977E-07
376	7.09897E-08
376.2	5.07919E-08
376.4	4.39439E-08
376.6	4.48877E-08
376.8	5.38625E-08
377	7.5988E-08
377.2	1.26716E-07
377.4	2.52341E-07
377.6	6.09955E-07
377.8	1.83456E-06
378	7.12734E-06
378.2	3.7855E-05
378.4	0.000299314
378.6	0.003923057
378.8	0.069347957
379	0.20291889
379.2	0.153386534
379.4	0.051950887
379.6	0.024656194
379.8	0.019008877
380	0.020521884
380.2	0.02502238
380.4	0.023644206
380.6	0.015721636
380.8	0.00901838
381	0.005241219
381.2	0.003217932
381.4	0.00212177
381.6	0.001565027
381.8	0.001372335
382	0.001531209
382.2	0.002310365
382.4	0.004674729
382.6	0.009410475
382.8	0.01173129
383	0.006810932
383.2	0.001377725
383.4	0.000213285
383.6	4.38235E-05
383.8	1.29231E-05
384	5.34526E-06
384.2	3.05218E-06
384.4	2.39005E-06
384.6	2.59344E-06
384.8	3.88336E-06
385	6.73019E-06
385.2	6.61781E-06
385.4	2.33142E-06
385.6	6.4243E-07
385.8	2.30106E-07
386	1.17564E-07
386.2	8.6985E-08
386.4	9.7398E-08
386.6	1.8882E-07
386.8	9.45223E-07
387	4.15415E-05
387.2	2.03166E-06
387.4	7.82683E-08
387.6	1.19243E-08
387.8	3.47273E-09
388	1.52311E-09
388.2	9.11097E-10
388.4	7.11028E-10
388.6	7.12596E-10
388.8	9.21167E-10
389	1.5732E-09
389.2	3.72804E-09
389.4	1.3355E-08
389.6	8.17255E-08
389.8	7.62345E-07
390	1.97632E-06
390.2	1.35704E-06
390.4	2.28002E-06
390.6	3.78003E-05
390.8	4.78586E-05
391	8.17968E-07
391.2	1.11402E-07
391.4	8.09919E-09
391.6	7.73887E-10
391.8	1.39419E-10
392	4.28962E-11
392.2	2.24187E-11
392.4	2.35635E-11
392.6	1.04122E-10
392.8	5.77052E-08
393	3.54368E-12
393.2	8.50221E-14
393.4	6.17828E-15
393.6	7.51816E-16
393.8	1.25382E-16
394	2.6087E-17
394.2	6.42496E-18
394.4	1.81267E-18
394.6	5.72979E-19
394.8	1.99732E-19
395	7.58767E-20
395.2	3.11279E-20
395.4	1.36907E-20
395.6	6.41771E-21
395.8	3.19086E-21
396	1.67589E-21
396.2	9.26601E-22
396.4	5.37737E-22
396.6	3.26715E-22
396.8	2.0736E-22
397	1.37213E-22
397.2	9.44999E-23
397.4	6.76361E-23
397.6	5.02404E-23
397.8	3.86844E-23
398	3.08437E-23
398.2	2.54408E-23
398.4	2.16902E-23
398.6	1.91003E-23
398.8	1.73607E-23
399	1.62776E-23
399.2	1.57356E-23
399.4	1.56766E-23
399.6	1.60888E-23
399.8	1.70042E-23
400	1.85022E-23
400.2	2.07221E-23
400.4	2.38839E-23
400.6	2.83262E-23
400.8	3.45658E-23
401	4.33979E-23
401.2	5.60612E-23
401.4	7.45173E-23
401.6	1.01931E-22
401.8	1.43509E-22
402	2.08007E-22
402.2	3.10469E-22
402.4	4.77363E-22
402.6	7.56386E-22
402.8	1.23568E-21
403	2.08242E-21
403.2	3.62245E-21
403.4	6.50897E-21
403.6	1.20906E-20
403.8	2.32382E-20
404	4.62617E-20
404.2	9.55015E-20
404.4	2.0471E-19
404.6	4.56303E-19
404.8	1.05947E-18
405	2.5673E-18
405.2	6.50705E-18
405.4	1.72946E-17
405.6	4.83435E-17
405.8	1.42612E-16
406	4.4578E-16
406.2	1.4836E-15
406.4	5.28749E-15
406.6	2.03222E-14
406.8	8.49673E-14
407	3.90697E-13
407.2	2.00374E-12
407.4	1.16767E-11
407.6	7.92937E-11
407.8	6.50293E-10
408	6.79137E-09
408.2	9.83859E-08
408.4	2.35294E-06
408.6	0.000199396
408.8	0.00063324
409	0.000609682
409.2	0.001552795
409.4	0.006266922
409.6	0.020968748
409.8	0.015996731
410	0.010632593
410.2	0.010571763
410.4	0.014816053
410.6	0.027442055
410.8	0.063245544
411	0.146902485
411.2	0.205246036
411.4	0.187176797
411.6	0.179769601
411.8	0.204203345
412	0.263089686
412.2	0.349320875
412.4	0.428330713
412.6	0.466321448
412.8	0.474420364
413	0.475762155
413.2	0.474045564
413.4	0.461406374
413.6	0.43603346
413.8	0.407623282
414	0.388168077
414.2	0.384585908
414.4	0.398440098
414.6	0.426400192
414.8	0.458529871
415	0.478835024
415.2	0.475163221
415.4	0.450779708
415.6	0.42035631
415.8	0.40245995
416	0.401588711
416.2	0.438265456
416.4	0.634112208
416.6	0.854992261
416.8	0.852452725
417	0.902058836
417.2	0.937682412
417.4	0.93086056
417.6	0.921465337
417.8	0.927052822
418	0.937591395
418.2	0.940435443
418.4	0.936418479
418.6	0.934188737
418.8	0.938223467
419	0.946118896
419.2	0.951882192
419.4	0.950911758
419.6	0.943848633
419.8	0.935902363
420	0.932615875
420.2	0.936441293
420.4	0.945841952
420.6	0.956160794
420.8	0.961898669
421	0.96002324
421.2	0.952126801
421.4	0.943258119
421.6	0.938630062
421.8	0.941046243
422	0.950029567
422.2	0.962160584
422.4	0.972395107
422.6	0.976353965
422.8	0.972629925
423	0.963382165
423.2	0.952772058
423.4	0.94471026
423.6	0.941400705
423.8	0.942978914
424	0.947918294
424.2	0.953898362
424.4	0.958836034
424.6	0.961654468
424.8	0.962447879
425	0.962076933
425.2	0.96152609
425.4	0.961355533
425.6	0.961457955
425.8	0.961216222
426	0.959983305
426.2	0.957580645
426.4	0.954464954
426.6	0.951484159
426.8	0.949467218
427	0.94892422
427.2	0.949925371
427.4	0.95208352
427.6	0.954609957
427.8	0.956511976
428	0.956965514
428.2	0.955711601
428.4	0.953205553
428.6	0.950393646
428.8	0.948280389
429	0.94756644
429.2	0.948500761
429.4	0.950900609
429.6	0.954231129
429.8	0.957704674
430	0.960444575
430.2	0.961747024
430.4	0.961360174
430.6	0.959607889
430.8	0.957252427
431	0.955175639
431.2	0.954073832
431.4	0.954305514
431.6	0.955889015
431.8	0.958556663
432	0.961790972
432.2	0.964857486
432.4	0.966918411
432.6	0.967279959
432.8	0.965696459
433	0.962544315
433.2	0.958725587
433.4	0.955345235
433.6	0.953348917
433.8	0.95328693
434	0.955244284
434.2	0.958878093
434.4	0.963493073
434.6	0.968139941
434.8	0.971774868
435	0.973508193
435.2	0.972886064
435.4	0.970064704
435.6	0.965760278
435.8	0.960993891
436	0.956774177
436.2	0.953859559
436.4	0.952648299
436.6	0.953161019
436.8	0.955066246
437	0.957738037
437.2	0.960373765
437.4	0.96219298
437.6	0.962677176
437.8	0.961745121
438	0.959763325
438.2	0.957382463
438.4	0.955291918
438.6	0.95401002
438.8	0.953774225
439	0.954527788
439.2	0.955969062
439.4	0.957638373
439.6	0.959035116
439.8	0.959755656
440	0.959618
440.2	0.958719941
440.4	0.957394628
440.6	0.956078966
440.8	0.955156069
441	0.954838291
441.2	0.955125201
441.4	0.955831687
441.6	0.956660336
441.8	0.957292715
442	0.957483213
442.2	0.957141546
442.4	0.956382975
442.6	0.955520994
442.8	0.954990219
443	0.955215502
443.2	0.956468537
443.4	0.958759388
443.6	0.961797757
443.8	0.965038438
444	0.967805113
444.2	0.969467084
444.4	0.969624602
444.6	0.96824688
444.8	0.965714244
445	0.962746342
445.2	0.96023916
445.4	0.959061479
445.6	0.959862604
445.8	0.962924899
446	0.968075785
446.2	0.974668359
446.4	0.981646664
446.6	0.987715824
446.8	0.991617352
447	0.992457382
447.2	0.989976963
447.4	0.98464527
447.6	0.977529799
447.8	0.970007274
448	0.9634404
448.2	0.958923381
448.4	0.957132791
448.6	0.958267841
448.8	0.962049726
449	0.967764415
449.2	0.974356243
449.4	0.980591029
449.6	0.98529171
449.8	0.987605809
450	0.987218292
450.2	0.984419407
450.4	0.979994805
450.6	0.974988227
450.8	0.970433574
451	0.967138711
451.2	0.965556428
451.4	0.965739367
451.6	0.96736296
451.8	0.969805654
452	0.972281775
452.2	0.97401605
452.4	0.97442885
452.6	0.973281408
452.8	0.970731289
453	0.967278977
453.2	0.963630072
453.4	0.960525288
453.6	0.958588058
453.8	0.958216954
454	0.959527559
454.2	0.96233818
454.4	0.966195508
454.6	0.970441922
454.8	0.974326199
455	0.977148228
455.2	0.978408776
455.4	0.97792026
455.6	0.975839281
455.8	0.972609463
456	0.968838486
456.2	0.96515388
456.4	0.962079052
456.6	0.959952594
456.8	0.958895171
457	0.958817911
457.2	0.959463766
457.4	0.960473678
457.6	0.961468092
457.8	0.96213026
458	0.96227384
458.2	0.961878011
458.4	0.961081071
458.6	0.960135855
458.8	0.959341281
459	0.958968977
459.2	0.959201713
459.4	0.960094457
459.6	0.961563095
459.8	0.963401623
460	0.965325197
460.2	0.967032196
460.4	0.968273215
460.6	0.968910672
460.8	0.968952813
461	0.968552163
461.2	0.967969015
461.4	0.967510524
461.6	0.967461036
461.8	0.968018452
462	0.969247407
462.2	0.971055934
462.4	0.973199877
462.6	0.975317469
462.8	0.976992911
463	0.977840843
463.2	0.977594503
463.4	0.976174178
463.6	0.973714877
463.8	0.970544402
464	0.967119681
464.2	0.963941371
464.4	0.961468816
464.6	0.960050819
464.8	0.959878674
465	0.960961563
465.2	0.963123007
465.4	0.966018996
465.6	0.969180481
465.8	0.972081521
466	0.974227801
466.2	0.975250097
466.4	0.974979087
466.6	0.973478673
466.8	0.971026969
467	0.968051934
467.2	0.96504253
467.4	0.962459584
467.6	0.960664007
467.8	0.959870051
468	0.960123786
468.2	0.961304187
468.4	0.963144986
468.6	0.965276645
468.8	0.967286699
469	0.968792241
469.2	0.969511911
469.4	0.969320494
469.6	0.968271012
469.8	0.966578053
470	0.964568035
470.2	0.962611221
470.4	0.961052453
470.6	0.960153615
470.8	0.960054551
471	0.960754261
471.2	0.962112299
471.4	0.963870348
471.6	0.965693782
471.8	0.967230643
472	0.968180314
472.2	0.968358318
472.4	0.967740821
472.6	0.966475934
472.8	0.964858419
473	0.963275579
473.2	0.962139268
473.4	0.961819267
473.6	0.962588266
473.8	0.96458239
474	0.967777134
474.2	0.971978123
474.4	0.976828349
474.6	0.98183628
474.8	0.98642951
475	0.990034015
475.2	0.992169372
475.4	0.992539307
475.6	0.991091636
475.8	0.988027737
476	0.983758276
476.2	0.978820369
476.4	0.973781684
476.6	0.969155294
476.8	0.965339185
477	0.962583308
477.2	0.960980064
477.4	0.960472213
477.6	0.960873797
477.8	0.961902088
478	0.963219726
478.2	0.964485037
478.4	0.965405272
478.6	0.965783847
478.8	0.965551275
479	0.964771851
479.2	0.963624334
479.4	0.962361898
479.6	0.961261519
479.8	0.960573772
480	0.960481421
480.2	0.961071332
480.4	0.962321134
480.6	0.96410056
480.8	0.966187175
481	0.968295947
481.2	0.970120941
481.4	0.971384634
481.6	0.971886888
481.8	0.971543259
482	0.970403075
482.2	0.968642291
482.4	0.966532918
482.6	0.964396926
482.8	0.962555241
483	0.961281385
483.2	0.960765821
483.4	0.961093399
483.6	0.962233952
483.8	0.964045444
484	0.966289513
484.2	0.968659569
484.4	0.970820756
484.6	0.972458552
484.8	0.973329105
485	0.973301438
485.2	0.972381399
485.4	0.970710897
485.6	0.968542513
485.8	0.966196097
486	0.964007742
486.2	0.962281284
486.4	0.961249313
486.6	0.961046788
486.8	0.961697406
487	0.963111855
487.2	0.965097386
487.4	0.967378927
487.6	0.969632016
487.8	0.971526309
488	0.972775229
488.2	0.973183656
488.4	0.972683366
488.6	0.971347121
488.8	0.9693773
489	0.967071883
489.2	0.964776301
489.4	0.962831912
489.6	0.961530219
489.8	0.96107817
490	0.961576083
490.2	0.963007446
490.4	0.96523939
490.6	0.968033526
490.8	0.971067929
491	0.97397127
491.2	0.976368497
491.4	0.977933966
491.6	0.978443615
491.8	0.977814952
492	0.976124411
492.2	0.973596881
492.4	0.970569825
492.6	0.967441141
492.8	0.964612693
493	0.962439899
493.2	0.961193451
493.4	0.961034754
493.6	0.962003773
493.8	0.964017102
494	0.966874955
494.2	0.97027729
494.4	0.973850396
494.6	0.977185027
494.8	0.979884881
495	0.981620262
495.2	0.982177686
495.4	0.981494165
495.6	0.979667009
495.8	0.976935991
496	0.97364235
496.2	0.97017486
496.4	0.966914833
496.6	0.964189537
496.8	0.962239123
497	0.961197948
497.2	0.961088684
497.4	0.961826877
497.6	0.963234235
497.8	0.965059813
498	0.967008751
498.2	0.968777609
498.4	0.970093653
498.6	0.970753191
498.8	0.970652364
499	0.96980386
499.2	0.968335436
499.4	0.966470258
499.6	0.964493376
499.8	0.962711285
500	0.961411853
500.2	0.960830136
500.4	0.961123005
500.6	0.962353298
500.8	0.964482971
501	0.967374591
501.2	0.970801079
501.4	0.97446422
501.6	0.978022462
501.8	0.981127392
502	0.983465991
502.2	0.984802941
502.4	0.985015134
502.6	0.984110622
502.8	0.982227074
503	0.979609741
503.2	0.976573991
503.4	0.973460594
503.6	0.970592226
503.8	0.968237572
504	0.96658631
504.2	0.965735535
504.4	0.965686562
504.6	0.966350518
504.8	0.967561417
505	0.96909579
505.2	0.970698057
505.4	0.972110267
505.6	0.973103667
505.8	0.973508262
506	0.973235653
506.2	0.972290789
506.4	0.970770016
506.6	0.968845566
506.8	0.966739508
507	0.964692121
507.2	0.962930066
507.4	0.961638874
507.6	0.96094263
507.8	0.960892101
508	0.961461378
508.2	0.962552501
508.4	0.964007297
508.6	0.965625555
508.8	0.967188306
509	0.968484362
509.2	0.969337316
509.4	0.96962945
509.6	0.969318652
509.8	0.968445162
510	0.967126536
510.2	0.965541461
510.4	0.963905132
510.6	0.962440306
510.8	0.961348386
511	0.960784295
511.2	0.960837758
511.4	0.961522488
511.6	0.96277392
511.8	0.964455581
512	0.966373757
512.2	0.968299577
512.4	0.969996735
512.6	0.971251965
512.8	0.971904252
513	0.971868171
513.2	0.971147133
513.4	0.969833855
513.6	0.968097756
513.8	0.966161504
514	0.964270795
514.2	0.962662175
514.4	0.961533335
514.6	0.961019217
514.8	0.961176027
515	0.96197421
515.2	0.963300847
515.4	0.96497144
515.6	0.966750651
515.8	0.968380775
516	0.969615605
516.2	0.970255947
516.4	0.970181821
516.6	0.969375958
516.8	0.967933861
517	0.966057813
517.2	0.964035014
517.4	0.96220285
517.6	0.960906129
517.8	0.960451519
518	0.961063486
518.2	0.962844418
518.4	0.96574016
518.6	0.969511717
518.8	0.973714975
519	0.977693563
519.2	0.980594874
519.4	0.981424004
519.6	0.979149773
519.8	0.972864006
520	0.9619657
520.2	0.946304007
520.4	0.926192943
520.6	0.902233396
520.8	0.874947749
521	0.844323122
521.2	0.80944446
521.4	0.768469509
521.6	0.719205977
521.8	0.660331959
522	0.592732542
522.2	0.519924095
522.4	0.446976719
522.6	0.378633045
522.8	0.317949485
523	0.26605993
523.2	0.22269961
523.4	0.186885379
523.6	0.157418581
523.8	0.133156898
524	0.113120769
524.2	0.09651062
524.4	0.082686681
524.6	0.071139005
524.8	0.061459293
525	0.053318241
525.2	0.046448475
525.4	0.040631938
525.6	0.035690474
525.8	0.031478578
526	0.027877604
526.2	0.024790975
526.4	0.022140121
526.6	0.019860983
526.8	0.017901051
527	0.016216911
527.2	0.01477226
527.4	0.013536377
527.6	0.012482985
527.8	0.011589426
528	0.010836076
528.2	0.010205923
528.4	0.009684241
528.6	0.00925832
528.8	0.008917224
529	0.008651557
529.2	0.008453223
529.4	0.008315199
529.6	0.008231296
529.8	0.008195922
530	0.008203852
530.2	0.008250001
530.4	0.008329218
530.6	0.008436109
530.8	0.008564919
531	0.008709482
531.2	0.00886328
531.4	0.009019607
531.6	0.009171871
531.8	0.009313977
532	0.009440781
532.2	0.009548519
532.4	0.009635159
532.6	0.009700584
532.8	0.009746601
533	0.009776754
533.2	0.009796001
533.4	0.009810304
533.6	0.009826219
533.8	0.009850533
534	0.00988999
534.2	0.009951117
534.4	0.010040164
534.6	0.01016313
534.8	0.010325869
535	0.010534274
535.2	0.01079452
535.4	0.011113375
535.6	0.011498583
535.8	0.011959305
536	0.012506641
536.2	0.013154211
536.4	0.013918826
536.6	0.014821263
536.8	0.0158872
537	0.017148375
537.2	0.018644068
537.4	0.020423038
537.6	0.022546045
537.8	0.025089152
538	0.028148029
538.2	0.031843521
538.4	0.036328806
538.6	0.041798411
538.8	0.048499335
539	0.056744218
539.2	0.066925796
539.4	0.079530399
539.6	0.095145475
539.8	0.114451223
540	0.138179087
540.2	0.167011182
540.4	0.201390524
540.6	0.2412275
540.8	0.285543837
541	0.332201964
541.2	0.377968551
541.4	0.419110131
541.6	0.452410208
541.8	0.476115652
542	0.490282921
542.2	0.496413463
542.4	0.496720551
542.6	0.493456083
542.8	0.488513285
543	0.483296161
543.2	0.478752119
543.4	0.475471007
543.6	0.473793361
543.8	0.473904557
544	0.475911091
544.2	0.479903895
544.4	0.486016591
544.6	0.494487207
544.8	0.505731165
545	0.520430418
545.2	0.53963438
545.4	0.564842247
545.6	0.597974708
545.8	0.64102969
546	0.695104904
546.2	0.758647034
546.4	0.825770255
546.6	0.886898801
546.8	0.933060435
547	0.960712862
547.2	0.972454457
547.4	0.973895923
547.6	0.970433157
547.8	0.965848522
548	0.962290461
548.2	0.960723247
548.4	0.961365463
548.6	0.96399458
548.8	0.968137032
549	0.973189576
549.2	0.978507152
549.4	0.983475857
549.6	0.987575794
549.8	0.990429919
550	0.991832168
550.2	0.991750571
550.4	0.990306517
550.6	0.987736868
550.8	0.98434852
551	0.980474543
551.2	0.976438159
551.4	0.97252721
551.6	0.96897877
551.8	0.965971861
552	0.963625751
552.2	0.96200164
552.4	0.961106297
552.6	0.96089694
552.8	0.961287279
553	0.962155026
553.2	0.963351225
553.4	0.964711602
553.6	0.966069666
553.8	0.967270789
554	0.968185906
554.2	0.968723219
554.4	0.968836254
554.6	0.968527128
554.8	0.967844562
555	0.966877111
555.2	0.965742805
555.4	0.964576797
555.6	0.963518634
555.8	0.962700454
556	0.962236917
556.2	0.962217204
556.4	0.962699049
556.6	0.963704613
556.8	0.965218005
557	0.96718442
557.2	0.96951112
557.4	0.972070667
557.6	0.974706914
557.8	0.977244182
558	0.97949966
558.2	0.981298498
558.4	0.982490309
558.6	0.98296511
558.8	0.982666375
559	0.981599008
559.2	0.979830777
559.4	0.977486884
559.6	0.974738586
559.8	0.971787733
560	0.968849552
560.2	0.966135841
560.4	0.963840212
560.6	0.962126235
560.8	0.961118714
561	0.960897818
561.2	0.961495579
561.4	0.962894303
561.6	0.965026683
561.8	0.967777639
562	0.970988288
562.2	0.974462568
562.4	0.977977113
562.6	0.981294643
562.8	0.984180646
563	0.986422305
563.2	0.987847783
563.4	0.988343349
563.6	0.98786568
563.8	0.986447217
564	0.984193579
564.2	0.981273439
564.4	0.977902607
564.6	0.974324809
564.8	0.970791828
565	0.96754519
565.2	0.964800801
565.4	0.962737102
565.6	0.961486634
565.8	0.961130569
566	0.961695619
566.2	0.963152927
566.4	0.965418792
566.6	0.968357444
566.8	0.971786323
567	0.975484471
567.2	0.979204512
567.4	0.982688315
567.6	0.985685761
567.8	0.987975172
568	0.989383176
568.2	0.989801328
568.4	0.989196894
568.6	0.987616052
568.8	0.985178997
569	0.982067875
569.2	0.978509579
569.4	0.974755983
569.6	0.971064152
569.8	0.967678419
570	0.964815483
570.2	0.962652893
570.4	0.961320725
570.6	0.960896021
570.8	0.961399567
571	0.96279476
571.2	0.96498861
571.4	0.967835196
571.6	0.971142136
571.8	0.974680607
572	0.978199225
572.2	0.981441527
572.4	0.984166031
572.6	0.986166954
572.8	0.98729309
573	0.987462115
573.2	0.986668074
573.4	0.984980841
573.6	0.982537748
573.8	0.979528873
574	0.976178349
574.2	0.972724294
574.4	0.969399618
574.6	0.96641527
574.8	0.963946774
575	0.962124312
575.2	0.961026162
575.4	0.960675231
575.6	0.961038492
575.8	0.962029302
576	0.963512803
576.2	0.965314652
576.4	0.967233307
576.6	0.969055665
576.8	0.970575478
577	0.971613215
577.2	0.972035454
577.4	0.971771393
577.6	0.970824124
577.8	0.969274778
578	0.967278648
578.2	0.965053521
578.4	0.962861552
578.6	0.960986584
578.8	0.959709096
579	0.959280447
579.2	0.959897291
579.4	0.961675985
579.6	0.964625795
579.8	0.968618916
580	0.973355314
580.2	0.978321908
580.4	0.982750171
580.6	0.985585555
580.8	0.985496892
581	0.980968823
581.2	0.970520495
581.4	0.953055441
581.6	0.928259729
581.8	0.896867094
582	0.860594879
582.2	0.821687217
582.4	0.78220901
582.6	0.743351466
582.8	0.704971429
583	0.665496916
583.2	0.622311893
583.4	0.57272826
583.6	0.515418812
583.8	0.451629393
584	0.385177765
584.2	0.320983833
584.4	0.263157522
584.6	0.213917824
584.8	0.173648951
585	0.141556563
585.2	0.116341952
585.4	0.096645258
585.6	0.081259419
585.8	0.069197388
586	0.059686734
586.2	0.052136876
586.4	0.04610123
586.6	0.041243332
586.8	0.037309416
587	0.034107313
587.2	0.031490628
587.4	0.029347029
587.6	0.027589597
587.8	0.026150442
588	0.024975963
588.2	0.024023287
588.4	0.023257578
588.6	0.022649962
588.8	0.022175911
589	0.021813963
589.2	0.021544715
589.4	0.021350029
589.6	0.021212447
589.8	0.021114812
590	0.021040112
590.2	0.020971566
590.4	0.020892964
590.6	0.020789238
590.8	0.020647204
591	0.020456383
591.2	0.020209747
591.4	0.019904244
591.6	0.019540985
591.8	0.01912501
592	0.01866467
592.2	0.018170704
592.4	0.017655167
592.6	0.01713037
592.8	0.016607948
593	0.016098162
593.2	0.015609435
593.4	0.015148143
593.6	0.014718599
593.8	0.014323213
594	0.013962784
594.2	0.013636887
594.4	0.013344343
594.6	0.013083731
594.8	0.012853883
595	0.012654318
595.2	0.01248554
595.4	0.012349167
595.6	0.012247899
595.8	0.012185349
596	0.012165828
596.2	0.01219414
596.4	0.012275457
596.6	0.012415288
596.8	0.012619548
597	0.012894733
597.2	0.013248145
597.4	0.013688201
597.6	0.014224779
597.8	0.014869634
598	0.015636879
598.2	0.016543557
598.4	0.017610341
598.6	0.018862374
598.8	0.020330332
599	0.022051728
599.2	0.02407257
599.4	0.026449435
599.6	0.02925208
599.8	0.03256673
600	0.036500182
600.2	0.041184892
600.4	0.046785183
600.6	0.053504595
600.8	0.061594216
601	0.071361403
601.2	0.083177421
601.4	0.097481105
601.6	0.114773224
601.8	0.135592793
602	0.160462506
602.2	0.189787686
602.4	0.223696772
602.6	0.261830188
602.8	0.30312509
603	0.345700798
603.2	0.386982378
603.4	0.424141012
603.6	0.454755712
603.8	0.477417903
604	0.491989567
604.2	0.49943057
604.4	0.501353668
604.6	0.499551656
604.8	0.495660633
605	0.490997033
605.2	0.48652727
605.4	0.482910229
605.6	0.480566594
605.8	0.47974955
606	0.480606956
606.2	0.483234237
606.4	0.487721624
606.6	0.494201153
606.8	0.502899657
607	0.514204104
607.2	0.528744287
607.4	0.547492063
607.6	0.571858275
607.8	0.60372193
608	0.645228424
608.2	0.698052192
608.4	0.761808932
608.6	0.831944243
608.8	0.899032115
609	0.952046677
609.2	0.984398861
609.4	0.997013136
609.6	0.995886507
609.8	0.987811631
610	0.977908525
610.2	0.969218761
610.4	0.963198487
610.6	0.960303089
610.8	0.96040385
611	0.963035642
611.2	0.96753769
611.4	0.973143255
611.6	0.979053885
611.8	0.984514501
612	0.988889548
612.2	0.991729277
612.4	0.992811248
612.6	0.992146319
612.8	0.98994819
613	0.986576331
613.2	0.982468004
613.4	0.978074556
613.6	0.973811857
613.8	0.970028297
614	0.966988655
614.2	0.964869665
614.4	0.963762758
614.6	0.963680459
614.8	0.964564227
615	0.966292972
615.2	0.968692474
615.4	0.97154647
615.6	0.974610255
615.8	0.977627248
616	0.980348198
616.2	0.982551681
616.4	0.984063655
616.6	0.984773301
616.8	0.984642571
617	0.983707771
617.2	0.982072986
617.4	0.97989662
617.6	0.977373454
617.8	0.974715035
618	0.97213097
618.2	0.969812942
618.4	0.967922402
618.6	0.966582071
618.8	0.965870906
619	0.96582192
619.2	0.966422298
619.4	0.967615414
619.6	0.969304571
619.8	0.971358516
620	0.973618878
620.2	0.97590966
620.4	0.978048734
620.6	0.979860978
620.8	0.981192237
621	0.981922909
621.2	0.981979658
621.4	0.981343753
621.6	0.980054808
621.8	0.978209267
622	0.975953732
622.2	0.973473866
622.4	0.970980145
622.6	0.9686919
622.8	0.966820994
623	0.965556128
623.2	0.965048434
623.4	0.965398582
623.6	0.966645444
623.8	0.968756229
624	0.971618083
624.2	0.97503132
624.4	0.97870471
624.6	0.982253621
624.8	0.985202278
625	0.986992111
625.2	0.986999169
625.4	0.98456463
625.6	0.979042886
625.8	0.969870121
626	0.956651142
626.2	0.939253131
626.4	0.917884298
626.6	0.893128977
626.8	0.865915254
627	0.837407989
627.2	0.808841997
627.4	0.781325218
627.6	0.755641529
627.8	0.732070696
628	0.710232069
628.2	0.688966341
628.4	0.666308471
628.6	0.639667352
628.8	0.606357801
629	0.564513325
629.2	0.514076026
629.4	0.457234269
629.6	0.397843334
629.8	0.340095031
630	0.287266548
630.2	0.241164392
630.4	0.202255091
630.6	0.170117584
630.8	0.143895497
631	0.122612192
631.2	0.105343328
631.4	0.09128962
631.6	0.079793159
631.8	0.070327164
632	0.062476075
632.2	0.055914365
632.4	0.050387533
632.6	0.045696358
632.8	0.041684369
633	0.038228103
633.2	0.035229608
633.4	0.032610725
633.6	0.030308713
633.8	0.028272916
634	0.026462201
634.2	0.024842983
634.4	0.023387708
634.6	0.022073656
634.8	0.020882015
635	0.019797143
635.2	0.018805983
635.4	0.0178976
635.6	0.017062802
635.8	0.016293834
636	0.015584135
636.2	0.014928133
636.4	0.014321079
636.6	0.013758913
636.8	0.013238151
637	0.012755795
637.2	0.012309257
637.4	0.011896299
637.6	0.011514982
637.8	0.011163625
638	0.010840775
638.2	0.010545176
638.4	0.010275754
638.6	0.010031593
638.8	0.00981193
639	0.009616139
639.2	0.009443725
639.4	0.009294324
639.6	0.009167696
639.8	0.009063727
640	0.008982433
640.2	0.008923961
640.4	0.008888602
640.6	0.008876795
640.8	0.008889146
641	0.008926437
641.2	0.00898965
641.4	0.009079988
641.6	0.009198903
641.8	0.009348127
642	0.009529712
642.2	0.009746076
642.4	0.010000055
642.6	0.010294965
642.8	0.010634683
643	0.011023737
643.2	0.011467409
643.4	0.011971876
643.6	0.012544355
643.8	0.013193303
644	0.013928638
644.2	0.014762024
644.4	0.01570721
644.6	0.016780445
644.8	0.018000982
645	0.019391705
645.2	0.020979894
645.4	0.022798172
645.6	0.024885673
645.8	0.027289482
646	0.03006642
646.2	0.033285233
646.4	0.037029273
646.6	0.041399771
646.8	0.046519771
647	0.052538767
647.2	0.05963799
647.4	0.068036145
647.6	0.077995031
647.8	0.089823927
648	0.103880666
648.2	0.120565859
648.4	0.140304697
648.6	0.163508307
648.8	0.190505002
649	0.221433041
649.2	0.256095082
649.4	0.293795217
649.6	0.333212697
649.8	0.372398365
650	0.408977263
650.2	0.440569346
650.4	0.465312764
650.6	0.482278215
650.8	0.491595563
651	0.494268701
651.2	0.491807849
651.4	0.485852982
651.6	0.477903251
651.8	0.469180485
652	0.460598477
652.2	0.452793572
652.4	0.4461799
652.6	0.441007079
652.8	0.437409882
653	0.435447023
653.2	0.435129864
653.4	0.436443272
653.6	0.439361167
653.8	0.44385917
654	0.449926551
654.2	0.457579559
654.4	0.466878147
654.6	0.477948361
654.8	0.491012319
655	0.506427125
655.2	0.524731939
655.4	0.54669675
655.6	0.57335338
655.8	0.60596346
656	0.645836444
656.2	0.693869819
656.4	0.749717913
656.6	0.810756127
656.8	0.87156128
657	0.924960139
657.2	0.964770692
657.4	0.988462764
657.6	0.997643491
657.8	0.996396088
658	0.989195369
658.2	0.979660204
658.4	0.970228931
658.6	0.962325118
658.8	0.956649906
659	0.953434907
659.2	0.952616889
659.4	0.953946096
659.6	0.957051119
659.8	0.961480331
660	0.966734042
660.2	0.972295878
660.4	0.977666917
660.6	0.98240167
660.8	0.986142102
661	0.988644148
661.2	0.989791636
661.4	0.989594942
661.6	0.988175184
661.8	0.985737832
662	0.982541377
662.2	0.978866626
662.4	0.974990785
662.6	0.971168294
662.8	0.967618758
663	0.964520957
663.2	0.962011253
663.4	0.960184725
663.6	0.959097596
663.8	0.958769992
664	0.959188505
664.2	0.960308413
664.4	0.962055748
664.6	0.964329525
664.8	0.967004601
665	0.969935685
665.2	0.97296287
665.4	0.975918879
665.6	0.978637889
665.8	0.980965443
666	0.982768612
666.2	0.983945307
666.4	0.984431605
666.6	0.984206111
666.8	0.983290736
667	0.981747824
667.2	0.979674105
667.4	0.977192376
667.6	0.974442005
667.8	0.971569383
668	0.968719229
668.2	0.966027356
668.4	0.963615189
668.6	0.96158601
668.8	0.960022738
669	0.958986908
669.2	0.95851851
669.4	0.958636345
669.6	0.959338665
669.8	0.960603918
670	0.962391542
670.2	0.964642828
670.4	0.967281971
670.6	0.970217448
670.8	0.973343936
671	0.976544978
671.2	0.97969654
671.4	0.982671536
671.6	0.985345251
671.8	0.987601418
672	0.989338577
672.2	0.990476147
672.4	0.990959639
672.6	0.990764409
672.8	0.989897506
673	0.988397359
673.2	0.986331352
673.4	0.983791558
673.6	0.980889118
673.8	0.97774787
674	0.974497815
674.2	0.97126896
674.4	0.968185891
674.6	0.965363337
674.8	0.962902754
675	0.960889884
675.2	0.959393149
675.4	0.958462704
675.6	0.958129967
675.8	0.958407474
676	0.959288947
676.2	0.960749511
676.4	0.962746056
676.6	0.96521781
676.8	0.968087225
677	0.971261301
677.2	0.974633508
677.4	0.978086438
677.6	0.981495299
677.8	0.984732268
678	0.987671614
678.2	0.990195405
678.4	0.992199414
678.6	0.993598774
678.8	0.994332901
679	0.994369202
679.2	0.993705148
679.4	0.9923685
679.6	0.99041564
679.8	0.98792822
680	0.985008464
680.2	0.981773629
680.4	0.978350131
680.6	0.974867712
680.8	0.97145409
681	0.968230324
681.2	0.965307003
681.4	0.96278126
681.6	0.960734541
681.8	0.95923099
682	0.958316332
682.2	0.958017104
682.4	0.958340178
682.6	0.959272498
682.8	0.960781008
683	0.962812835
683.2	0.96529583
683.4	0.968139602
683.6	0.971237202
683.8	0.974467628
684	0.977699275
684.2	0.980794388
684.4	0.983614487
684.6	0.986026655
684.8	0.98791031
685	0.989164035
685.2	0.98971192
685.4	0.989508855
685.6	0.988544255
685.8	0.986843825
686	0.984469187
686.2	0.981515407
686.4	0.978106648
686.6	0.974390409
686.8	0.970530808
687	0.966701409
687.2	0.963078015
687.4	0.959831751
687.6	0.957122598
687.8	0.955093449
688	0.953864618
688.2	0.953528676
688.4	0.954145434
688.6	0.955736915
688.8	0.958282147
689	0.961711691
689.2	0.965901838
689.4	0.970668525
689.6	0.975761097
689.8	0.980856268
690	0.985552928
690.2	0.9893691
690.4	0.991743343
690.6	0.992044323
690.8	0.989593876
691	0.983709649
691.2	0.973771945
691.4	0.959313919
691.6	0.940124281
691.8	0.916339557
692	0.888495098
692.2	0.857507716
692.4	0.824580892
692.6	0.791048913
692.8	0.758195897
693	0.727088231
693.2	0.698444849
693.4	0.672549099
693.6	0.649191339
693.8	0.627631111
694	0.606584916
694.2	0.584277963
694.4	0.558632846
694.6	0.527669821
694.8	0.490109099
695	0.445980153
695.2	0.396881591
695.4	0.345627051
695.6	0.295397615
695.8	0.24886248
696	0.207684033
696.2	0.172491442
696.4	0.143142102
696.6	0.119050255
696.8	0.09945179
697	0.083571179
697.2	0.070706493
697.4	0.060261064
697.6	0.051745932
697.8	0.044768916
698	0.03901924
698.2	0.034252111
698.4	0.030275114
698.6	0.02693685
698.8	0.024117876
699	0.021723609
699.2	0.01967881
699.4	0.017923325
699.6	0.016408807
699.8	0.015096182
700	0.013953703
700.2	0.012955432
700.4	0.012080063
700.6	0.011310009
700.8	0.010630683
701	0.010029927
701.2	0.009497564
701.4	0.00902504
701.6	0.008605134
701.8	0.008231736
702	0.007899652
702.2	0.007604457
702.4	0.007342377
702.6	0.007110179
702.8	0.006905101
703	0.006724775
703.2	0.006567177
703.4	0.006430578
703.6	0.006313507
703.8	0.006214722
704	0.006133178
704.2	0.006068011
704.4	0.006018519
704.6	0.005984147
704.8	0.005964475
705	0.005959212
705.2	0.005968185
705.4	0.005991339
705.6	0.006028732
705.8	0.006080533
706	0.006147027
706.2	0.006228615
706.4	0.006325817
706.6	0.006439282
706.8	0.006569795
707	0.006718285
707.2	0.006885837
707.4	0.007073709
707.6	0.007283351
707.8	0.007516421
708	0.007774812
708.2	0.008060679
708.4	0.008376476
708.6	0.008724989
708.8	0.009109386
709	0.009533266
709.2	0.010000727
709.4	0.010516431
709.6	0.011085696
709.8	0.011714592
710	0.012410056
710.2	0.013180037
710.4	0.014033649
710.6	0.014981367
710.8	0.016035256
711	0.017209236
711.2	0.018519404
711.4	0.019984406
711.6	0.021625895
711.8	0.023469051
712	0.025543222
712.2	0.027882669
712.4	0.03052747
712.6	0.033524549
712.8	0.036928899
713	0.040804987
713.2	0.045228373
713.4	0.05028752
713.6	0.056085774
713.8	0.062743419
714	0.070399664
714.2	0.07921426
714.4	0.089368261
714.6	0.101063351
714.8	0.114518599
715	0.129963165
715.2	0.147623076
715.4	0.16769983
715.6	0.190338718
715.8	0.215585746
716	0.243334618
716.2	0.273269839
716.4	0.304818421
716.6	0.337128799
716.8	0.369098289
717	0.399463598
717.2	0.426950676
717.4	0.450455337
717.6	0.46920693
717.8	0.482867474
718	0.491540926
718.2	0.495700026
718.4	0.496063547
718.6	0.493463828
718.8	0.488735198
719	0.482637747
719.2	0.475816857
719.4	0.468790928
719.6	0.461957423
719.8	0.455608596
720	0.449950677
720.2	0.4451228
720.4	0.441213779
720.6	0.438276084
720.8	0.436337057
721	0.435407745
721.2	0.435489861
721.4	0.436581382
721.6	0.438681296
721.8	0.441793942
722	0.445933352
722.2	0.451128008
722.4	0.457426382
722.6	0.464903571
722.8	0.473669356
723	0.48387784
723.2	0.495738577
723.4	0.509528469
723.6	0.525602638
723.8	0.544400489
724	0.566439965
724.2	0.592288367
724.4	0.622492826
724.6	0.657451532
724.8	0.697213565
725	0.74122447
725.2	0.788092299
725.4	0.83551598
725.6	0.880530313
725.8	0.920102653
726	0.951886562
726.2	0.974779652
726.4	0.989026936
726.6	0.995893607
726.8	0.99714884
727	0.994606996
727.2	0.989844419
727.4	0.984087585
727.6	0.978213835
727.8	0.97280525
728	0.968216289
728.2	0.964635551
728.4	0.962134883
728.6	0.960705552
728.8	0.960283868
729	0.960769029
729.2	0.962035715
729.4	0.963943338
729.6	0.966343317
729.8	0.969085246
730	0.972022434
730.2	0.975016977
730.4	0.977944336
730.6	0.980697229
730.8	0.983188633
731	0.985353662
731.2	0.987150225
731.4	0.98855841
731.6	0.989578737
731.8	0.990229458
732	0.9905432
732.2	0.990563263
732.4	0.990339863
732.6	0.989926583
732.8	0.989377209
733	0.988743083
733.2	0.988071015
733.4	0.987401748
733.6	0.986768945
733.8	0.986198628
734	0.985708996
734.2	0.985310554
734.4	0.985006494
734.6	0.984793264
734.8	0.984661295
735	0.984595846
735.2	0.984577946
735.4	0.984585411
735.6	0.984593917
735.8	0.98457811
736	0.984512718
736.2	0.984373647
736.4	0.984139016
736.6	0.983790102
736.8	0.983312151
737	0.982695021
737.2	0.981933635
737.4	0.981028214
737.6	0.97998429
737.8	0.978812505
738	0.977528199
738.2	0.97615084
738.4	0.97470329
738.6	0.973211009
738.8	0.971701192
739	0.970201893
739.2	0.968741178
739.4	0.967346329
739.6	0.966043127
739.8	0.964855228
740	0.963803643
740.2	0.962906315
740.4	0.962177809
740.6	0.96162907
740.8	0.961267284
741	0.961095812
741.2	0.961114196
741.4	0.961318216
741.6	0.961700015
741.8	0.962248258
742	0.962948348
742.2	0.963782686
742.4	0.964730987
742.6	0.965770626
742.8	0.966877042
743	0.968024179
743.2	0.969184989
743.4	0.970331974
743.6	0.971437767
743.8	0.972475741
744	0.973420638
744.2	0.974249192
744.4	0.974940724
744.6	0.975477727
744.8	0.975846364
745	0.976036882
745.2	0.976043914
745.4	0.975866656
745.6	0.975508923
745.8	0.974979057
746	0.974289709
746.2	0.973457499
746.4	0.972502546
746.6	0.971447947
746.8	0.970319184
747	0.969143496
747.2	0.967949226
747.4	0.966765179
747.6	0.96562
747.8	0.964541595
748	0.963556592
748.2	0.962689873
748.4	0.961964164
748.6	0.961399662
748.8	0.961013736
749	0.960820692
749.2	0.960831595
749.4	0.961054137
749.6	0.961492556
749.8	0.962147596
750	0.963016511
750.2	0.9640931
750.4	0.965367803
750.6	0.966827807
750.8	0.96845719
751	0.970237108
751.2	0.97214602
751.4	0.974159963
751.6	0.976252863
751.8	0.978396908
752	0.980562954
752.2	0.982720981
752.4	0.984840573
752.6	0.986891474
752.8	0.988844157
753	0.9906704
753.2	0.992343856
753.4	0.993840604
753.6	0.99513966
753.8	0.996223435
754	0.997078116
754.2	0.997693968
754.4	0.998065528
754.6	0.998191682
754.8	0.998075652
755	0.997724864
755.2	0.997150732
755.4	0.996368336
755.6	0.995396031
755.8	0.994254996
756	0.992968732
756.2	0.991562538
756.4	0.990062985
756.6	0.988497377
756.8	0.986893226
757	0.985277769
757.2	0.983677509
757.4	0.982117812
757.6	0.980622539
757.8	0.979213736
758	0.977911368
758.2	0.976733092
758.4	0.97569408
758.6	0.974806893
758.8	0.974081393
759	0.973524677
759.2	0.973141049
759.4	0.972932023
759.6	0.972896346
759.8	0.973030065
760	0.973326604
760.2	0.97377688
760.4	0.974369438
760.6	0.975090623
760.8	0.975924784
761	0.976854506
761.2	0.977860877
761.4	0.978923779
761.6	0.980022204
761.8	0.981134602
762	0.982239237
762.2	0.98331456
762.4	0.984339591
762.6	0.985294285
762.8	0.986159892
763	0.986919289
763.2	0.987557292
763.4	0.988060916
763.6	0.988419601
763.8	0.988625373
764	0.98867295
764.2	0.988559796
764.4	0.988286101
764.6	0.987854717
764.8	0.987271027
765	0.98654277
765.2	0.98567982
765.4	0.984693935
765.6	0.983598474
765.8	0.982408105
766	0.9811385
766.2	0.979806028
766.4	0.978427446
766.6	0.977019623
766.8	0.975599276
767	0.974182722
767.2	0.972785653
767.4	0.971422937
767.6	0.970108442
767.8	0.968854883
768	0.967673696
768.2	0.966574934
768.4	0.965567192
768.6	0.964657529
768.8	0.963851432
769	0.963152787
769.2	0.962563875
769.4	0.962085391
769.6	0.96171647
769.8	0.961454742
770	0.961296394
770.2	0.961236258
770.4	0.96126791
770.6	0.961383787
770.8	0.96157532
771	0.961833078
771.2	0.962146923
771.4	0.962506181
771.6	0.96289982
771.8	0.96331663
772	0.963745416
772.2	0.964175184
772.4	0.96459532
772.6	0.964995782
772.8	0.965367265
773	0.965701359
773.2	0.965990692
773.4	0.966229046
773.6	0.966411455
773.8	0.966534274
774	0.966595226
774.2	0.966593422
774.4	0.966529351
774.6	0.966404843
774.8	0.966223018
775	0.965988203
775.2	0.965705843
775.4	0.965382384
775.6	0.965025151
775.8	0.964642213
776	0.964242243
776.2	0.963834368
776.4	0.963428028
776.6	0.963032822
776.8	0.962658359
777	0.962314109
777.2	0.962009272
777.4	0.961752638
777.6	0.961552466
777.8	0.961416365
778	0.961351185
778.2	0.961362924
778.4	0.961456633
778.6	0.961636348
778.8	0.961905021
779	0.962264465
779.2	0.962715311
779.4	0.963256978
779.6	0.963887654
779.8	0.964604296
780	0.96540264
780.2	0.966277229
780.4	0.967221455
780.6	0.96822762
780.8	0.969287017
781	0.970390033
781.2	0.971526258
781.4	0.972684618
781.6	0.973853521
781.8	0.975021014
782	0.976174955
782.2	0.977303189
782.4	0.978393731
782.6	0.979434951
782.8	0.980415757
783	0.981325766
783.2	0.982155475
783.4	0.982896405
783.6	0.983541239
783.8	0.984083929
784	0.984519786
784.2	0.984845541
784.4	0.985059379
784.6	0.985160951
784.8	0.985151348
785	0.98503306
785.2	0.984809912
785.4	0.984486968
785.6	0.984070429
785.8	0.98356751
786	0.982986302
786.2	0.982335631
786.4	0.981624914
786.6	0.980863999
786.8	0.98006302
787	0.97923225
787.2	0.978381954
787.4	0.977522252
787.6	0.976662997
787.8	0.97581365
788	0.974983177
788.2	0.974179942
788.4	0.973411629
788.6	0.97268516
788.8	0.972006634
789	0.971381276
789.2	0.970813394
789.4	0.970306346
789.6	0.969862523
789.8	0.969483342
790	0.969169244
790.2	0.968919711
790.4	0.968733292
790.6	0.968607632
790.8	0.968539525
791	0.968524963
791.2	0.968559211
791.4	0.968636879
791.6	0.968752009
791.8	0.96889817
792	0.969068558
792.2	0.969256102
792.4	0.969453579
792.6	0.969653723
792.8	0.969849342
793	0.970033426
793.2	0.970199266
793.4	0.970340554
793.6	0.970451485
793.8	0.970526851
794	0.970562123
794.2	0.970553522
794.4	0.970498082
794.6	0.970393696
794.8	0.97023915
795	0.970034142
795.2	0.969779288
795.4	0.969476112
795.6	0.969127022
795.8	0.968735273
796	0.968304919
796.2	0.967840747
796.4	0.967348208
796.6	0.96683333
796.8	0.966302626
797	0.965762987
797.2	0.965221577
797.4	0.964685718
797.6	0.96416277
797.8	0.963660012
798	0.963184522
798.2	0.962743052
798.4	0.962341911
798.6	0.961986853
798.8	0.961682976
799	0.96143462
799.2	0.961245279
799.4	0.961117519
799.6	0.961052912
799.8	0.961051984
800	0.961114175
800.2	0.961237822
800.4	0.961420145
800.6	0.961657269
800.8	0.96194425
801	0.962275134
801.2	0.962643021
801.4	0.963040152
801.6	0.963458009
801.8	0.963887423
802	0.964318689
802.2	0.964741695
802.4	0.965146036
802.6	0.965521138
802.8	0.965856358
803	0.966141084
803.2	0.966364818
803.4	0.966517234
803.6	0.966588231
803.8	0.966567953
804	0.966446801
804.2	0.966215427
804.4	0.965864715
804.6	0.96538576
804.8	0.964769845
805	0.964008435
805.2	0.963093178
805.4	0.962015938
805.6	0.960768851
805.8	0.959344426
806	0.957735678
806.2	0.955936307
806.4	0.953940928
806.6	0.951745316
806.8	0.949346675
807	0.946743924
807.2	0.943937988
807.4	0.94093207
807.6	0.937731897
807.8	0.934345908
808	0.930785379
808.2	0.927064467
808.4	0.923200136
808.6	0.919212019
808.8	0.915122162
809	0.910954645
809.2	0.906735107
809.4	0.902490158
809.6	0.898246712
809.8	0.894031232
810	0.889868922
810.2	0.885782868
810.4	0.881793153
810.6	0.877915978
810.8	0.874162785
811	0.870539426
811.2	0.867045391
811.4	0.863673119
811.6	0.86040743
811.8	0.857225108
812	0.854094671
812.2	0.850976368
812.4	0.847822452
812.6	0.844577754
812.8	0.841180613
813	0.837564174
813.2	0.833658084
813.4	0.829390547
813.6	0.82469073
813.8	0.819491417
814	0.813731821
814.2	0.807360404
814.4	0.800337536
814.6	0.792637844
814.8	0.784252044
815	0.775188129
815.2	0.765471791
815.4	0.755146026
815.6	0.744269943
815.8	0.732916842
816	0.721171711
816.2	0.709128318
816.4	0.696886123
816.6	0.684547093
816.8	0.672212704
817	0.659981276
817.2	0.647945727
817.4	0.63619181
817.6	0.62479684
817.8	0.613828907
818	0.603346513
818.2	0.593398552
818.4	0.584024546
818.6	0.575255252
818.8	0.567113337
819	0.55961413
819.2	0.552766391
819.4	0.546573083
819.6	0.541032096
819.8	0.53613692
820	0.531877236
820.2	0.528239448
820.4	0.525207134
820.6	0.522761355
820.8	0.520880948
821	0.519542752
821.2	0.518721801
821.4	0.518391467
821.6	0.518523575
821.8	0.519088502
822	0.520055272
822.2	0.521391659
822.4	0.52306432
822.6	0.525038932
822.8	0.527280365
823	0.529752896
823.2	0.532420468
823.4	0.535247001
823.6	0.538196746
823.8	0.541234693
824	0.544327003
824.2	0.547441479
824.4	0.55054803
824.6	0.553619166
824.8	0.55663045
825	0.559560926
825.2	0.562393475
825.4	0.565115105
825.6	0.567717143
825.8	0.570195334
826	0.572549819
826.2	0.574785008
826.4	0.576909332
826.6	0.578934896
826.8	0.580877041
827	0.582753808
827.2	0.584585337
827.4	0.586393209
827.6	0.588199758
827.8	0.590027354
828	0.591897683
828.2	0.59383105
828.4	0.595845708
828.6	0.597957206
828.8	0.600177789
829	0.602515871
829.2	0.604975587
829.4	0.607556436
829.6	0.610253036
829.8	0.613055011
830	0.615947019
830.2	0.618908938
830.4	0.621916208
830.6	0.624940419
830.8	0.627950083
831	0.630911562
831.2	0.633790164
831.4	0.63655135
831.6	0.639162024
831.8	0.641591823
832	0.643814354
832.2	0.645808312
832.4	0.6475584
832.6	0.649055956
832.8	0.650299303
833	0.651293799
833.2	0.652051575
833.4	0.652590989
833.6	0.652935829
833.8	0.653114334
834	0.653158088
834.2	0.653100857
834.4	0.652977437
834.6	0.652822561
834.8	0.652669904
835	0.652551223
835.2	0.65249566
835.4	0.652529203
835.6	0.652674308
835.8	0.652949678
836	0.65337018
836.2	0.653946874
836.4	0.654687173
836.6	0.655595059
836.8	0.656671369
837	0.657914133
837.2	0.659318949
837.4	0.660879379
837.6	0.662587362
837.8	0.664433632
838	0.666408127
838.2	0.668500392
838.4	0.670699929
838.6	0.672996585
838.8	0.675380893
839	0.677844368
839.2	0.680379767
839.4	0.6829813
839.6	0.685644793
839.8	0.688367796
840	0.691149641
840.2	0.693991448
840.4	0.696896111
840.6	0.699868154
840.8	0.702913566
841	0.706039597
841.2	0.709254505
841.4	0.712567278
841.6	0.715987312
841.8	0.719524069
842	0.723186717
842.2	0.726983739
842.4	0.730922505
842.6	0.735008934
842.8	0.739247136
843	0.743639068
843.2	0.748184215
843.4	0.752879313
843.6	0.757718124
843.8	0.762691263
844	0.767786109
844.2	0.772986805
844.4	0.778274396
844.6	0.783626946
844.8	0.789019783
845	0.794425868
845.2	0.799816259
845.4	0.805160661
845.6	0.810428053
845.8	0.815587365
846	0.820608186
846.2	0.825461459
846.4	0.830120116
846.6	0.83455977
846.8	0.838759273
847	0.84270115
847.2	0.846371899
847.4	0.84976215
847.6	0.852866686
847.8	0.855684321
848	0.85821766
848.2	0.860472768
848.4	0.86245876
848.6	0.864187306
848.8	0.865672137
849	0.866928563
849.2	0.867973031
849.4	0.868822719
849.6	0.869495199
849.8	0.870008168
850	0.870379246
