Wavelength	Excitation
300	19.22462
301	19.18035
302	18.71635
303	17.28105
304	17.30864
305	16.52941
306	16.358
307	16.00607
308	14.80744
309	15.42564
310	14.97443
311	14.31978
312	14.44015
313	13.20476
314	13.87409
315	11.54138
316	11.42539
317	11.23494
318	10.78237
319	9.528053
320	9.803718
321	9.741466
322	9.032614
323	8.963997
324	8.696969
325	8.037335
326	7.569909
327	8.00328
328	7.661898
329	7.586916
330	7.015724
331	6.672498
332	6.729378
333	6.397058
334	6.314737
335	6.096887
336	6.500033
337	6.005242
338	5.959085
339	5.791668
340	5.715551
341	5.79852
342	6.235357
343	6.188693
344	6.324508
345	6.473823
346	6.309021
347	6.764446
348	6.474168
349	6.993001
350	7.271076
351	7.71292
352	7.974353
353	8.014064
354	8.526126
355	8.871136
356	9.189185
357	9.333352
358	9.759264
359	10.61706
360	10.61102
361	10.74777
362	11.17139
363	11.2616
364	11.42143
365	11.9682
366	12.091
367	11.79272
368	12.58662
369	12.45308
370	12.29657
371	12.74433
372	12.53562
373	11.6853
374	12.28074
375	12.72773
376	12.03842
377	11.90763
378	11.47845
379	11.97908
380	11.56513
381	11.35239
382	10.89103
383	10.55986
384	10.7247
385	10.33352
386	9.646578
387	9.167881
388	8.52122
389	8.111384
390	7.702339
391	7.301016
392	6.775899
393	5.935977
394	5.513674
395	5.366973
396	4.945988
397	4.319396
398	3.925837
399	3.583179
400	3.323306
401	3.27648
402	2.738613
403	2.652847
404	2.325331
405	2.260647
406	2.289452
407	1.996832
408	2.112305
409	1.965515
410	2.122055
411	1.735518
412	2.079952
413	2.04537
414	2.271249
415	2.295249
416	2.267437
417	2.493498
418	2.578737
419	2.849921
420	2.993236
421	3.144922
422	3.317833
423	3.655403
424	3.839666
425	4.049895
426	4.503455
427	5.017322
428	5.154494
429	5.46478
430	6.066683
431	6.407882
432	6.616104
433	7.288509
434	7.591477
435	8.018685
436	8.641488
437	9.380198
438	9.916545
439	10.54873
440	10.71447
441	11.28675
442	12.38722
443	13.11699
444	14.0561
445	14.97915
446	15.7714
447	16.63366
448	17.34535
449	18.60958
450	20.07413
451	20.9252
452	22.37376
453	23.40635
454	24.74606
455	25.91082
456	27.51323
457	29.13004
458	30.72008
459	32.24405
460	33.54706
461	36.12976
462	37.10276
463	38.95451
464	40.97004
465	42.18609
466	44.4094
467	46.21716
468	48.31215
469	49.319
470	50.72742
471	52.84856
472	54.30989
473	56.15839
474	57.24937
475	59.2424
476	60.13695
477	62.6325
478	64.0397
479	66.52714
480	67.80602
481	69.92696
482	71.93216
483	73.54876
484	76.35464
485	78.42775
486	81.47
487	82.96903
488	85.87648
489	88.36391
490	89.80721
491	92.13227
492	94.82404
493	96.29813
494	97.64696
495	98.75841
496	99.27917
497	99.02963
498	100
499	99.21856
500	97.74162
501	96.4299
502	93.45637
503	91.28738
504	87.92262
505	83.33249
506	79.17838
507	73.32679
508	68.36003
509	63.18528
510	58.28845
511	52.40139
512	47.54348
513	42.51367
514	37.29737
515	33.66057
516	29.28876
517	25.20215
518	22.42443
519	19.49479
520	16.81603
521	14.0666
522	12.2957
523	10.70605
524	8.666522
525	7.319604
526	6.199031
527	5.378609
528	4.601363
529	3.665174
530	3.105455
531	2.682686
532	2.125177
533	1.851964
534	1.696987
535	1.340029
536	1.116253
537	0.9397611
538	0.7987368
539	0.610988
540	0.6102887
541	0.5239146
542	0.4692684
543	0.3995771
544	0.300481
545	0.2387522
546	0.2390259
547	0.2539635
548	0.2311385
549	0.1696953
550	0.1848406
551	0
552	0
553	0
554	0
555	0
556	0
557	0
558	0
559	0
560	0
561	0
562	0
563	0
564	0
565	0
566	0
567	0
568	0
569	0
570	0
571	0
572	0
573	0
574	0
575	0
576	0
577	0
578	0
579	0
580	0
581	0
582	0
583	0
584	0
585	0
586	0
587	0
588	0
589	0
590	0
591	0
592	0
593	0
594	0
595	0
596	0
597	0
598	0
599	0
600	0
601	0
602	0
603	0
604	0
605	0
606	0
607	0
608	0
609	0
610	0
611	0
612	0
613	0
614	0
615	0
616	0
617	0
618	0
619	0
620	0
621	0
622	0
623	0
624	0
625	0
626	0
627	0
628	0
629	0
630	0
631	0
632	0
633	0
634	0
635	0
636	0
637	0
638	0
639	0
640	0
641	0
642	0
643	0
644	0
645	0
646	0
647	0
648	0
649	0
650	0
651	0
652	0
653	0
654	0
655	0
656	0
657	0
658	0
659	0
660	0
661	0
662	0
663	0
664	0
665	0
666	0
667	0
668	0
669	0
670	0
671	0
672	0
673	0
674	0
675	0
676	0
677	0
678	0
679	0
680	0
681	0
682	0
683	0
684	0
685	0
686	0
687	0
688	0
689	0
690	0
691	0
692	0
693	0
694	0
695	0
696	0
697	0
698	0
699	0
700	0
701	0
702	0
703	0
704	0
705	0
706	0
707	0
708	0
709	0
710	0
711	0
712	0
713	0
714	0
715	0
716	0
717	0
718	0
719	0
720	0
721	0
722	0
723	0
724	0
725	0
726	0
727	0
728	0
729	0
730	0
731	0
732	0
733	0
734	0
735	0
736	0
737	0
738	0
739	0
740	0
741	0
742	0
743	0
744	0
745	0
746	0
747	0
748	0
749	0
750	0
751	0
752	0
753	0
754	0
755	0
756	0
757	0
758	0
759	0
760	0
761	0
762	0
763	0
764	0
765	0
766	0
767	0
768	0
769	0
770	0
771	0
772	0
773	0
774	0
775	0
776	0
777	0
778	0
779	0
780	0
781	0
782	0
783	0
784	0
785	0
786	0
787	0
788	0
789	0
790	0
791	0
792	0
793	0
794	0
795	0
796	0
797	0
798	0
799	0
800	0
801	0
802	0
803	0
804	0
805	0
806	0
807	0
808	0
809	0
810	0
811	0
812	0
813	0
814	0
815	0
816	0
817	0
818	0
819	0
820	0
821	0
822	0
823	0
824	0
825	0
826	0
827	0
828	0
829	0
830	0
831	0
832	0
833	0
834	0
835	0
836	0
837	0
838	0
839	0
840	0
841	0
842	0
843	0
844	0
845	0
846	0
847	0
848	0
849	0
850	0
851	0
852	0
853	0
854	0
855	0
856	0
857	0
858	0
859	0
860	0
861	0
862	0
863	0
864	0
865	0
866	0
867	0
868	0
869	0
870	0
871	0
872	0
873	0
874	0
875	0
876	0
877	0
878	0
879	0
880	0
881	0
882	0
883	0
884	0
885	0
886	0
887	0
888	0
889	0
890	0
891	0
892	0
893	0
894	0
895	0
896	0
897	0
898	0
899	0
900	0
901	0
902	0
903	0
904	0
905	0
906	0
907	0
908	0
909	0
910	0
911	0
912	0
913	0
914	0
915	0
916	0
917	0
918	0
919	0
920	0
921	0
922	0
923	0
924	0
925	0
926	0
927	0
928	0
929	0
930	0
931	0
932	0
933	0
934	0
935	0
936	0
937	0
938	0
939	0
940	0
941	0
942	0
943	0
944	0
945	0
946	0
947	0
948	0
949	0
950	0
951	0
952	0
953	0
954	0
955	0
956	0
957	0
958	0
959	0
960	0
961	0
962	0
963	0
964	0
965	0
966	0
967	0
968	0
969	0
970	0
971	0
972	0
973	0
974	0
975	0
976	0
977	0
978	0
979	0
980	0
981	0
982	0
983	0
984	0
985	0
986	0
987	0
988	0
989	0
990	0
991	0
992	0
993	0
994	0
995	0
996	0
997	0
998	0
999	0
